3.200000 2.817355274049815e+04
3.300000 7.211022599930897e+01
3.400000 3.843485743197326e+01
3.500000 3.411306898623238e+01
3.600000 3.055609580127839e+01
3.700000 2.367711603163907e+01
3.800000 2.108804088370182e+01
3.900000 1.758899262198943e+01
4.000000 1.455198178245107e+01
4.100000 1.256269878919040e+01
4.200000 1.068506307629344e+01
4.300000 1.041744569357210e+01
4.400000 9.062886561349483e+00
4.500000 8.822603810322091e+00
4.600000 8.914452028539170e+00
4.700000 9.357601750660024e+00
4.800000 9.053412490457250e+00
4.900000 8.649751088334410e+00
5.000000 8.570411366305445e+00
5.100000 8.172403428791725e+00
5.200000 7.410632992016857e+00
5.300000 7.002086573481921e+00
5.400000 6.676471850952344e+00
5.500000 6.034746124068827e+00
5.600000 5.543121118665291e+00
5.700000 4.714758921381985e+00
5.800000 4.313703836656356e+00
5.900000 4.050936782808894e+00
6.000000 3.619622956448900e+00
6.100000 3.451049078442309e+00
6.200000 3.367484082535254e+00
6.300000 3.076270676386925e+00
6.400000 2.921862102167069e+00
6.500000 2.437351682945800e+00
6.600000 2.526739069547338e+00
6.700000 2.211227582468126e+00
6.800000 1.867649760203456e+00
6.900000 1.985537645707301e+00
7.000000 1.837627875024846e+00
7.100000 1.754451750866363e+00
7.200000 1.561407384876333e+00
7.300000 1.805926464245223e+00
7.400000 1.637172467926853e+00
7.500000 1.931415050269498e+00
7.600000 1.785583122117609e+00
7.700000 1.910834982856080e+00
7.800000 1.581516372254588e+00
7.900000 1.521529932873231e+00
8.000000 1.497187731294489e+00
8.100000 1.358187114382382e+00
8.200000 1.198189460645431e+00
8.300000 8.855384973274067e-01
8.400000 8.304288367629198e-01
8.500000 6.686311014620481e-01
8.600000 5.527369315738423e-01
8.700000 4.467931352771407e-01
8.800000 2.200221255673510e-01
8.900000 4.154805113823091e-01
9.000000 2.589787828409446e-01
9.100000 3.967633160468682e-01
9.200000 2.513491697156801e-01
9.300000 2.715072451722312e-01
9.400000 1.909037494915423e-01
9.500000 1.952645768230290e-01
9.600000 1.902710301954367e-01
9.700000 -6.141414281048978e-02
9.800000 1.456391493525888e-01
9.900000 -1.144064729816688e-01
10.000000 -3.764753374199672e-02
10.100000 -2.033268513428736e-01
10.200000 5.802769670495083e-02
10.300000 -6.432598684068916e-03
10.400000 -8.319115477254609e-02
10.500000 -1.980917089068804e-01
10.600000 -4.635637326923626e-02
10.700000 -1.814497830238596e-01
10.800000 -1.985481464669723e-01
10.900000 -8.606130876852235e-02
11.000000 5.043626215879237e-02
11.100000 -1.312917925454042e-01
11.200000 2.143613249342172e-02
11.300000 -1.504526082918602e-01
11.400000 -1.285253586523169e-01
11.500000 2.781986277798800e-02
11.600000 -1.312661472995242e-01
11.700000 -1.453789483429169e-02
11.800000 -2.676410390307392e-01
11.900000 -1.542215640615573e-01
12.000000 -7.278587915293817e-02
12.100000 -9.851569508001630e-02
12.200000 -1.269599971571517e-01
12.300000 -1.238651346761130e-01
12.400000 -8.798469226578083e-02
12.500000 -3.259116748997845e-02
12.600000 -1.005864017315247e-01
12.700000 -1.338843104083480e-01
12.800000 -5.137339769489989e-03
12.900000 -5.434962050180658e-02
13.000000 -1.224827447195051e-01
13.100000 -1.705599149156625e-01
13.200000 -2.797038137434030e-01
13.300000 -8.187867317148588e-02
13.400000 -9.361713053597347e-02
13.500000 -7.279338577667215e-02
13.600000 -7.941011637175703e-02
13.700000 -1.282049748897706e-01
13.800000 -1.457614733349272e-01
13.900000 -7.938571939058663e-02
14.000000 -1.583881616783049e-01
14.100000 3.304274761014673e-02
14.200000 -1.632544809527542e-01
14.300000 5.389495281606158e-02
14.400000 -1.101400107964828e-01
14.500000 -1.554605444288021e-02
14.600000 -1.531782377196474e-01
14.700000 -9.661271468328814e-02
14.800000 -7.521304520067496e-02
14.900000 -3.533070698098222e-02
15.000000 4.469518542698450e-02
15.100000 -4.022065088029198e-02
15.200000 -1.010043726797917e-01
15.300000 -4.802051569104569e-04
15.400000 -8.259247659414402e-02
15.500000 -1.015428428730418e-02
15.600000 -1.239190572625380e-01
15.700000 -4.198771817510190e-02
15.800000 -1.025315197934485e-01
15.900000 -7.242227692370687e-02
16.000000 -8.313544837345657e-02
16.100000 -1.404799160666906e-01
16.200000 1.700795751192642e-02
16.300000 -6.647974526954237e-02
16.400000 -9.945560200260108e-02
16.500000 1.469949616296217e-02
16.600000 -2.252477190296433e-02
16.700000 -2.164783065253992e-02
16.800000 -8.418967680697088e-02
16.900000 1.060848979232586e-02
17.000000 -1.205403978916288e-01
17.100000 -7.754064771546261e-02
17.200000 -1.048439091429820e-01
17.300000 -9.607844634240745e-02
17.400000 -3.830964008187925e-02
17.500000 -6.471029944038818e-02
17.600000 -5.981847203397501e-02
17.700000 2.325406072091375e-02
17.800000 -1.255950077925724e-01
17.900000 -1.217910382388773e-02
18.000000 -8.405607437612841e-02
18.100000 -7.314347903868267e-02
18.200000 -6.543799252100063e-02
18.300000 -5.130236664587674e-02
18.400000 4.732732449220688e-02
18.500000 -9.668224265157854e-02
18.600000 4.547198181523054e-02
18.700000 -4.054303976240813e-03
18.800000 -1.645583193261189e-02
18.900000 -9.771469724405973e-02
19.000000 6.567720753045581e-02
19.100000 -1.815170294997934e-02
19.200000 -1.925424256434826e-02
19.300000 3.841527399853963e-02
19.400000 5.263374995255898e-02
19.500000 -3.417660367482016e-02
19.600000 -3.243406804389428e-02
19.700000 2.571324384581802e-02
19.800000 9.338253553994588e-02
19.900000 -2.615527431630395e-02
20.000000 4.986511084005270e-02
20.100000 -3.662516801821120e-02
20.200000 1.019733161964847e-02
20.300000 -4.597033393968671e-02
20.400000 1.061508326798549e-02
20.500000 -1.387359346830348e-02
20.600000 1.271975943436465e-02
20.700000 -8.991070927153311e-03
20.800000 4.683627864345039e-02
20.900000 1.694679354432671e-02
21.000000 -4.732976648231646e-02
21.100000 -1.777095484587314e-02
21.200000 -2.977152415599021e-02
21.300000 -6.315081008124465e-02
21.400000 5.735395003122403e-02
21.500000 -5.146471378502514e-02
21.600000 4.532337252897737e-03
21.700000 -4.130773829311898e-02
21.800000 5.229951231157127e-02
21.900000 6.208690226910846e-02
22.000000 4.865803925934367e-03
22.100000 1.433981215705021e-02
22.200000 8.093039991276325e-02
22.300000 2.001934064922858e-02
22.400000 -9.116794608414787e-03
22.500000 6.587726195777324e-02
22.600000 -8.524641526971190e-02
22.700000 -6.265041914998959e-02
22.800000 -6.015530390790803e-03
22.900000 -7.005656470105322e-02
23.000000 -1.373282880060630e-02
23.100000 8.057763715487637e-02
23.200000 2.519308637181288e-02
23.300000 2.723343965748447e-02
23.400000 -6.690657165690783e-02
23.500000 -5.467196002506416e-03
23.600000 1.308384502265604e-02
23.700000 4.518099245791352e-02
23.800000 -2.279104881167246e-02
23.900000 -1.162424834623578e-02
24.000000 1.417899711372508e-03
24.100000 -6.458422976055579e-03
24.200000 -2.209831099097382e-02
24.300000 -1.116130215536866e-02
24.400000 -1.913861954587619e-02
24.500000 4.706536557834604e-02
24.600000 -5.723317759036158e-02
24.700000 5.555963712460763e-02
24.800000 -2.409299371198990e-02
24.900000 2.824590481325799e-02
25.000000 5.972363580139162e-02
