3.200000 -8.562952249192377e-03
3.300000 7.002145462714992e+01
3.400000 2.252587945809363e+01
3.500000 2.931583502238782e+01
3.600000 2.751920300559387e+01
3.700000 2.297655464290286e+01
3.800000 1.997509434414837e+01
3.900000 1.717153763572144e+01
4.000000 1.791542906644264e+01
4.100000 1.579091886452541e+01
4.200000 1.603424392532262e+01
4.300000 1.481345633039182e+01
4.400000 1.388857497174022e+01
4.500000 1.212039073982455e+01
4.600000 1.121164589903618e+01
4.700000 9.325679981868230e+00
4.800000 8.456020775201184e+00
4.900000 7.607499040750050e+00
5.000000 7.130387913638139e+00
5.100000 6.628529038296856e+00
5.200000 6.545438513243202e+00
5.300000 6.606763682996839e+00
5.400000 6.425280881702516e+00
5.500000 6.787520263400946e+00
5.600000 6.436919597785113e+00
5.700000 6.046779592637169e+00
5.800000 5.287003657420922e+00
5.900000 5.022524751023878e+00
6.000000 4.230756319263141e+00
6.100000 3.873851073435839e+00
6.200000 3.040322829629383e+00
6.300000 2.583651360970861e+00
6.400000 1.927464868098500e+00
6.500000 1.626986390809950e+00
6.600000 1.161633437402415e+00
6.700000 1.309109592444880e+00
6.800000 1.331226430392602e+00
6.900000 1.293708404431098e+00
7.000000 1.590362333006410e+00
7.100000 1.682324620339053e+00
7.200000 1.957410309590385e+00
7.300000 1.861906160484335e+00
7.400000 2.273270615188023e+00
7.500000 1.956488160190887e+00
7.600000 1.881550949813741e+00
7.700000 1.966580172191154e+00
7.800000 1.703381098486226e+00
7.900000 1.786000892301353e+00
8.000000 1.876505057205007e+00
8.100000 1.601511681681807e+00
8.200000 1.233852530289496e+00
8.300000 1.237730571466743e+00
8.400000 1.089102485243490e+00
8.500000 1.008496953393724e+00
8.600000 9.598933749489510e-01
8.700000 4.423683898316836e-01
8.800000 4.693144913811441e-01
8.900000 4.523949243905763e-01
9.000000 1.910903619642092e-01
9.100000 2.852913336942582e-01
9.200000 7.677058936455088e-02
9.300000 1.528758790975960e-01
9.400000 -1.047921827399179e-01
9.500000 -1.258638131416948e-02
9.600000 -1.396456469455709e-01
9.700000 -9.746737230403624e-02
9.800000 -5.460579467392429e-02
9.900000 -1.691165262979913e-01
10.000000 -2.745592108459384e-01
10.100000 -1.858824409056824e-01
10.200000 -8.242901768891994e-02
10.300000 -1.778979497220854e-01
10.400000 -8.278832787306370e-02
10.500000 -1.802964992743947e-01
10.600000 -8.047263186888216e-02
10.700000 -1.777916213143861e-01
10.800000 -1.434093527358348e-01
10.900000 -2.393715707111687e-01
11.000000 -1.499533878994380e-01
11.100000 -1.103337796107351e-01
11.200000 -1.640065883629840e-01
11.300000 -1.824084705385221e-01
11.400000 -2.022465335993809e-01
11.500000 -6.977902334431703e-02
11.600000 7.424348925220979e-02
11.700000 -1.798916684890557e-01
11.800000 4.058865672074112e-02
11.900000 -6.101698568039082e-02
12.000000 -3.620799855809490e-02
12.100000 8.385841951094555e-02
12.200000 -8.513934025070190e-02
12.300000 -6.793753083869911e-02
12.400000 -7.173346318555000e-02
12.500000 -8.855072392727584e-02
12.600000 -1.260679019696152e-01
12.700000 -1.788190182079106e-01
12.800000 -1.682972964638592e-01
12.900000 -1.720531115400749e-01
13.000000 -2.069238253904363e-02
13.100000 -1.793337441193618e-01
13.200000 -2.247130353445238e-01
13.300000 -7.287499385219387e-02
13.400000 -2.739877367933375e-01
13.500000 -7.188510971887517e-02
13.600000 -2.203293952600195e-01
13.700000 -1.995630900497093e-01
13.800000 -2.715860892730427e-01
13.900000 -9.586389048318900e-02
14.000000 -1.568818942612671e-01
14.100000 -7.949538675705016e-02
14.200000 -6.827056763767077e-02
14.300000 -1.114752478104031e-01
14.400000 -1.478530793754705e-01
14.500000 -5.397758824875044e-02
14.600000 -6.926975252583428e-02
14.700000 -2.424927776372797e-03
14.800000 -2.975294297097093e-02
14.900000 -1.105899937818193e-03
15.000000 2.005472395372107e-02
15.100000 -2.284041808689569e-02
15.200000 3.366788513086369e-02
15.300000 -1.667408111866520e-01
15.400000 -1.552092534186201e-02
15.500000 -2.692773884522581e-02
15.600000 2.002810570834301e-02
15.700000 -4.054029793983020e-02
15.800000 5.577469352188046e-02
15.900000 -1.095611524762816e-02
16.000000 -3.577319655921984e-02
16.100000 -4.252791083721591e-03
16.200000 -1.647613312489000e-02
16.300000 -1.703913871974206e-02
16.400000 -1.017636987061568e-02
16.500000 -1.022382035766255e-01
16.600000 -4.675933844749424e-02
16.700000 -1.133165512144632e-01
16.800000 -1.099526241218584e-01
16.900000 -7.011552092934639e-02
17.000000 -6.773940667807156e-02
17.100000 -9.424494559978516e-02
17.200000 -9.156858008539784e-02
17.300000 -7.378086699675390e-02
17.400000 2.243551385267077e-02
17.500000 -5.872569907834436e-02
17.600000 3.838659627383364e-02
17.700000 -2.003970434605937e-02
17.800000 -2.526887697259803e-02
17.900000 -9.496338390182843e-02
18.000000 -2.568145177996887e-02
18.100000 -1.185372155270534e-01
18.200000 -3.370666129162995e-02
18.300000 -5.148772880156657e-02
18.400000 8.085757251774976e-02
18.500000 -3.010594554319433e-02
18.600000 9.009161859735024e-02
18.700000 4.230417220113979e-02
18.800000 4.122088777724429e-02
18.900000 -2.506995982514594e-02
19.000000 -4.091683458621204e-02
19.100000 -4.102080841383894e-02
19.200000 -1.172772216860831e-02
19.300000 -2.938482265215928e-02
19.400000 -6.388560565989180e-03
19.500000 4.773629059220040e-03
19.600000 -5.115307896055953e-02
19.700000 -1.058549827396197e-01
19.800000 -1.546738639970053e-02
19.900000 1.361518543227927e-02
20.000000 -2.322279673338865e-02
20.100000 5.328615497606116e-02
20.200000 5.488400529202337e-03
20.300000 -4.147095679633547e-02
20.400000 2.043286293001681e-02
20.500000 1.651407548641319e-02
20.600000 6.688922604939139e-02
20.700000 7.210727820140864e-04
20.800000 -5.235728638447412e-02
20.900000 5.998345937773574e-03
21.000000 -3.053135154950729e-02
21.100000 9.119965081799777e-02
21.200000 4.040414751850287e-02
21.300000 -2.331478138169513e-03
21.400000 -1.313371820508499e-02
21.500000 -1.692948631739261e-02
21.600000 2.932410045307577e-02
21.700000 1.346161858695758e-02
21.800000 6.940150118127193e-02
21.900000 5.123473427854867e-02
22.000000 -2.684892829615051e-02
22.100000 3.230443368833916e-02
22.200000 -5.707266039208048e-02
22.300000 5.863314092481150e-02
22.400000 1.084195204031085e-02
22.500000 5.022119180677076e-02
22.600000 3.812600893440563e-02
22.700000 -2.087806379435106e-02
22.800000 -6.436583966202054e-02
22.900000 -1.890016930674386e-02
23.000000 1.059146436873428e-02
23.100000 3.010526265004766e-02
23.200000 -4.728865275206805e-02
23.300000 1.350972291872087e-02
23.400000 -4.640638029855682e-02
23.500000 5.269672668125879e-02
23.600000 -1.398458143229513e-02
23.700000 3.465161136323625e-02
23.800000 6.793801982318633e-02
23.900000 3.351489385655709e-02
24.000000 1.015203017880166e-02
24.100000 -1.673032505322028e-03
24.200000 -1.590961462709634e-02
24.300000 3.949138231811109e-02
24.400000 7.861695620677990e-03
24.500000 -5.351106683329689e-02
24.600000 3.380933952198898e-02
24.700000 1.024765003361545e-02
24.800000 1.905135632354899e-02
24.900000 2.365316551147807e-02
25.000000 2.101538301113924e-01
