7.7246636856e-02 
1.3613062177e-01 
1.2002751150e-01 
9.8841096919e-02 
1.3120875166e-01 
1.0725075302e-01 
6.0542141664e-02 
9.2802871201e-02 
7.4180512357e-02 
9.6919930512e-02 
6.7891258059e-02 
6.8372040674e-02 
7.8535290084e-02 
7.7567954078e-02 
6.9343844228e-02 
1.0851744885e-01 
5.2374010161e-02 
1.1847882812e-01 
7.2967641736e-02 
8.2884807218e-02 
7.5052178050e-02 
1.1311009981e-01 
1.1003375463e-01 
7.9157139071e-02 
5.0030402917e-02 
7.2240033944e-02 
7.2038974062e-02 
6.6476983767e-02 
1.1772944807e-01 
7.0171158496e-02 
1.1267495610e-01 
1.1705420042e-01 
