4.210000 1.679229859834659e+00
4.220000 1.749672953568144e+00
4.230000 1.822112294950124e+00
4.240000 1.895272229171083e+00
4.250000 1.968006668221976e+00
4.260000 2.039293677727002e+00
4.270000 2.108230063776357e+00
4.280000 2.174025959759001e+00
4.290000 2.235999413195428e+00
4.300000 2.293570972570419e+00
4.310000 2.346258274165813e+00
4.320000 2.393670628893268e+00
4.330000 2.435503609127025e+00
4.340000 2.471533635536669e+00
4.350000 2.501612563919898e+00
4.360000 2.525662272035280e+00
4.370000 2.543669246435022e+00
4.380000 2.555679169297731e+00
4.390000 2.561791505261176e+00
4.400000 2.562154088255057e+00
4.410000 2.556957708333761e+00
4.420000 2.546430698509132e+00
4.430000 2.530833521583230e+00
4.440000 2.510453356981099e+00
4.450000 2.485598687583524e+00
4.460000 2.456593886559803e+00
4.470000 2.423773804200502e+00
4.480000 2.387478354750226e+00
4.490000 2.348047103240376e+00
4.500000 2.305813852321918e+00
4.510000 2.261101277462021e+00
4.520000 2.214216819601561e+00
4.530000 2.165451769828640e+00
4.540000 2.115081611512966e+00
4.550000 2.063366410804109e+00
4.560000 2.010551207129763e+00
4.570000 1.956866403694002e+00
4.580000 1.902528157975535e+00
4.590000 1.847738772225971e+00
4.600000 1.792687083968070e+00
4.610000 1.737548856494005e+00
4.620000 1.682487169363620e+00
4.630000 1.627652808902686e+00
4.640000 1.573184658701160e+00
4.650000 1.519210090111444e+00
4.660000 1.465845352746643e+00
4.670000 1.413195964978821e+00
4.680000 1.361357104437261e+00
4.690000 1.310413998506723e+00
4.700000 1.260442314825700e+00
4.710000 1.211508551784680e+00
4.720000 1.163670429024399e+00
4.730000 1.116977277934103e+00
4.740000 1.071470432149805e+00
4.750000 1.027183618052542e+00
4.760000 9.841433452666351e-01
4.770000 9.423692971579449e-01
4.780000 9.018747213321312e-01
4.790000 8.626668201329117e-01
4.800000 8.247471411403181e-01
4.810000 7.881119668137758e-01
4.820000 7.527526819004939e-01
4.830000 7.186560844019635e-01
4.840000 6.858046743057666e-01
4.850000 6.541769414622081e-01
4.860000 6.237476534609437e-01
4.870000 5.944881435076125e-01
4.880000 5.663665983004658e-01
4.890000 5.393483459069973e-01
4.900000 5.133961436405743e-01
4.910000 4.884704659370674e-01
4.920000 4.645297922314806e-01
4.930000 4.415308948345813e-01
4.940000 4.194291268095314e-01
4.950000 3.981787098485168e-01
4.960000 3.777330221493781e-01
4.970000 3.580448862922406e-01
4.980000 3.390668571161440e-01
4.990000 3.207515095956742e-01
5.000000 3.030517267175916e-01
5.010000 2.859209873574629e-01
5.020000 2.693136541562905e-01
5.030000 2.531852613971428e-01
5.040000 2.374928028817850e-01
5.050000 2.221950198073085e-01
5.060000 2.072526886427619e-01
5.070000 1.926289090057806e-01
5.080000 1.782893915392179e-01
5.090000 1.642027457877739e-01
5.100000 1.503407680746273e-01
5.110000 1.366787253581697e-01
5.120000 1.231955345714836e-01
5.130000 1.098736766487772e-01
5.140000 9.669900603456159e-02
5.150000 8.366055617293257e-02
5.160000 7.075034499685338e-02
5.170000 5.796318041743657e-02
5.180000 4.529646581322631e-02
5.190000 3.275000551948056e-02
5.200000 2.032581031745331e-02
5.210000 8.027902923676972e-03
5.220000 -4.137876520755809e-03
5.230000 -1.616406496090940e-02
5.240000 -2.804177093872348e-02
5.250000 -3.976086910373057e-02
5.260000 -5.131019472377369e-02
5.270000 -6.267773819572439e-02
5.280000 -7.385083955620048e-02
5.290000 -8.481638299228368e-02
5.300000 -9.556099135223757e-02
5.310000 -1.060712206562252e-01
5.320000 -1.163337546070270e-01
5.330000 -1.263355991007586e-01
5.340000 -1.360642767375885e-01
5.350000 -1.455080213324557e-01
5.360000 -1.546559724257880e-01
5.370000 -1.634983697942193e-01
5.380000 -1.720267479613075e-01
5.390000 -1.802341307082524e-01
5.400000 -1.881152255846133e-01
5.410000 -1.956666157976326e-01
5.420000 -2.028868839453042e-01
5.430000 -2.097765627374105e-01
5.440000 -2.163380175603044e-01
5.450000 -2.225753264202975e-01
5.460000 -2.284941598870476e-01
5.470000 -2.341016610369464e-01
5.480000 -2.394063253965074e-01
5.490000 -2.444178808857535e-01
5.500000 -2.491471677616051e-01
5.510000 -2.536060185612675e-01
5.520000 -2.578071380456186e-01
5.530000 -2.617639831425971e-01
5.540000 -2.654906428905903e-01
5.550000 -2.690017183818209e-01
5.560000 -2.723122027057359e-01
5.570000 -2.754373608923937e-01
5.580000 -2.783926098558526e-01
5.590000 -2.811933983375572e-01
5.600000 -2.838550868497276e-01
5.610000 -2.863928276187465e-01
5.620000 -2.888214445285467e-01
5.630000 -2.911553130639995e-01
5.640000 -2.934082402543020e-01
5.650000 -2.955933446163652e-01
5.660000 -2.977229360982011e-01
5.670000 -2.998083960223114e-01
5.680000 -3.018600570290748e-01
5.690000 -3.038870830201345e-01
5.700000 -3.058973491017863e-01
5.710000 -3.078973232428502e-01
5.720000 -3.098919925091204e-01
5.730000 -3.118849024537470e-01
5.740000 -3.138782410841952e-01
5.750000 -3.158729245436893e-01
5.760000 -3.178686827926565e-01
5.770000 -3.198641452901705e-01
5.780000 -3.218569266753951e-01
5.790000 -3.238437124490278e-01
5.800000 -3.258203446547439e-01
5.810000 -3.277819075606396e-01
5.820000 -3.297228133406762e-01
5.830000 -3.316368877561234e-01
5.840000 -3.335174558370033e-01
5.850000 -3.353574275635340e-01
5.860000 -3.371493835475728e-01
5.870000 -3.388856607140609e-01
5.880000 -3.405584379824660e-01
5.890000 -3.421598219482269e-01
5.900000 -3.436819325641962e-01
5.910000 -3.451169888220850e-01
5.920000 -3.464573944339061e-01
5.930000 -3.476958235134173e-01
5.940000 -3.488253062575660e-01
5.950000 -3.498393146279321e-01
5.960000 -3.507318480321721e-01
5.970000 -3.514975190054622e-01
5.980000 -3.521316388919430e-01
5.990000 -3.526303035261625e-01
6.000000 -3.529904789145197e-01
6.010000 -3.532100856923567e-01
6.020000 -3.532880517479046e-01
6.030000 -3.532242840390117e-01
6.040000 -3.530196085767261e-01
6.050000 -3.526757091845265e-01
6.060000 -3.521950662575521e-01
6.070000 -3.515808955218340e-01
6.080000 -3.508370867935253e-01
6.090000 -3.499681427381315e-01
6.100000 -3.489791176297419e-01
6.110000 -3.478755561102595e-01
6.120000 -3.466634319486318e-01
6.130000 -3.453490868000813e-01
6.140000 -3.439391689653363e-01
6.150000 -3.424405721498612e-01
6.160000 -3.408603742230875e-01
6.170000 -3.392057759776441e-01
6.180000 -3.374840398885877e-01
6.190000 -3.357024288726341e-01
6.200000 -3.338681450473880e-01
6.210000 -3.319882684905741e-01
6.220000 -3.300696959992672e-01
6.230000 -3.281190798491236e-01
6.240000 -3.261427665536111e-01
6.250000 -3.241467356232393e-01
6.260000 -3.221365383247911e-01
6.270000 -3.201172364405525e-01
6.280000 -3.180933410275435e-01
6.290000 -3.160687511767490e-01
6.300000 -3.140466927723486e-01
6.310000 -3.120296581612737e-01
6.320000 -3.100193694912306e-01
6.330000 -3.080168021302184e-01
6.340000 -3.060222317545142e-01
6.350000 -3.040352823469837e-01
6.360000 -3.020549741953921e-01
6.370000 -3.000797718907149e-01
6.380000 -2.981076323254486e-01
6.390000 -2.961360526919213e-01
6.400000 -2.941621184806042e-01
6.410000 -2.921825514784212e-01
6.420000 -2.901937577670606e-01
6.430000 -2.881918757212859e-01
6.440000 -2.861728240072459e-01
6.450000 -2.841323495807859e-01
6.460000 -2.820660756857585e-01
6.470000 -2.799695498523345e-01
6.480000 -2.778382918953133e-01
6.490000 -2.756678419124337e-01
6.500000 -2.734538082826851e-01
6.510000 -2.711919156646183e-01
6.520000 -2.688780529946552e-01
6.530000 -2.665083214854012e-01
6.540000 -2.640790826239546e-01
6.550000 -2.615870061702181e-01
6.560000 -2.590291181552095e-01
6.570000 -2.564028488793724e-01
6.580000 -2.537060809108866e-01
6.590000 -2.509371970839798e-01
6.600000 -2.480951284972374e-01
6.610000 -2.451794017690722e-01
6.620000 -2.421901669793078e-01
6.630000 -2.391281765832083e-01
6.640000 -2.359947450116222e-01
6.650000 -2.327917075282847e-01
6.660000 -2.295213790871206e-01
6.670000 -2.261865131895457e-01
6.680000 -2.227902607417703e-01
6.690000 -2.193361289121008e-01
6.700000 -2.158279399882424e-01
6.710000 -2.122697902346014e-01
6.720000 -2.086660087495877e-01
6.730000 -2.050211163229169e-01
6.740000 -2.013397842929132e-01
6.750000 -1.976267934038113e-01
6.760000 -1.938869926630588e-01
6.770000 -1.901252581986191e-01
6.780000 -1.863464521162731e-01
6.790000 -1.825553813569220e-01
6.800000 -1.787567565538897e-01
6.810000 -1.749551508902248e-01
6.820000 -1.711549589560037e-01
6.830000 -1.673603556056320e-01
6.840000 -1.635752548151481e-01
6.850000 -1.598032685395243e-01
6.860000 -1.560476655699700e-01
6.870000 -1.523113303912340e-01
6.880000 -1.485967220389067e-01
6.890000 -1.449058329567225e-01
6.900000 -1.412401478538624e-01
6.910000 -1.376006032507371e-01
6.920000 -1.339875649252807e-01
6.930000 -1.304008507989989e-01
6.940000 -1.268397717235276e-01
6.950000 -1.233031729556719e-01
6.960000 -1.197894756324461e-01
6.970000 -1.162967182461125e-01
6.980000 -1.128225981192212e-01
6.990000 -1.093645128796492e-01
7.000000 -1.059196019356402e-01
7.010000 -1.024847879508438e-01
7.020000 -9.905681831935488e-02
7.030000 -9.563230664075305e-02
7.040000 -9.220777419514210e-02
7.050000 -8.877969141818934e-02
7.060000 -8.534451937616509e-02
7.070000 -8.189875124098209e-02
7.080000 -7.843895376523477e-02
7.090000 -7.496180875723892e-02
7.100000 -7.146415455607084e-02
7.110000 -6.794302750660691e-02
7.120000 -6.439570343456293e-02
7.130000 -6.081973912153361e-02
7.140000 -5.721301378003189e-02
7.150000 -5.357377052852843e-02
7.160000 -4.990065786649098e-02
7.170000 -4.619277114942373e-02
7.180000 -4.244969406390688e-02
7.190000 -3.867154010263595e-02
7.200000 -3.485899403946115e-02
7.210000 -3.101335264982129e-02
7.220000 -2.713654581143199e-02
7.230000 -2.323110780100417e-02
7.240000 -1.930012897121718e-02
7.250000 -1.534720667308620e-02
7.260000 -1.137639617832961e-02
7.270000 -7.392161601736504e-03
7.280000 -3.399326823533901e-03
7.290000 5.969735882455875e-04
7.300000 4.591343455396535e-03
7.310000 8.578174067173211e-03
7.320000 1.255169325792215e-02
7.330000 1.650601448471479e-02
7.340000 2.043518590498002e-02
7.350000 2.433323945413676e-02
7.360000 2.819423992322657e-02
7.370000 3.201233403654627e-02
7.380000 3.578179952928042e-02
7.390000 3.949709422513402e-02
7.400000 4.315290511396501e-02
7.410000 4.674419742941693e-02
7.420000 5.026626372655144e-02
7.430000 5.371477295948096e-02
7.440000 5.708581955900121e-02
7.450000 6.037597251022383e-02
7.460000 6.358232443020892e-02
7.470000 6.670254064559773e-02
7.480000 6.973490827024507e-02
7.490000 7.267838528285214e-02
7.500000 7.553264960459884e-02
7.510000 7.829814725782477e-02
7.520000 8.097611663196333e-02
7.530000 8.356855209865750e-02
7.540000 8.607814373412910e-02
7.550000 8.850821612259610e-02
7.560000 9.086266715969009e-02
7.570000 9.314590685587366e-02
7.580000 9.536279613985774e-02
7.590000 9.751858566201912e-02
7.600000 9.961885459781765e-02
7.610000 1.016694494512138e-01
7.620000 1.036764228580861e-01
7.630000 1.056459723896483e-01
7.640000 1.075843793558669e-01
7.650000 1.094979476088787e-01
7.660000 1.113929423464079e-01
7.670000 1.132755289151838e-01
7.680000 1.151517116143578e-01
7.690000 1.170272724989214e-01
7.700000 1.189077101831227e-01
7.710000 1.207981786438849e-01
7.720000 1.227034260242227e-01
7.730000 1.246277334366603e-01
7.740000 1.265748537666486e-01
7.750000 1.285479504759827e-01
7.760000 1.305495364062189e-01
7.770000 1.325814125820927e-01
7.780000 1.346446070149357e-01
7.790000 1.367393135060934e-01
7.800000 1.388648304503422e-01
7.810000 1.410195008047457e-01
7.820000 1.432006823589166e-01
7.830000 1.454047949242319e-01
7.840000 1.476273978244532e-01
7.850000 1.498632685517873e-01
7.860000 1.521064814229450e-01
7.870000 1.543504862352011e-01
7.880000 1.565881869224536e-01
7.890000 1.588120202112838e-01
7.900000 1.610140342770157e-01
7.910000 1.631859673997753e-01
7.920000 1.653193266205507e-01
7.930000 1.674054663972513e-01
7.940000 1.694356672607676e-01
7.950000 1.714012144710306e-01
7.960000 1.732934766730718e-01
7.970000 1.751039845530825e-01
7.980000 1.768245094944731e-01
7.990000 1.784471422339335e-01
8.000000 1.799643715174920e-01
8.010000 1.813691627565751e-01
8.020000 1.826550366840670e-01
8.030000 1.838161480103697e-01
8.040000 1.848473640794619e-01
8.050000 1.857443435249592e-01
8.060000 1.865036149261731e-01
8.070000 1.871226554641711e-01
8.080000 1.875999695778360e-01
8.090000 1.879351676199258e-01
8.100000 1.881290445131330e-01
8.110000 1.881836569539297e-01
8.120000 1.881023628588358e-01
8.130000 1.878897649645280e-01
8.140000 1.875516166703735e-01
8.150000 1.870947264287476e-01
8.160000 1.865268621353515e-01
8.170000 1.858566555195312e-01
8.180000 1.850935065345950e-01
8.190000 1.842474877481316e-01
8.200000 1.833292487323287e-01
8.210000 1.823499204542905e-01
8.220000 1.813210196663562e-01
8.230000 1.802543532964184e-01
8.240000 1.791619228382401e-01
8.250000 1.780558287417741e-01
8.260000 1.769481748034804e-01
8.270000 1.758509725566444e-01
8.280000 1.747760456616952e-01
8.290000 1.737349342965234e-01
8.300000 1.727387995467996e-01
8.310000 1.717983277962921e-01
8.320000 1.709236351171854e-01
8.330000 1.701241716603980e-01
8.340000 1.694086260459007e-01
8.350000 1.687848297530346e-01
8.360000 1.682596615108293e-01
8.370000 1.678389516883210e-01
8.380000 1.675273866848704e-01
8.390000 1.673284133204812e-01
8.400000 1.672441432261180e-01
8.410000 1.672752588553950e-01
8.420000 1.674209616519080e-01
8.430000 1.676790272270418e-01
8.440000 1.680459026934215e-01
8.450000 1.685168056197333e-01
8.460000 1.690858229855462e-01
8.470000 1.697460101361333e-01
8.480000 1.704894897372934e-01
8.490000 1.713075507301722e-01
8.500000 1.721907472860837e-01
8.510000 1.731289977613318e-01
8.520000 1.741116836520314e-01
8.530000 1.751277485489301e-01
8.540000 1.761657970922295e-01
8.550000 1.772141939264068e-01
8.560000 1.782611626550355e-01
8.570000 1.792948847956077e-01
8.580000 1.803035987343552e-01
8.590000 1.812756986810706e-01
8.600000 1.821998336239288e-01
8.610000 1.830650062843089e-01
8.620000 1.838606720716151e-01
8.630000 1.845768380380982e-01
8.640000 1.852041618336771e-01
8.650000 1.857340506607602e-01
8.660000 1.861587602290666e-01
8.670000 1.864714937104479e-01
8.680000 1.866665006937093e-01
8.690000 1.867391761394311e-01
8.700000 1.866861593347900e-01
8.710000 1.865054313155449e-01
8.720000 1.861963724342936e-01
8.730000 1.857597187615695e-01
8.740000 1.851974786332110e-01
8.750000 1.845128476648933e-01
8.760000 1.837101237666613e-01
8.770000 1.827946221574627e-01
8.780000 1.817725903796794e-01
8.790000 1.806511233136610e-01
8.800000 1.794380781922575e-01
8.810000 1.781419896153513e-01
8.820000 1.767719845643901e-01
8.830000 1.753376974169196e-01
8.840000 1.738491849611158e-01
8.850000 1.723168414103180e-01
8.860000 1.707513134175611e-01
8.870000 1.691634150901080e-01
8.880000 1.675640430039829e-01
8.890000 1.659640912185031e-01
8.900000 1.643743662908123e-01
8.910000 1.628055022904125e-01
8.920000 1.612678758136972e-01
8.930000 1.597715209984837e-01
8.940000 1.583260445385456e-01
8.950000 1.569405406981458e-01
8.960000 1.556235063265687e-01
8.970000 1.543827558726530e-01
8.980000 1.532253363993241e-01
8.990000 1.521574425981269e-01
9.000000 1.511843318037585e-01
9.010000 1.503102401723481e-01
9.020000 1.495383291171768e-01
9.030000 1.488707085517434e-01
9.040000 1.483084903902691e-01
9.050000 1.478518432119501e-01
9.060000 1.475000469252107e-01
9.070000 1.472515474319554e-01
9.080000 1.471040112918219e-01
9.090000 1.470543803864336e-01
9.100000 1.470989265836520e-01
9.110000 1.472333064018301e-01
9.120000 1.474526156740640e-01
9.130000 1.477514442124465e-01
9.140000 1.481239304723191e-01
9.150000 1.485638162165247e-01
9.160000 1.490645011796610e-01
9.170000 1.496190977323318e-01
9.180000 1.502204855454009e-01
9.190000 1.508613662542440e-01
9.200000 1.515343181230017e-01
9.210000 1.522318507088317e-01
9.220000 1.529464595261623e-01
9.230000 1.536706807109440e-01
9.240000 1.543971456849028e-01
9.250000 1.551186358197927e-01
9.260000 1.558281371016483e-01
9.270000 1.565188947950374e-01
9.280000 1.571844681073138e-01
9.290000 1.578187848528697e-01
9.300000 1.584161961173885e-01
9.310000 1.589715303341417e-01
9.320000 1.594801320734321e-01
9.330000 1.599378620269485e-01
9.340000 1.603410817052673e-01
9.350000 1.606866375473976e-01
9.360000 1.609718450303268e-01
9.370000 1.611944727785666e-01
9.380000 1.613527266736975e-01
9.390000 1.614452339639149e-01
9.400000 1.614710273735747e-01
9.410000 1.614295292127384e-01
9.420000 1.613205354867185e-01
9.430000 1.611442000056247e-01
9.440000 1.609010184939083e-01
9.450000 1.605918126999086e-01
9.460000 1.602177145053980e-01
9.470000 1.597801500351274e-01
9.480000 1.592808237663717e-01
9.490000 1.587217026384755e-01
9.500000 1.581050001623985e-01
9.510000 1.574331605302606e-01
9.520000 1.567088427248879e-01
9.530000 1.559349046293579e-01
9.540000 1.551143871365450e-01
9.550000 1.542504982586660e-01
9.560000 1.533465972368256e-01
9.570000 1.524061786505618e-01
9.580000 1.514328565273916e-01
9.590000 1.504303484523561e-01
9.600000 1.494024596775662e-01
9.610000 1.483530672348238e-01
9.620000 1.472861041282101e-01
9.630000 1.462055437296680e-01
9.640000 1.451153842545515e-01
9.650000 1.440196332402508e-01
9.660000 1.429222920248180e-01
9.670000 1.418273402255919e-01
9.680000 1.407387202178234e-01
9.690000 1.396603216133006e-01
9.700000 1.385959657389740e-01
9.710000 1.375493901155820e-01
9.720000 1.365242329362758e-01
9.730000 1.355240175452447e-01
9.740000 1.345521369163415e-01
9.750000 1.336118381317075e-01
9.760000 1.327062068603977e-01
9.770000 1.318381518370062e-01
9.780000 1.310103893402914e-01
9.790000 1.302254276718011e-01
9.800000 1.294855516344978e-01
9.810000 1.287928070113837e-01
9.820000 1.281489850441264e-01
9.830000 1.275556069116837e-01
9.840000 1.270139082089289e-01
9.850000 1.265248234252760e-01
9.860000 1.260889704233053e-01
9.870000 1.257066349173881e-01
9.880000 1.253777549523119e-01
9.890000 1.251019053819062e-01
9.900000 1.248782823476673e-01
9.910000 1.247056881120914e-01
9.920000 1.245825251144176e-01
9.930000 1.245068134371003e-01
9.940000 1.244762174946926e-01
9.950000 1.244880730774360e-01
9.960000 1.245394143948510e-01
9.970000 1.246270011193280e-01
9.980000 1.247473454297173e-01
9.990000 1.248967390549195e-01
10.000000 1.250712803174763e-01
10.010000 1.252669011771607e-01
10.020000 1.254793942745677e-01
10.030000 1.257044399747045e-01
10.040000 1.259376334105810e-01
10.050000 1.261745115268003e-01
10.060000 1.264105801231492e-01
10.070000 1.266413408981887e-01
10.080000 1.268623184928441e-01
10.090000 1.270690875339961e-01
10.100000 1.272572996780705e-01
10.110000 1.274227106546295e-01
10.120000 1.275612073099610e-01
10.130000 1.276688346506703e-01
10.140000 1.277418228872698e-01
10.150000 1.277766144777696e-01
10.160000 1.277698911712681e-01
10.170000 1.277186010515424e-01
10.180000 1.276199855806384e-01
10.190000 1.274716066424620e-01
10.200000 1.272713735863686e-01
10.210000 1.270175698925613e-01
10.220000 1.267088700044597e-01
10.230000 1.263443312003089e-01
10.240000 1.259233756317600e-01
10.250000 1.254457719842584e-01
10.260000 1.249116171374311e-01
10.270000 1.243213178254744e-01
10.280000 1.236755722975415e-01
10.290000 1.229753519781307e-01
10.300000 1.222218831274722e-01
10.310000 1.214166285019167e-01
10.320000 1.205612690143227e-01
10.330000 1.196576853944439e-01
10.340000 1.187079398493173e-01
10.350000 1.177142577236507e-01
10.360000 1.166790091602106e-01
10.370000 1.156046907602095e-01
10.380000 1.144939072436938e-01
10.390000 1.133493531099317e-01
10.400000 1.121737942978005e-01
10.410000 1.109700498461744e-01
10.420000 1.097409735543125e-01
10.430000 1.084894356422460e-01
10.440000 1.072183044111663e-01
10.450000 1.059304279038122e-01
10.460000 1.046286155648582e-01
10.470000 1.033156199013017e-01
10.480000 1.019941181428510e-01
10.490000 1.006666939023128e-01
10.500000 9.933581883597975e-02
10.510000 9.800383447588597e-02
10.520000 9.667293853061215e-02
10.530000 9.534518252933556e-02
10.540000 9.402247393443025e-02
10.550000 9.270657842593467e-02
10.560000 9.139912218601923e-02
10.570000 9.010159418345409e-02
10.580000 8.881534845807675e-02
10.590000 8.754160640525951e-02
10.600000 8.628145906037742e-02
10.610000 8.503586938327558e-02
10.620000 8.380567454273699e-02
10.630000 8.259158820095014e-02
10.640000 8.139420279797661e-02
10.650000 8.021399183621870e-02
10.660000 7.905131216488709e-02
10.670000 7.790640626446847e-02
10.680000 7.677940453119321e-02
10.690000 7.567032756150281e-02
10.700000 7.457908843651789e-02
10.710000 7.350549500650541e-02
10.720000 7.244925217534660e-02
10.730000 7.140996418500448e-02
10.740000 7.038713689999149e-02
10.750000 6.938018009183712e-02
10.760000 6.838840972355567e-02
10.770000 6.741105023411365e-02
10.780000 6.644723682289758e-02
10.790000 6.549601773418165e-02
10.800000 6.455635654159518e-02
10.810000 6.362713451406880e-02
10.820000 6.270715510021788e-02
10.830000 6.179515379029816e-02
10.840000 6.088981009659911e-02
10.850000 5.998975961531527e-02
10.860000 5.909360608841793e-02
10.870000 5.819993346552674e-02
10.880000 5.730731796578112e-02
10.890000 5.641434013971192e-02
10.900000 5.551959693111298e-02
10.910000 5.462171373891261e-02
10.920000 5.371935647904519e-02
10.930000 5.281124364632282e-02
10.940000 5.189615837630669e-02
10.950000 5.097296050717878e-02
10.960000 5.004059864161340e-02
10.970000 4.909812220864868e-02
10.980000 4.814469352555816e-02
10.990000 4.717959985972242e-02
11.000000 4.620226549050051e-02
11.010000 4.521226377110162e-02
11.020000 4.420932919045657e-02
11.030000 4.319336943508933e-02
11.040000 4.216447745098873e-02
11.050000 4.112294350547988e-02
11.060000 4.006926724909575e-02
11.070000 3.900416977744874e-02
11.080000 3.792860569310229e-02
11.090000 3.684377516744234e-02
11.100000 3.575113600254895e-02
11.110000 3.465241536259661e-02
11.120000 3.354961291300132e-02
11.130000 3.244498214846379e-02
11.140000 3.134100312875948e-02
11.150000 3.024035488405727e-02
11.160000 2.914588782023825e-02
11.170000 2.806059612421451e-02
11.180000 2.698759016924778e-02
11.190000 2.593006892026830e-02
11.200000 2.489129233919348e-02
11.210000 2.387455379024665e-02
11.220000 2.288315244527587e-02
11.230000 2.192036568907259e-02
11.240000 2.098942152469050e-02
11.250000 2.009347097876417e-02
11.260000 1.923556050682788e-02
11.270000 1.841860439863431e-02
11.280000 1.764535718347333e-02
11.290000 1.691838603549071e-02
11.300000 1.624004317900689e-02
11.310000 1.561243829383572e-02
11.320000 1.503741092060321e-02
11.330000 1.451650286606627e-02
11.340000 1.405093060843147e-02
11.350000 1.364155770267376e-02
11.360000 1.328886718585525e-02
11.370000 1.299293398244394e-02
11.380000 1.275339730963246e-02
11.390000 1.256943308265682e-02
11.400000 1.243972632011518e-02
11.410000 1.236244412762691e-02
11.420000 1.233522371834062e-02
11.430000 1.235519860390490e-02
11.440000 1.241903982228791e-02
11.450000 1.252299774393743e-02
11.460000 1.266294387794080e-02
11.470000 1.283441267818497e-02
11.480000 1.303264334951640e-02
11.490000 1.325262165390113e-02
11.500000 1.348912171658474e-02
11.510000 1.373674783225232e-02
11.520000 1.398997627118851e-02
11.530000 1.424319708543741e-02
11.540000 1.449075591496268e-02
11.550000 1.472699579380742e-02
11.560000 1.494629895625421e-02
11.570000 1.514312864298513e-02
11.580000 1.531207090724166e-02
11.590000 1.544787642098480e-02
11.600000 1.554550228105491e-02
11.610000 1.560015381533182e-02
11.620000 1.560732638889475e-02
11.630000 1.556284721018235e-02
11.640000 1.546291713715263e-02
11.650000 1.530415248344301e-02
11.660000 1.508362682453026e-02
11.670000 1.479891280389051e-02
11.680000 1.444812393915927e-02
11.690000 1.402995642829136e-02
11.700000 1.354373095572095e-02
11.710000 1.298943379489162e-02
11.720000 1.236773961640910e-02
11.730000 1.167998785662076e-02
11.740000 1.092814079181768e-02
11.750000 1.011474090880685e-02
11.760000 9.242868275483441e-03
11.770000 8.316097911402916e-03
11.780000 7.338457158353314e-03
11.790000 6.314383050927414e-03
11.800000 5.248679687094954e-03
11.810000 4.146475598774828e-03
11.820000 3.013181122407321e-03
11.830000 1.854445769526290e-03
11.840000 6.761155973313429e-04
11.850000 -5.158094207398872e-04
11.860000 -1.715218024439582e-03
11.870000 -2.915930296137527e-03
11.880000 -4.111740290248909e-03
11.890000 -5.296458662662098e-03
11.900000 -6.463955300166427e-03
11.910000 -7.608201949880032e-03
11.920000 -8.723314848677607e-03
11.930000 -9.803597352618204e-03
11.940000 -1.084358256637305e-02
11.950000 -1.183807597265329e-02
11.960000 -1.278219806163786e-02
11.970000 -1.367142696040121e-02
11.980000 -1.450164106234109e-02
11.990000 -1.526916165660645e-02
12.000000 -1.597079555752512e-02
12.010000 -1.660387716683599e-02
12.020000 -1.716629578883447e-02
12.030000 -1.765648551060542e-02
12.040000 -1.807340033516933e-02
12.050000 -1.841648874743302e-02
12.060000 -1.868566828014009e-02
12.070000 -1.888130007982160e-02
12.080000 -1.900416347274657e-02
12.090000 -1.905543053087267e-02
12.100000 -1.903664063779666e-02
12.110000 -1.894967505470511e-02
12.120000 -1.879673148632493e-02
12.130000 -1.858029864687388e-02
12.140000 -1.830313082601128e-02
12.150000 -1.796822245478851e-02
12.160000 -1.757878267159960e-02
12.170000 -1.713820988813183e-02
12.180000 -1.665006635531634e-02
12.190000 -1.611805272927861e-02
12.200000 -1.554598263728917e-02
12.210000 -1.493775724371409e-02
12.220000 -1.429733981596563e-02
12.230000 -1.362873029045275e-02
12.240000 -1.293593983853174e-02
12.250000 -1.222296543245681e-02
12.260000 -1.149376441133064e-02
12.270000 -1.075222904705496e-02
12.280000 -1.000216111028119e-02
12.290000 -9.247246436360950e-03
12.300000 -8.491029491296678e-03
12.310000 -7.736888164481263e-03
12.320000 -6.988014457953070e-03
12.330000 -6.247410143728481e-03
12.340000 -5.517888317649844e-03
12.350000 -4.802075180022439e-03
12.360000 -4.102411816251497e-03
12.370000 -3.421155977479177e-03
12.380000 -2.760383861221558e-03
12.390000 -2.121991892005618e-03
12.400000 -1.507698502006247e-03
12.410000 -9.190459116832222e-04
12.420000 -3.574019104181970e-04
12.430000 1.760383628482977e-04
12.440000 6.802506389798772e-04
12.450000 1.154379738007294e-03
12.460000 1.597737788491473e-03
12.470000 2.009802446886494e-03
12.480000 2.390215116902624e-03
12.490000 2.738779168869308e-03
12.500000 3.055458159098196e-03
12.510000 3.340374049246136e-03
12.520000 3.593805425678201e-03
12.530000 3.816185718830682e-03
12.540000 4.008101422574109e-03
12.550000 4.170290313576259e-03
12.560000 4.303639670665153e-03
12.570000 4.409184494192091e-03
12.580000 4.488105725394639e-03
12.590000 4.541728465759647e-03
12.600000 4.571520196386258e-03
12.610000 4.579088923297649e-03
12.620000 4.566179397419812e-03
12.630000 4.534664447176631e-03
12.640000 4.486534385752019e-03
12.650000 4.423886344300769e-03
12.660000 4.348913605159390e-03
12.670000 4.263894935056998e-03
12.680000 4.171183918326140e-03
12.690000 4.073198290113661e-03
12.700000 3.972409269591563e-03
12.710000 3.871330893167852e-03
12.720000 3.772509347697387e-03
12.730000 3.678512303692761e-03
12.740000 3.591918248535124e-03
12.750000 3.515305819685057e-03
12.760000 3.451243137893426e-03
12.770000 3.402277140412227e-03
12.780000 3.370922914205450e-03
12.790000 3.359653029159933e-03
12.800000 3.370886871296211e-03
12.810000 3.406979975979379e-03
12.820000 3.470213361129937e-03
12.830000 3.562782860434658e-03
12.840000 3.686788456557426e-03
12.850000 3.844223614350110e-03
12.860000 4.036964614063404e-03
12.870000 4.266759884557689e-03
12.880000 4.535219336513882e-03
12.890000 4.843803695644302e-03
12.900000 5.193813835903513e-03
12.910000 5.586380238796635e-03
12.920000 6.022455731221284e-03
12.930000 6.502816545741127e-03
12.940000 7.028066659393026e-03
12.950000 7.598642258591687e-03
12.960000 8.214816204034274e-03
12.970000 8.876702495605035e-03
12.980000 9.584260737279939e-03
12.990000 1.033730060203129e-02
13.000000 1.113548629673235e-02
13.010000 1.197834102706198e-02
13.020000 1.286525146240923e-02
13.030000 1.379547220077804e-02
13.040000 1.476813023369177e-02
13.050000 1.578222941109788e-02
13.060000 1.683665490627258e-02
13.070000 1.793017768072535e-02
13.080000 1.906145894910373e-02
13.090000 2.022905464409778e-02
13.100000 2.143141988134482e-02
13.110000 2.266691342433400e-02
13.120000 2.393380214931092e-02
13.130000 2.523026551018231e-02
13.140000 2.655440000342061e-02
13.150000 2.790422363296861e-02
13.160000 2.927768037514404e-02
13.170000 3.067264464354426e-02
13.180000 3.208692575395088e-02
13.190000 3.351827238923427e-02
13.200000 3.496437706425836e-02
13.210000 3.642288062037179e-02
13.220000 3.789137748915233e-02
13.230000 3.936742290887031e-02
13.240000 4.084854091020552e-02
13.250000 4.233223233155022e-02
13.260000 4.381598283431266e-02
13.270000 4.529727091822017e-02
13.280000 4.677357593662262e-02
13.290000 4.824238611179568e-02
13.300000 4.970120655024394e-02
13.310000 5.114756725800450e-02
13.320000 5.257903115594994e-02
13.330000 5.399320209509188e-02
13.340000 5.538773287188412e-02
13.350000 5.676033324352599e-02
13.360000 5.810877794326556e-02
13.370000 5.943091469570310e-02
13.380000 6.072467223209415e-02
13.390000 6.198806830565300e-02
13.400000 6.321921770685590e-02
13.410000 6.441634027874431e-02
13.420000 6.557776893222825e-02
13.430000 6.670195766138971e-02
13.440000 6.778748955878557e-02
13.450000 6.883308483075137e-02
13.460000 6.983760881270415e-02
13.470000 7.080007998444619e-02
13.480000 7.171967798546783e-02
13.490000 7.259575163025117e-02
13.500000 7.342782692357309e-02
13.510000 7.421561495347788e-02
13.520000 7.495901660364819e-02
13.530000 7.565811919194186e-02
13.540000 7.631318992832717e-02
13.550000 7.692466925048742e-02
13.560000 7.749316415942542e-02
13.570000 7.801944155506793e-02
13.580000 7.850442157187028e-02
13.590000 7.894917091442079e-02
13.600000 7.935489619304538e-02
13.610000 7.972293725941189e-02
13.620000 8.005476054213488e-02
13.630000 8.035195238237987e-02
13.640000 8.061621236946789e-02
13.650000 8.084934667648024e-02
13.660000 8.105326139586266e-02
13.670000 8.122995587503001e-02
13.680000 8.138151605197082e-02
13.690000 8.151010779085169e-02
13.700000 8.161797021762188e-02
13.710000 8.170740905561777e-02
13.720000 8.178078996116736e-02
13.730000 8.184053185919488e-02
13.740000 8.188910027882511e-02
13.750000 8.192900068898817e-02
13.760000 8.196277183402376e-02
13.770000 8.199297906928571e-02
13.780000 8.202220769674669e-02
13.790000 8.205305630060249e-02
13.800000 8.208813008287669e-02
13.810000 8.213003417221283e-02
13.820000 8.218136623554911e-02
13.830000 8.224470732018625e-02
13.840000 8.232261199873801e-02
13.850000 8.241759848726947e-02
13.860000 8.253213876343478e-02
13.870000 8.266864868461558e-02
13.880000 8.282947810605898e-02
13.890000 8.301690099901586e-02
13.900000 8.323310556887890e-02
13.910000 8.348018437332064e-02
13.920000 8.376012444043175e-02
13.930000 8.407479738685908e-02
13.940000 8.442594953594382e-02
13.950000 8.481519203585969e-02
13.960000 8.524399097775097e-02
13.970000 8.571365751387058e-02
13.980000 8.622533797571852e-02
13.990000 8.678000399217964e-02
14.000000 8.737844260766194e-02
14.010000 8.802124640023477e-02
14.020000 8.870880359976685e-02
14.030000 8.944128820606440e-02
14.040000 9.021865010700932e-02
14.050000 9.104060519669736e-02
14.060000 9.190662549357613e-02
14.070000 9.281592925858342e-02
14.080000 9.376747111328515e-02
14.090000 9.475993215801354e-02
14.100000 9.579171009000541e-02
14.110000 9.686090956645743e-02
14.120000 9.796533893543484e-02
14.130000 9.910252313132900e-02
14.140000 1.002697229381685e-01
14.150000 1.014639544978467e-01
14.160000 1.026820088183506e-01
14.170000 1.039204712819884e-01
14.180000 1.051757411536179e-01
14.190000 1.064440510888744e-01
14.200000 1.077214866423993e-01
14.210000 1.090040057760676e-01
14.220000 1.102874583672167e-01
14.230000 1.115676057168737e-01
14.240000 1.128401400579846e-01
14.250000 1.141007040636414e-01
14.260000 1.153449103553109e-01
14.270000 1.165683610110626e-01
14.280000 1.177666670737968e-01
14.290000 1.189354680594728e-01
14.300000 1.200704514653370e-01
14.310000 1.211673722781512e-01
14.320000 1.222220724824203e-01
14.330000 1.232305005686209e-01
14.340000 1.241887310414293e-01
14.350000 1.250929839279494e-01
14.360000 1.259396442859411e-01
14.370000 1.267252817120482e-01
14.380000 1.274466698500271e-01
14.390000 1.281008058989740e-01
14.400000 1.286849301215537e-01
14.410000 1.291965456464529e-01
14.420000 1.296334459206860e-01
14.430000 1.299937615807592e-01
14.440000 1.302760149736873e-01
14.450000 1.304791749722356e-01
14.460000 1.306027117901621e-01
14.470000 1.306466517974591e-01
14.480000 1.306116323355953e-01
14.490000 1.304989565327578e-01
14.500000 1.303106481190939e-01
14.510000 1.300495062419533e-01
14.520000 1.297191602811298e-01
14.530000 1.293241246641035e-01
14.540000 1.288698536812822e-01
14.550000 1.283627963012443e-01
14.560000 1.278104509859798e-01
14.570000 1.272214205061329e-01
14.580000 1.266054667562435e-01
14.590000 1.259735655699894e-01
14.600000 1.253379615354283e-01
14.610000 1.247122228102396e-01
14.620000 1.241112959369663e-01
14.630000 1.235515606582573e-01
14.640000 1.230508847321089e-01
14.650000 1.226286787471069e-01
14.660000 1.223059509376688e-01
14.670000 1.221053619992854e-01
14.680000 1.220512799037630e-01
14.690000 1.221698347144652e-01
14.700000 1.224889734015549e-01
14.710000 1.230385016967029e-01
14.720000 1.238497889739281e-01
14.730000 1.249546177352339e-01
14.740000 1.263836961223764e-01
14.750000 1.281651574680986e-01
14.760000 1.303230598473653e-01
14.770000 1.328758856285981e-01
14.780000 1.358350410249093e-01
14.790000 1.392033556453371e-01
14.800000 1.429735820460799e-01
14.810000 1.471268952817311e-01
14.820000 1.516313924565140e-01
14.830000 1.564405922755159e-01
14.840000 1.614919345959231e-01
14.850000 1.667052799782554e-01
14.860000 1.719814092376011e-01
14.870000 1.772005229948508e-01
14.880000 1.822207412279329e-01
14.890000 1.868766028230479e-01
14.900000 1.909775651259030e-01
14.910000 1.943065034929467e-01
14.920000 1.966182108426038e-01
14.930000 1.976378972065094e-01
14.940000 1.970596892807442e-01
14.950000 1.945451299770686e-01
14.960000 1.897216779741579e-01
14.970000 1.821812072688364e-01
14.980000 1.714785067273121e-01
14.990000 1.571297796364120e-01
15.000000 1.386111432548158e-01
