3.200000 8.582750454765622e-01
3.210000 1.150089723623245e+00
3.220000 1.409780056404313e+00
3.230000 1.641843150279657e+00
3.240000 1.849683302917007e+00
3.250000 2.035780282110836e+00
3.260000 2.201857604701248e+00
3.270000 2.349050815492887e+00
3.280000 2.478075766173817e+00
3.290000 2.589396894234433e+00
3.300000 2.683395501886349e+00
3.310000 2.760536291520979e+00
3.320000 2.821488584844854e+00
3.330000 2.867132529915187e+00
3.340000 2.898520008903515e+00
3.350000 2.916833804104141e+00
3.360000 2.923346763942578e+00
3.370000 2.919380968983999e+00
3.380000 2.906266897941677e+00
3.390000 2.885302593685435e+00
3.400000 2.857712829250092e+00
3.410000 2.824608725770039e+00
3.420000 2.786959117034012e+00
3.430000 2.745591726896333e+00
3.440000 2.701206088985533e+00
3.450000 2.654386917906817e+00
3.460000 2.605617480444538e+00
3.470000 2.555292966764670e+00
3.480000 2.503733861617269e+00
3.490000 2.451199315538957e+00
3.500000 2.397900516055382e+00
3.510000 2.344013970960506e+00
3.520000 2.289692506250845e+00
3.530000 2.235070463842773e+00
3.540000 2.180266614766917e+00
3.550000 2.125386984521572e+00
3.560000 2.070527678426108e+00
3.570000 2.015777706974391e+00
3.580000 1.961221811188193e+00
3.590000 1.906943287970603e+00
3.600000 1.853026815459449e+00
3.610000 1.799561242216689e+00
3.620000 1.746641436417864e+00
3.630000 1.694367749307154e+00
3.640000 1.642844538982879e+00
3.650000 1.592178658052007e+00
3.660000 1.542477941284670e+00
3.670000 1.493849693268682e+00
3.680000 1.446399176064049e+00
3.690000 1.400228096857490e+00
3.700000 1.355433095616948e+00
3.710000 1.312104227818407e+00
3.720000 1.270323319087799e+00
3.730000 1.230161994760070e+00
3.740000 1.191679581397281e+00
3.750000 1.154921003383421e+00
3.760000 1.119914679519214e+00
3.770000 1.086670419616923e+00
3.780000 1.055177321095160e+00
3.790000 1.025401665573694e+00
3.800000 9.972848154682554e-01
3.810000 9.707411769420691e-01
3.820000 9.456578876699160e-01
3.830000 9.218988822391848e-01
3.840000 8.993106817857627e-01
3.850000 8.777282499288752e-01
3.860000 8.569808487059336e-01
3.870000 8.368978945073746e-01
3.880000 8.173148140115062e-01
3.890000 7.980789001193491e-01
3.900000 7.790551678894820e-01
3.910000 7.601321385873336e-01
3.920000 7.412257551986511e-01
3.930000 7.222785555113979e-01
3.940000 7.032569772722084e-01
3.950000 6.841485915183283e-01
3.960000 6.649593359095582e-01
3.970000 6.457107480601952e-01
3.980000 6.264371988709745e-01
3.990000 6.071831258610123e-01
4.000000 5.880002664997475e-01
4.010000 5.689449045902892e-01
4.020000 5.500754559028420e-01
4.030000 5.314509148443093e-01
4.040000 5.131296402699592e-01
4.050000 4.951681543356954e-01
4.060000 4.776199413503258e-01
4.070000 4.605342466278327e-01
4.080000 4.439548753396430e-01
4.090000 4.279189913668974e-01
4.100000 4.124559161527209e-01
4.110000 3.975859461953299e-01
4.120000 3.833196550826879e-01
4.130000 3.696584253265048e-01
4.140000 3.565954645875140e-01
4.150000 3.441168405265603e-01
4.160000 3.322025156556903e-01
4.170000 3.208273821892395e-01
4.180000 3.099622968949223e-01
4.190000 2.995751159449201e-01
4.200000 2.896317297669703e-01
4.210000 2.800970869996404e-01
4.220000 2.709359352248379e-01
4.230000 2.621128428587423e-01
4.240000 2.535919379054653e-01
4.250000 2.453366358234457e-01
4.260000 2.373093673918447e-01
4.270000 2.294713065769405e-01
4.280000 2.217820983985238e-01
4.290000 2.141995867962922e-01
4.300000 2.066795424962461e-01
4.310000 1.991754105423628e-01
4.320000 1.916385690054639e-01
4.330000 1.840198851052304e-01
4.340000 1.762717823593335e-01
4.350000 1.683503273828386e-01
4.360000 1.602173166876097e-01
4.370000 1.518423634817121e-01
4.380000 1.432049844688171e-01
4.390000 1.342966866476054e-01
4.400000 1.251230541111708e-01
4.410000 1.157057918520266e-01
4.420000 1.060836519679209e-01
4.430000 9.631052328984220e-02
4.440000 8.645240372970704e-02
4.450000 7.658432966553701e-02
4.460000 6.678730532663556e-02
4.470000 5.714523217876528e-02
4.480000 4.774183830932459e-02
4.490000 3.865760781252504e-02
4.500000 2.996671017456808e-02
4.510000 2.173395533170090e-02
4.520000 1.401241607517638e-02
4.530000 6.842744255981506e-03
4.540000 2.531541515814243e-04
4.550000 -5.740568512946572e-03
4.560000 -1.113505754377906e-02
4.570000 -1.593935725721249e-02
4.580000 -2.017491345852923e-02
4.590000 -2.387556442086361e-02
4.600000 -2.708753186406784e-02
4.610000 -2.986938108237016e-02
4.620000 -3.229117911310201e-02
4.630000 -3.443161743712526e-02
4.640000 -3.637433293588004e-02
4.650000 -3.820419801877963e-02
4.660000 -4.000361075060552e-02
4.670000 -4.184878497890223e-02
4.680000 -4.380604046137239e-02
4.690000 -4.592809299327159e-02
4.700000 -4.825034453480336e-02
4.710000 -5.078723707732110e-02
4.720000 -5.353026337313353e-02
4.730000 -5.645018300196858e-02
4.740000 -5.950089486940807e-02
4.750000 -6.262337340096621e-02
4.760000 -6.574960473616785e-02
4.770000 -6.880652292262690e-02
4.780000 -7.171994611012467e-02
4.790000 -7.441851274468834e-02
4.800000 -7.683761776266930e-02
4.810000 -7.892329983879461e-02
4.820000 -8.063485629432317e-02
4.830000 -8.194422862668119e-02
4.840000 -8.283411602014099e-02
4.850000 -8.329603994256655e-02
4.860000 -8.332840874215913e-02
4.870000 -8.293458224420309e-02
4.880000 -8.212093634781141e-02
4.890000 -8.089492762267145e-02
4.900000 -7.926315790579055e-02
4.910000 -7.722947202362794e-02
4.920000 -7.479391660616967e-02
4.930000 -7.195388448312259e-02
4.940000 -6.870611996196749e-02
4.950000 -6.504875721039055e-02
4.960000 -6.098335863871433e-02
4.970000 -5.651695328232897e-02
4.980000 -5.166407518412347e-02
4.990000 -4.644880177691673e-02
5.000000 -4.090679226588890e-02
5.010000 -3.508727975398040e-02
5.020000 -2.905386091123981e-02
5.030000 -2.288223361548316e-02
5.040000 -1.665673242032586e-02
5.050000 -1.046681779452502e-02
5.060000 -4.403565361321670e-03
5.070000 1.443844862216887e-03
5.080000 6.991639225854751e-03
5.090000 1.216496120684520e-02
5.100000 1.690138217058833e-02
5.110000 2.115437365326344e-02
5.120000 2.489577939782690e-02
5.130000 2.811574859115294e-02
5.140000 3.082166908203076e-02
5.150000 3.303706214388573e-02
5.160000 3.480047723750013e-02
5.170000 3.616438677373419e-02
5.180000 3.719408087624710e-02
5.190000 3.796656214421788e-02
5.200000 3.856944041506639e-02
5.210000 3.909980064632664e-02
5.220000 3.966237201801889e-02
5.230000 4.036592340452518e-02
5.240000 4.131896022011183e-02
5.250000 4.262539439891923e-02
5.260000 4.438021437495156e-02
5.270000 4.666515506206655e-02
5.280000 4.954436783396524e-02
5.290000 5.306009050418166e-02
5.300000 5.722831730607265e-02
5.310000 6.203456007757534e-02
5.320000 6.743198036984652e-02
5.330000 7.334553942031855e-02
5.340000 7.967851854961885e-02
5.350000 8.631913071325552e-02
5.360000 9.314713205330304e-02
5.370000 1.000404334500879e-01
5.380000 1.068817120738739e-01
5.390000 1.135650229365483e-01
5.400000 1.200024104433071e-01
5.410000 1.261304298072579e-01
5.420000 1.319143252797668e-01
5.430000 1.373462609003389e-01
5.440000 1.424412085370336e-01
5.450000 1.472327458372761e-01
5.460000 1.517688541786687e-01
5.470000 1.561077166198026e-01
5.480000 1.603135158510692e-01
5.490000 1.644522321454716e-01
5.500000 1.685874413094363e-01
5.510000 1.727761439105127e-01
5.520000 1.770654075777245e-01
5.530000 1.814910730549951e-01
5.540000 1.860772731691993e-01
5.550000 1.908359830592992e-01
5.560000 1.957665704054815e-01
5.570000 2.008553456582942e-01
5.580000 2.060751122677831e-01
5.590000 2.113847169126288e-01
5.600000 2.167285997292830e-01
5.610000 2.220363671601334e-01
5.620000 2.272229528088350e-01
5.630000 2.321902707903354e-01
5.640000 2.368294569786473e-01
5.650000 2.410231328627064e-01
5.660000 2.446476694022287e-01
5.670000 2.475754508835687e-01
5.680000 2.496771387755775e-01
5.690000 2.508239355854600e-01
5.700000 2.508898487146333e-01
5.710000 2.497539637233376e-01
5.720000 2.473029621880442e-01
5.730000 2.434342603930646e-01
5.740000 2.380593925714619e-01
5.750000 2.311074035503674e-01
5.760000 2.225282413962976e-01
5.770000 2.122961500604698e-01
5.780000 2.004130620241199e-01
5.790000 1.869119909438175e-01
5.800000 1.718604242967831e-01
5.810000 1.553636277098163e-01
5.820000 1.375656533735783e-01
5.830000 1.186445208599413e-01
5.840000 9.880510241395792e-02
5.850000 7.827191996836930e-02
5.860000 5.728194215811290e-02
5.870000 3.607738133483047e-02
5.880000 1.489849058137621e-02
5.890000 -6.023639273675619e-03
5.900000 -2.647428264152251e-02
5.910000 -4.626220851379089e-02
5.920000 -6.522489528452917e-02
5.930000 -8.322888603212117e-02
5.940000 -1.001682295913031e-01
5.950000 -1.159628480112236e-01
5.960000 -1.305569040135026e-01
5.970000 -1.439171684502913e-01
5.980000 -1.560313877623310e-01
5.990000 -1.669066514370129e-01
6.000000 -1.765677594664376e-01
6.010000 -1.850555908308981e-01
6.020000 -1.924254986401191e-01
6.030000 -1.987457729390078e-01
6.040000 -2.040961301670822e-01
6.050000 -2.085662036429145e-01
6.060000 -2.122540340485754e-01
6.070000 -2.152645599140777e-01
6.080000 -2.177081081018209e-01
6.090000 -2.196988842910339e-01
6.100000 -2.213534634622201e-01
6.110000 -2.227892704535115e-01
6.120000 -2.241228024165807e-01
6.130000 -2.254671961419255e-01
6.140000 -2.269295373210688e-01
6.150000 -2.286081598844030e-01
6.160000 -2.305899453390364e-01
6.170000 -2.329476221066376e-01
6.180000 -2.357370648612820e-01
6.190000 -2.389945938672962e-01
6.200000 -2.427342743171041e-01
6.210000 -2.469452830297530e-01
6.220000 -2.515910263359509e-01
6.230000 -2.566127029793751e-01
6.240000 -2.619346179655124e-01
6.250000 -2.674695637472821e-01
6.260000 -2.731242014106595e-01
6.270000 -2.788044418602987e-01
6.280000 -2.844208270051563e-01
6.290000 -2.898939109441140e-01
6.300000 -2.951596411516022e-01
6.310000 -3.001746556707885e-01
6.320000 -3.049193967274331e-01
6.330000 -3.093956817668931e-01
6.340000 -3.136220911917225e-01
6.350000 -3.176292721348294e-01
6.360000 -3.214552422326333e-01
6.370000 -3.251406933982235e-01
6.380000 -3.287242955945160e-01
6.390000 -3.322380006074116e-01
6.400000 -3.357023458189532e-01
6.410000 -3.391218221865789e-01
6.420000 -3.424819114207001e-01
6.430000 -3.457503601039399e-01
6.440000 -3.488801228085179e-01
6.450000 -3.518123693997091e-01
6.460000 -3.544794923393045e-01
6.470000 -3.568081139890725e-01
6.480000 -3.587220939142176e-01
6.490000 -3.601455361868416e-01
6.500000 -3.610057966894036e-01
6.510000 -3.612364674338825e-01
6.520000 -3.607797633425595e-01
6.530000 -3.595873922852959e-01
6.540000 -3.576208276451481e-01
6.550000 -3.548515579063599e-01
6.560000 -3.512613362423509e-01
6.570000 -3.468424301037088e-01
6.580000 -3.415978708061783e-01
6.590000 -3.355417031186519e-01
6.600000 -3.286992348511606e-01
6.610000 -3.211072753720904e-01
6.620000 -3.128140863090936e-01
6.630000 -3.038786016771470e-01
6.640000 -2.943693602200619e-01
6.650000 -2.843634266841938e-01
6.660000 -2.739453130921548e-01
6.670000 -2.632059000165233e-01
6.680000 -2.522413578535566e-01
6.690000 -2.411520680969011e-01
6.700000 -2.300415446113033e-01
6.710000 -2.190153482089262e-01
6.720000 -2.081798271066280e-01
6.730000 -1.976404154097880e-01
6.740000 -1.874997574936568e-01
6.750000 -1.778558256889685e-01
6.760000 -1.688000379675513e-01
6.770000 -1.604153756279393e-01
6.780000 -1.527745009809834e-01
6.790000 -1.459378750354636e-01
6.800000 -1.399518751836990e-01
6.810000 -1.348469250998051e-01
6.820000 -1.306359421446488e-01
6.830000 -1.273135907143523e-01
6.840000 -1.248558530679225e-01
6.850000 -1.232196123647680e-01
6.860000 -1.223422357022155e-01
6.870000 -1.221411571530268e-01
6.880000 -1.225134608029160e-01
6.890000 -1.233354637880657e-01
6.900000 -1.244622993326439e-01
6.910000 -1.257275757686659e-01
6.920000 -1.269450109726358e-01
6.930000 -1.279150811246994e-01
6.940000 -1.284336447293600e-01
6.950000 -1.283006426030175e-01
6.960000 -1.273287978615079e-01
6.970000 -1.253523159076422e-01
6.980000 -1.222355844187455e-01
6.990000 -1.178818733341963e-01
7.000000 -1.122420348429655e-01
7.010000 -1.053230600324453e-01
7.020000 -9.719290894041406e-02
7.030000 -8.797588111672718e-02
7.040000 -7.784425985013751e-02
7.050000 -6.700981308260437e-02
7.060000 -5.571529432360259e-02
7.070000 -4.422594356443155e-02
7.080000 -3.282098819252427e-02
7.090000 -2.178514390575645e-02
7.100000 -1.140011562675559e-02
7.110000 -1.936121130148639e-03
7.120000 6.355994823090565e-03
7.130000 1.325114741822714e-02
7.140000 1.855580824888208e-02
7.150000 2.211377906987360e-02
7.160000 2.381196555005851e-02
7.170000 2.358615102517359e-02
7.180000 2.142677025067693e-02
7.190000 1.738468315458933e-02
7.200000 1.157694859033552e-02
7.210000 4.192411894283022e-03
7.220000 -4.507548426378585e-03
7.230000 -1.420056203687296e-02
7.240000 -2.451964872747712e-02
7.250000 -3.506978653543844e-02
7.260000 -4.544447986689219e-02
7.270000 -5.524232761877845e-02
7.280000 -6.408359130075961e-02
7.290000 -7.162676315713742e-02
7.300000 -7.758513428877031e-02
7.310000 -8.174315528881224e-02
7.320000 -8.396740243414162e-02
7.330000 -8.420385059885850e-02
7.340000 -8.246975196887102e-02
7.350000 -7.884530729484333e-02
7.360000 -7.346533714514332e-02
7.370000 -6.651095315879066e-02
7.380000 -5.820122929840461e-02
7.390000 -4.878487310315203e-02
7.400000 -3.853189694169500e-02
7.410000 -2.772530305473114e-02
7.420000 -1.665312711625159e-02
7.430000 -5.601391863839407e-03
7.440000 5.152580765657715e-03
7.450000 1.534684371219737e-02
7.460000 2.474149886861216e-02
7.470000 3.312537115667952e-02
7.480000 4.032268260319143e-02
7.490000 4.619972641602426e-02
7.500000 5.067154106020855e-02
7.510000 5.370844070450203e-02
7.520000 5.533881138753298e-02
7.530000 5.564242799390855e-02
7.540000 5.474003705799750e-02
7.550000 5.278279594902658e-02
7.560000 4.994171205617669e-02
7.570000 4.639708197367935e-02
7.580000 4.232793068591298e-02
7.590000 3.790145075249932e-02
7.600000 3.326244149339964e-02
7.610000 2.852290131686697e-02
7.620000 2.375560169578239e-02
7.630000 1.899776830077508e-02
7.640000 1.425874369939378e-02
7.650000 9.527803189901122e-03
7.660000 4.781970635067754e-03
7.670000 -6.165704033411942e-06
7.680000 -4.860637334233046e-03
7.690000 -9.794279696471155e-03
7.700000 -1.480091633200292e-02
7.710000 -1.984766659075536e-02
7.720000 -2.487046540372611e-02
7.730000 -2.977773670583061e-02
7.740000 -3.445727888294017e-02
7.750000 -3.878327375708544e-02
7.760000 -4.262329557165993e-02
7.770000 -4.584531997662374e-02
7.780000 -4.832473301370703e-02
7.790000 -4.995134010161363e-02
7.800000 -5.063637502122470e-02
7.810000 -5.031941855774544e-02
7.820000 -4.897296823114773e-02
7.830000 -4.660104541692364e-02
7.840000 -4.323545356484874e-02
7.850000 -3.893194607566025e-02
7.860000 -3.376639417773510e-02
7.870000 -2.783095480376789e-02
7.880000 -2.123023846744904e-02
7.890000 -1.407747714014275e-02
7.900000 -6.490692127565170e-03
7.910000 1.411111580816130e-03
7.920000 9.511062669345751e-03
7.930000 1.769579364473017e-02
7.940000 2.585612268870406e-02
7.950000 3.388770903769040e-02
7.960000 4.169170836246069e-02
7.970000 4.917542814779507e-02
7.980000 5.625298307214237e-02
7.990000 6.284595038728050e-02
8.000000 6.888402529797633e-02
8.010000 7.430566757768731e-02
8.020000 7.905852031907636e-02
8.030000 8.309925025392596e-02
8.040000 8.639316020503866e-02
8.050000 8.891379277389615e-02
8.060000 9.064253402831819e-02
8.070000 9.156821719012187e-02
8.080000 9.168672632278048e-02
8.090000 9.100060001908263e-02
8.100000 8.951863508879138e-02
8.110000 8.725549119701326e-02
8.120000 8.423132022143986e-02
8.130000 8.047145835814440e-02
8.140000 7.600614294676172e-02
8.150000 7.087023024642963e-02
8.160000 6.510291321173017e-02
8.170000 5.874743926863087e-02
8.180000 5.185082809042606e-02
8.190000 4.446358937367804e-02
8.200000 3.663944061415854e-02
8.210000 2.843503072721211e-02
8.220000 1.990981562661813e-02
8.230000 1.112631954983996e-02
8.240000 2.150548346171647e-03
8.250000 -6.947591390253193e-03
8.260000 -1.609387318745241e-02
8.270000 -2.520933156258640e-02
8.280000 -3.420984288894918e-02
8.290000 -4.300570626295955e-02
8.300000 -5.150122437115207e-02
8.310000 -5.959432173564120e-02
8.320000 -6.717713482882312e-02
8.330000 -7.413906928667129e-02
8.340000 -8.037082902744398e-02
8.350000 -8.576848275248271e-02
8.360000 -9.023753044701016e-02
8.370000 -9.369696988092863e-02
8.380000 -9.608336310961799e-02
8.390000 -9.735490297473406e-02
8.400000 -9.749547960500672e-02
8.410000 -9.651867453720840e-02
8.420000 -9.446987289306155e-02
8.430000 -9.142359820486461e-02
8.440000 -8.747896521144106e-02
8.450000 -8.275506026569721e-02
8.460000 -7.738632174218017e-02
8.470000 -7.151792044463566e-02
8.480000 -6.530114001356584e-02
8.490000 -5.888875733378730e-02
8.500000 -5.243042294198889e-02
8.510000 -4.606806552550529e-02
8.520000 -3.993192281964408e-02
8.530000 -3.413816263639262e-02
8.540000 -2.878713032535639e-02
8.550000 -2.396162032928116e-02
8.560000 -1.972514773957503e-02
8.570000 -1.612021985183051e-02
8.580000 -1.316660772134657e-02
8.590000 -1.085961771865075e-02
8.600000 -9.168363085021194e-03
8.610000 -8.034113335121967e-03
8.620000 -7.370667785032887e-03
8.630000 -7.069867404117637e-03
8.640000 -7.009130917856588e-03
8.650000 -7.059068770349758e-03
8.660000 -7.091097086819839e-03
8.670000 -6.985051636115189e-03
8.680000 -6.636801793212827e-03
8.690000 -5.965864501721432e-03
8.700000 -4.923018236384356e-03
8.710000 -3.497783909969352e-03
8.720000 -1.722446139630528e-03
8.730000 3.327079598721078e-04
8.740000 2.567609866723317e-03
8.750000 4.860763822540734e-03
8.760000 7.077601002862951e-03
8.770000 9.078833687637677e-03
8.780000 1.072880943170983e-02
8.790000 1.190386523530965e-02
8.800000 1.250068171454083e-02
8.810000 1.244453791471037e-02
8.820000 1.169498267514744e-02
8.830000 1.024494775168006e-02
8.840000 8.117277287592213e-03
8.850000 5.361157907121769e-03
8.860000 2.048548808958446e-03
8.870000 -1.729388140258193e-03
8.880000 -5.865858312440816e-03
8.890000 -1.024200422455635e-02
8.900000 -1.473047544512799e-02
8.910000 -1.919900185570042e-02
8.920000 -2.351405414740690e-02
8.930000 -2.754472577010401e-02
8.940000 -3.116670212418483e-02
8.950000 -3.426623310811305e-02
8.960000 -3.674410566595695e-02
8.970000 -3.851961633492341e-02
8.980000 -3.953454379289205e-02
8.990000 -3.975712140594914e-02
9.000000 -3.918600977592175e-02
9.010000 -3.785418189776885e-02
9.020000 -3.583053600035016e-02
9.030000 -3.321573992450331e-02
9.040000 -3.013580296834548e-02
9.050000 -2.673556032081704e-02
9.060000 -2.317215749522515e-02
9.070000 -1.960853476278726e-02
9.080000 -1.620691158617479e-02
9.090000 -1.312227105305663e-02
9.100000 -1.049584430964278e-02
9.110000 -8.448650784519101e-03
9.120000 -7.076489080038688e-03
9.130000 -6.448610517883389e-03
9.140000 -6.607843502176087e-03
9.150000 -7.570773687883577e-03
9.160000 -9.327924149219423e-03
9.170000 -1.184393554804685e-02
9.180000 -1.505774630228158e-02
9.190000 -1.888277275429478e-02
9.200000 -2.320708933931582e-02
9.210000 -2.789367287723012e-02
9.220000 -3.278231422158455e-02
9.230000 -3.769576266704950e-02
9.240000 -4.244753790028064e-02
9.250000 -4.684980609279449e-02
9.260000 -5.072125599384423e-02
9.270000 -5.389497502329529e-02
9.280000 -5.622632536450111e-02
9.290000 -5.760082005717879e-02
9.300000 -5.794199909028482e-02
9.310000 -5.721917459672914e-02
9.320000 -5.545177236932602e-02
9.330000 -5.270503275097713e-02
9.340000 -4.908230743785052e-02
9.350000 -4.471722534357383e-02
9.360000 -3.976585846342754e-02
9.370000 -3.439888773853828e-02
9.380000 -2.879376892007206e-02
9.390000 -2.312689843342744e-02
9.400000 -1.756577924242893e-02
9.410000 -1.226125412904660e-02
9.420000 -7.341491956590459e-03
9.430000 -2.910424099291651e-03
9.440000 9.520659198857715e-04
9.450000 4.189885353430942e-03
9.460000 6.770475153472359e-03
9.470000 8.684552895964006e-03
9.480000 9.945855704871494e-03
9.490000 1.059088317635821e-02
9.500000 1.067864030297146e-02
9.510000 1.029032969165901e-02
9.520000 9.527725277426471e-03
9.530000 8.508198835990475e-03
9.540000 7.358427812115486e-03
9.550000 6.208052423785355e-03
9.560000 5.183332766374876e-03
9.570000 4.400805916821348e-03
9.580000 3.960943037796111e-03
9.590000 3.941806481876094e-03
9.600000 4.392706895715378e-03
9.610000 5.327970822705627e-03
9.620000 6.723581599055886e-03
9.630000 8.521114522603851e-03
9.640000 1.063454573097950e-02
9.650000 1.295717161985092e-02
9.660000 1.536852826117000e-02
9.670000 1.774131082141837e-02
9.680000 1.994829297985304e-02
9.690000 2.186924634675232e-02
9.700000 2.339785988166154e-02
9.710000 2.444858650720966e-02
9.720000 2.496159657602618e-02
9.730000 2.490292528937090e-02
9.740000 2.426272667915420e-02
9.750000 2.305345475655720e-02
9.760000 2.130804466065185e-02
9.770000 1.907809380702102e-02
9.780000 1.643204303637873e-02
9.790000 1.345335776319014e-02
9.800000 1.023870912429174e-02
9.810000 6.896136356051486e-03
9.820000 3.542721050587985e-03
9.830000 3.010222358253418e-04
9.840000 -2.704976744128427e-03
9.850000 -5.353940127936597e-03
9.860000 -7.531251635988888e-03
9.870000 -9.133086369356625e-03
9.880000 -1.007048270874794e-02
9.890000 -1.027341421346294e-02
9.900000 -9.694861520348829e-03
9.910000 -8.314823965055954e-03
9.920000 -6.142763770503219e-03
9.930000 -3.216071030143458e-03
9.940000 4.030390073608459e-04
9.950000 4.630688957740923e-03
9.960000 9.364502320725013e-03
9.970000 1.448676649964179e-02
9.980000 1.986759582102367e-02
9.990000 2.536809455421020e-02
10.000000 3.084351993095139e-02
10.010000 3.614645582334437e-02
10.020000 4.113026357786378e-02
10.030000 4.565323646203652e-02
10.040000 4.958303131650206e-02
10.050000 5.280111087033529e-02
10.060000 5.520718605636933e-02
10.070000 5.672365832651838e-02
10.080000 5.730006196710051e-02
10.090000 5.691750641416056e-02
10.100000 5.559311856879291e-02
10.110000 5.338437003302189e-02
10.120000 5.039041183466830e-02
10.130000 4.674581207120831e-02
10.140000 4.261130048564761e-02
10.150000 3.816439790725593e-02
10.160000 3.359004569230160e-02
10.170000 2.907123516478619e-02
10.180000 2.477963705717900e-02
10.190000 2.086623095115166e-02
10.200000 1.745193471831269e-02
10.210000 1.461836675235616e-02
10.220000 1.240206131490727e-02
10.230000 1.079745032962983e-02
10.240000 9.763298961297025e-03
10.250000 9.229274053402747e-03
10.260000 9.102512565772993e-03
10.270000 9.274190012177275e-03
10.280000 9.626088897939974e-03
10.290000 1.003716715755174e-02
10.300000 1.039012659228089e-02
10.310000 1.057792309300288e-02
10.320000 1.050876303329663e-02
10.330000 1.010725647460009e-02
10.340000 9.314056234828694e-03
10.350000 8.085438711531494e-03
10.360000 6.392884705047287e-03
10.370000 4.222660241660801e-03
10.380000 1.575397396758797e-03
10.390000 -1.534324882013740e-03
10.400000 -5.078399951597499e-03
10.410000 -9.015630118469418e-03
10.420000 -1.329261753101163e-02
10.430000 -1.784580828309148e-02
10.440000 -2.260399086087905e-02
10.450000 -2.749081206735336e-02
10.460000 -3.242729294680847e-02
10.470000 -3.733434470935969e-02
10.480000 -4.213528465544984e-02
10.490000 -4.675835210035520e-02
10.500000 -5.113922429869194e-02
10.510000 -5.522349952508321e-02
10.520000 -5.896832606525707e-02
10.530000 -6.234186289599878e-02
10.540000 -6.532188608830591e-02
10.550000 -6.789436234798134e-02
10.560000 -7.005202255622675e-02
10.570000 -7.179293531023581e-02
10.580000 -7.311908046378734e-02
10.590000 -7.403492266783876e-02
10.600000 -7.454598491111915e-02
10.610000 -7.465743921049321e-02
10.620000 -7.437314327650729e-02
10.630000 -7.369580939854407e-02
10.640000 -7.262761940661303e-02
10.650000 -7.117085679305671e-02
10.660000 -6.932853883425698e-02
10.670000 -6.710504871234142e-02
10.680000 -6.450676763688952e-02
10.690000 -6.154270696663893e-02
10.700000 -5.822514033119197e-02
10.710000 -5.457022833908774e-02
10.720000 -5.059845049503642e-02
10.730000 -4.633454766733983e-02
10.740000 -4.180727171902138e-02
10.750000 -3.704912772077680e-02
10.760000 -3.209611616392517e-02
10.770000 -2.698747517335961e-02
10.780000 -2.176542272049813e-02
10.790000 -1.647489883623451e-02
10.800000 -1.116330782388911e-02
10.810000 -5.880248989979814e-03
10.820000 -6.769487800340927e-04
10.830000 4.395065149897811e-03
10.840000 9.285588529555697e-03
10.850000 1.394737656024879e-02
10.860000 1.833778000063513e-02
10.870000 2.242038125250094e-02
10.880000 2.616663044654003e-02
10.890000 2.955748152813313e-02
10.900000 3.258502834312735e-02
10.910000 3.525410414794686e-02
10.920000 3.758292996036971e-02
10.930000 3.960134812434121e-02
10.940000 4.134810447546976e-02
10.950000 4.286809390685559e-02
10.960000 4.420960593491953e-02
10.970000 4.542157026523178e-02
10.980000 4.655080235834074e-02
10.990000 4.763924899560163e-02
11.000000 4.872123384500546e-02
11.010000 4.982073735831293e-02
11.020000 5.094956946820595e-02
11.030000 5.210780891920787e-02
11.040000 5.328513563126694e-02
11.050000 5.446219741790954e-02
11.060000 5.561197670439349e-02
11.070000 5.670115724586133e-02
11.080000 5.769149084549359e-02
11.090000 5.854116407266206e-02
11.100000 5.920616498108310e-02
11.110000 5.964165538021926e-02
11.120000 5.980348752219323e-02
11.130000 5.965008743120248e-02
11.140000 5.914448268727263e-02
11.150000 5.825633576714195e-02
11.160000 5.696397738514591e-02
11.170000 5.525643983410157e-02
11.180000 5.313549032619221e-02
11.190000 5.061766433385174e-02
11.200000 4.773629893064919e-02
11.210000 4.454350612212097e-02
11.220000 4.111058556933000e-02
11.230000 3.752447522199489e-02
11.240000 3.388264091185951e-02
11.250000 3.028790589276196e-02
11.260000 2.684328038070325e-02
11.270000 2.364679109391612e-02
11.280000 2.078631079293381e-02
11.290000 1.833438782065891e-02
11.300000 1.634307564243207e-02
11.310000 1.483884801145158e-02
11.320000 1.381974090161429e-02
11.330000 1.325814781038170e-02
11.340000 1.310584246458817e-02
11.350000 1.329908721515197e-02
11.360000 1.376374143178638e-02
11.370000 1.442036989771065e-02
11.380000 1.518935120436113e-02
11.390000 1.599598614610229e-02
11.400000 1.677560611493773e-02
11.410000 1.747861770562053e-02
11.420000 1.807388840148686e-02
11.430000 1.854792053920579e-02
11.440000 1.890236586707034e-02
11.450000 1.915147626496983e-02
11.460000 1.931955446436196e-02
11.470000 1.943840476824515e-02
11.480000 1.954478377113065e-02
11.490000 1.967785107901481e-02
11.500000 1.987662002935129e-02
11.510000 2.017742068709509e-02
11.520000 2.061168209571488e-02
11.530000 2.120452506700666e-02
11.540000 2.197367432227420e-02
11.550000 2.292838291922097e-02
11.560000 2.406835667884230e-02
11.570000 2.538267861231734e-02
11.580000 2.684873334790118e-02
11.590000 2.843113155781682e-02
11.600000 3.008063438514726e-02
11.610000 3.173312693902326e-02
11.620000 3.330986788212058e-02
11.630000 3.472097883182157e-02
11.640000 3.587021024955800e-02
11.650000 3.665975643803678e-02
11.660000 3.699507053846580e-02
11.670000 3.678967952777951e-02
11.680000 3.596999921586473e-02
11.690000 3.448014924278640e-02
11.700000 3.228676807601331e-02
11.710000 2.938375034782870e-02
11.720000 2.579496452307338e-02
11.730000 2.157184289673475e-02
11.740000 1.678895127861198e-02
11.750000 1.153948095384054e-02
11.760000 5.930740643416512e-03
11.770000 7.964846472125140e-05
11.780000 -5.891776107954291e-03
11.790000 -1.186092028288500e-02
11.800000 -1.770908599038721e-02
11.810000 -2.332596398287060e-02
11.820000 -2.861322527919606e-02
11.830000 -3.348587165545151e-02
11.840000 -3.787270319160817e-02
11.850000 -4.171675184991105e-02
11.860000 -4.497571505326926e-02
11.870000 -4.762238926364632e-02
11.880000 -4.964510356045060e-02
11.890000 -5.104815321892556e-02
11.900000 -5.185223328854020e-02
11.910000 -5.209483556851140e-02
11.920000 -5.182969365367479e-02
11.930000 -5.112381113877300e-02
11.940000 -5.005353757415412e-02
11.950000 -4.870060778670859e-02
11.960000 -4.714818120080592e-02
11.970000 -4.547688115923156e-02
11.980000 -4.376083424412355e-02
11.990000 -4.206370959790943e-02
12.000000 -4.043475824424301e-02
12.010000 -3.890491479720595e-02
12.020000 -3.748452171091428e-02
12.030000 -3.616517299250321e-02
12.040000 -3.492318101256413e-02
12.050000 -3.372310575955095e-02
12.060000 -3.252128409418651e-02
12.070000 -3.126935900386919e-02
12.080000 -2.991780885707907e-02
12.090000 -2.841947665778469e-02
12.100000 -2.673309929984920e-02
12.110000 -2.482679475049048e-02
12.120000 -2.268045508146008e-02
12.130000 -2.028536154851181e-02
12.140000 -1.764270513389409e-02
12.150000 -1.476206497942631e-02
12.160000 -1.165988681957522e-02
12.170000 -8.357961414531188e-03
12.180000 -4.881902983284643e-03
12.190000 -1.259627636702363e-03
12.200000 2.480168189396157e-03
12.210000 6.309507722224209e-03
12.220000 1.020207262609772e-02
12.230000 1.413271690024974e-02
12.240000 1.807641936076727e-02
12.250000 2.200721452339378e-02
12.260000 2.589712348633168e-02
12.270000 2.971508481304483e-02
12.280000 3.342588541506108e-02
12.290000 3.698909143477463e-02
12.300000 4.035797912824871e-02
12.310000 4.347845414063958e-02
12.320000 4.628766890090166e-02
12.330000 4.871187356285411e-02
12.340000 5.066396495439399e-02
12.350000 5.204102390821730e-02
12.360000 5.272185259254027e-02
12.370000 5.256451184182062e-02
12.380000 5.140385848747862e-02
12.390000 4.904908268861838e-02
12.400000 4.528124526274912e-02
12.410000 3.985180858805340e-02
12.420000 3.250700814504075e-02
12.430000 2.307783187191470e-02
12.440000 1.159584988612956e-02
12.450000 -1.589961249825605e-03
12.460000 -1.569639426264262e-02
12.470000 -2.938918690241011e-02
12.480000 -4.066619767682927e-02
12.490000 -4.674058158542969e-02
12.500000 -4.392396585378516e-02
