3.200000 1.012982987521072e+00
3.210000 1.803661126882635e+00
3.220000 2.359300142825261e+00
3.230000 2.736678191527199e+00
3.240000 2.981621275224815e+00
3.250000 3.130280589835469e+00
3.260000 3.210409872580397e+00
3.270000 3.242642749607591e+00
3.280000 3.241770083614676e+00
3.290000 3.218017321471794e+00
3.300000 3.178321841844481e+00
3.310000 3.127600144513781e+00
3.320000 3.069751003327680e+00
3.330000 3.007988499094492e+00
3.340000 2.944911115457399e+00
3.350000 2.882560686401203e+00
3.360000 2.822481343759077e+00
3.370000 2.765778464719326e+00
3.380000 2.713177619332134e+00
3.390000 2.665083518016320e+00
3.400000 2.621638959066096e+00
3.410000 2.582783451291974e+00
3.420000 2.548303392636530e+00
3.430000 2.517860817901474e+00
3.440000 2.491013705557007e+00
3.450000 2.467235959996081e+00
3.460000 2.445937393788669e+00
3.470000 2.426483709936021e+00
3.480000 2.408216484124931e+00
3.490000 2.390473146982003e+00
3.500000 2.372606966327905e+00
3.510000 2.354006893367392e+00
3.520000 2.334113872226847e+00
3.530000 2.312428173450518e+00
3.540000 2.288513192116560e+00
3.550000 2.261999110016041e+00
3.560000 2.232586557831953e+00
3.570000 2.200050277318232e+00
3.580000 2.164242783478760e+00
3.590000 2.125098026746384e+00
3.600000 2.082635055161922e+00
3.610000 2.036961527943332e+00
3.620000 1.988273366285204e+00
3.630000 1.936844600389322e+00
3.640000 1.883013355083208e+00
3.650000 1.827167686964576e+00
3.660000 1.769731421545779e+00
3.670000 1.711149990398271e+00
3.680000 1.651876268297058e+00
3.690000 1.592356410365149e+00
3.700000 1.533015689218018e+00
3.710000 1.474244456885208e+00
3.720000 1.416387350047452e+00
3.730000 1.359740726892511e+00
3.740000 1.304553346173408e+00
3.750000 1.251027170932509e+00
3.760000 1.199318172225612e+00
3.770000 1.149537132846022e+00
3.780000 1.101750451048643e+00
3.790000 1.055980944274055e+00
3.800000 1.012208652872599e+00
3.810000 9.703717174798280e-01
3.820000 9.303691708143010e-01
3.830000 8.920685883490101e-01
3.840000 8.553156527639586e-01
3.850000 8.199437919859771e-01
3.860000 7.857838172285483e-01
3.870000 7.526735610316234e-01
3.880000 7.204675153014458e-01
3.890000 6.890464693503678e-01
3.900000 6.583271479366751e-01
3.910000 6.282716845702548e-01
3.920000 5.988928128496984e-01
3.930000 5.702481899623606e-01
3.940000 5.424304396146061e-01
3.950000 5.155570303677858e-01
3.960000 4.897601539742123e-01
3.970000 4.651766037131356e-01
3.980000 4.419376527267190e-01
3.990000 4.201589323560134e-01
4.000000 3.999303104769351e-01
4.010000 3.813058893413748e-01
4.020000 3.642971097604002e-01
4.030000 3.488737393619685e-01
4.040000 3.349679662016876e-01
4.050000 3.224786117798087e-01
4.060000 3.112753440582187e-01
4.070000 3.012028904774339e-01
4.080000 2.920852509735916e-01
4.090000 2.837299109954432e-01
4.100000 2.759320545213474e-01
4.110000 2.684787907575590e-01
4.120000 2.611537364619844e-01
4.130000 2.537425008695116e-01
4.140000 2.460385261325180e-01
4.150000 2.378489414316447e-01
4.160000 2.290004170865723e-01
4.170000 2.193450186667962e-01
4.180000 2.087660611024014e-01
4.190000 1.971839627948379e-01
4.200000 1.845620997276962e-01
4.210000 1.709125319862665e-01
4.220000 1.562984137065964e-01
4.230000 1.408279853086351e-01
4.240000 1.246452501600047e-01
4.250000 1.079205237486695e-01
4.260000 9.084098285560457e-02
4.270000 7.360121472746456e-02
4.280000 5.639376624925265e-02
4.290000 3.939969311698945e-02
4.300000 2.277910901038184e-02
4.310000 6.661851227341581e-03
4.320000 -8.858826384587957e-03
4.330000 -2.372487694817753e-02
4.340000 -3.790905766832778e-02
4.350000 -5.141041057091290e-02
4.360000 -6.424974324162444e-02
4.370000 -7.646510956481488e-02
4.380000 -8.810729046234161e-02
4.390000 -9.923527463241034e-02
4.400000 -1.099117392884191e-01
4.410000 -1.201985680031281e-01
4.420000 -1.301533330711093e-01
4.430000 -1.398282259144420e-01
4.440000 -1.492699517314921e-01
4.450000 -1.585196612234988e-01
4.460000 -1.676128823211604e-01
4.470000 -1.765794519112213e-01
4.480000 -1.854434475630573e-01
4.490000 -1.942231192552627e-01
4.500000 -2.029308211022362e-01
4.510000 -2.115729455083299e-01
4.520000 -2.201499204246321e-01
4.530000 -2.286563667671710e-01
4.540000 -2.370813189202689e-01
4.550000 -2.454084476657124e-01
4.560000 -2.536162831119204e-01
4.570000 -2.616784376231144e-01
4.580000 -2.695638287484869e-01
4.590000 -2.772369021513709e-01
4.600000 -2.846578545384091e-01
4.610000 -2.917828793082166e-01
4.620000 -2.985650027798618e-01
4.630000 -3.049564193840152e-01
4.640000 -3.109114172751795e-01
4.650000 -3.163893266475390e-01
4.660000 -3.213574680508110e-01
4.670000 -3.257941007060946e-01
4.680000 -3.296913708217213e-01
4.690000 -3.330582599091051e-01
4.700000 -3.359235330985922e-01
4.710000 -3.383386214797743e-01
4.720000 -3.403787894353326e-01
4.730000 -3.421399490640217e-01
4.740000 -3.437337600439661e-01
4.750000 -3.452826635650950e-01
4.760000 -3.469149162615802e-01
4.770000 -3.487596241442704e-01
4.780000 -3.509417765331284e-01
4.790000 -3.535772799896676e-01
4.800000 -3.567679922493872e-01
4.810000 -3.605968005123255e-01
4.820000 -3.651238528119154e-01
4.830000 -3.703857160595761e-01
4.840000 -3.763956868767518e-01
4.850000 -3.831441467559824e-01
4.860000 -3.905989172219725e-01
4.870000 -3.987056149926619e-01
4.880000 -4.073880071402956e-01
4.890000 -4.165483662524932e-01
4.900000 -4.260678255933193e-01
4.910000 -4.358067865628965e-01
4.920000 -4.456066856537500e-01
4.930000 -4.552952120163141e-01
4.940000 -4.646928841894875e-01
4.950000 -4.736196790965658e-01
4.960000 -4.819016610411717e-01
4.970000 -4.893776107031866e-01
4.980000 -4.959056541346831e-01
4.990000 -5.013698917558544e-01
5.000000 -5.056870273509481e-01
5.010000 -5.088128870441367e-01
5.020000 -5.107460782932656e-01
5.030000 -5.115243897846118e-01
5.040000 -5.112183320196293e-01
5.050000 -5.099245679490443e-01
5.060000 -5.077593436069495e-01
5.070000 -5.048519187449033e-01
5.080000 -5.013379974660234e-01
5.090000 -4.973531588590831e-01
5.100000 -4.930262876326083e-01
5.110000 -4.884730690168037e-01
5.120000 -4.837911543250616e-01
5.130000 -4.790595669382725e-01
5.140000 -4.743397785687501e-01
5.150000 -4.696768497539925e-01
5.160000 -4.651005703504412e-01
5.170000 -4.606266000272414e-01
5.180000 -4.562576087600032e-01
5.190000 -4.519844173245601e-01
5.200000 -4.477871377907306e-01
5.210000 -4.436363320878395e-01
5.220000 -4.394946403536688e-01
5.230000 -4.353196016798897e-01
5.240000 -4.310669445379610e-01
5.250000 -4.266938952664957e-01
5.260000 -4.221624865586255e-01
5.270000 -4.174428659493674e-01
5.280000 -4.125166043029893e-01
5.290000 -4.073800043003747e-01
5.300000 -4.020474089263895e-01
5.310000 -3.965544201836573e-01
5.320000 -3.909587840868116e-01
5.330000 -3.853353522242051e-01
5.340000 -3.797687100922662e-01
5.350000 -3.743457157054824e-01
5.360000 -3.691480382063860e-01
5.370000 -3.642446964755375e-01
5.380000 -3.596845977415092e-01
5.390000 -3.554890761908711e-01
5.400000 -3.516444315781744e-01
5.410000 -3.480946254636449e-01
5.420000 -3.447380751069843e-01
5.430000 -3.414348480497138e-01
5.440000 -3.380179535233329e-01
5.450000 -3.343047914021582e-01
5.460000 -3.301086011561615e-01
5.470000 -3.252499108038084e-01
5.480000 -3.195679858648975e-01
5.490000 -3.129322783133979e-01
5.500000 -3.052538755302894e-01
5.510000 -2.964967765587985e-01
5.520000 -2.866846789201576e-01
5.530000 -2.758963702674375e-01
5.540000 -2.642566314724512e-01
5.550000 -2.519269671023137e-01
5.560000 -2.390963358960014e-01
5.570000 -2.259718812409110e-01
5.580000 -2.127696616494189e-01
5.590000 -1.997053812354403e-01
5.600000 -1.869851201909889e-01
5.610000 -1.747961465730977e-01
5.620000 -1.632998418454449e-01
5.630000 -1.526299916057334e-01
5.640000 -1.428931896744314e-01
5.650000 -1.341693234545418e-01
5.660000 -1.265120592913715e-01
5.670000 -1.199493278323004e-01
5.680000 -1.144838093865509e-01
5.690000 -1.100934192849570e-01
5.700000 -1.067317932397335e-01
5.710000 -1.043288023549246e-01
5.720000 -1.027918389448504e-01
5.730000 -1.020090588450382e-01
5.740000 -1.018533943940894e-01
5.750000 -1.021865970525181e-01
5.760000 -1.028632800215916e-01
5.770000 -1.037349608621692e-01
5.780000 -1.046541041135423e-01
5.790000 -1.054781639122735e-01
5.800000 -1.060736266110361e-01
5.810000 -1.063200184547364e-01
5.820000 -1.061130048692004e-01
5.830000 -1.053651840387850e-01
5.840000 -1.040059722505689e-01
5.850000 -1.019814543112274e-01
5.860000 -9.925423396390701e-02
5.870000 -9.580328430509999e-02
5.880000 -9.162379820151947e-02
5.890000 -8.672703870697360e-02
5.900000 -8.114018947924066e-02
5.910000 -7.490618786254759e-02
5.920000 -6.808310733389991e-02
5.930000 -6.074239611912827e-02
5.940000 -5.296666524546410e-02
5.950000 -4.484745926698644e-02
5.960000 -3.648302699006901e-02
5.970000 -2.797609219882735e-02
5.980000 -1.943162438056576e-02
5.990000 -1.095460945122443e-02
6.000000 -2.647820480826463e-03
6.010000 5.390404740087309e-03
6.020000 1.306820829011164e-02
6.030000 2.030180529123939e-02
6.040000 2.701689926642362e-02
6.050000 3.315009065887307e-02
6.060000 3.865028535134756e-02
6.070000 4.348010318545358e-02
6.080000 4.761728648093958e-02
6.090000 5.105610855499151e-02
6.100000 5.380878224152826e-02
6.110000 5.590681223697284e-02
6.120000 5.740088710350239e-02
6.130000 5.835706451725684e-02
6.140000 5.885149638539246e-02
6.150000 5.896509781074754e-02
6.160000 5.877821605650830e-02
6.170000 5.836529951087451e-02
6.180000 5.778956665172541e-02
6.190000 5.709767501128542e-02
6.200000 5.631439014078990e-02
6.210000 5.543736547452344e-02
6.220000 5.443480526275438e-02
6.230000 5.325044556478830e-02
6.240000 5.181141791747379e-02
6.250000 5.003622386373622e-02
6.260000 4.784270948111165e-02
6.270000 4.515603991028066e-02
6.280000 4.191667388360210e-02
6.290000 3.808833825364698e-02
6.300000 3.366600252173235e-02
6.310000 2.868371884433081e-02
6.320000 2.321896482295314e-02
6.330000 1.738810931343844e-02
6.340000 1.133838146704949e-02
6.350000 5.239705294277163e-03
6.360000 -7.234657713553104e-04
6.370000 -6.360314309487860e-03
6.380000 -1.148182434911928e-02
6.390000 -1.590894680480287e-02
6.400000 -1.948076491284198e-02
6.410000 -2.206259084229509e-02
6.420000 -2.355227302270598e-02
6.430000 -2.388196171742182e-02
6.440000 -2.301808552821928e-02
6.450000 -2.096125909619808e-02
6.460000 -1.774619080267471e-02
6.470000 -1.344159047007605e-02
6.480000 -8.150077062833010e-03
6.490000 -2.008086388274167e-03
6.500000 4.814221202480561e-03
6.510000 1.211314938581934e-02
6.520000 1.965415729036953e-02
6.530000 2.718090396419456e-02
6.540000 3.442679541596322e-02
6.550000 4.112662790036620e-02
6.560000 4.702823120353240e-02
6.570000 5.190411192844554e-02
6.580000 5.556309678036037e-02
6.590000 5.786197585221940e-02
6.600000 5.871714591006904e-02
6.610000 5.811605174516578e-02
6.620000 5.612337769424913e-02
6.630000 5.287391335252590e-02
6.640000 4.856016999758012e-02
6.650000 4.341979513424805e-02
6.660000 3.772298703949337e-02
6.670000 3.175990930728221e-02
6.680000 2.582810539345839e-02
6.690000 2.021991316061850e-02
6.700000 1.520987942298692e-02
6.710000 1.104228417671459e-02
6.720000 7.921516434186187e-03
6.730000 6.009688401163981e-03
6.740000 5.427100986708991e-03
6.750000 6.252818971402460e-03
6.760000 8.525246175567335e-03
6.770000 1.224270062748974e-02
6.780000 1.736398973164044e-02
6.790000 2.380898543689639e-02
6.800000 3.145919940476209e-02
6.810000 4.015842056496964e-02
6.820000 4.971497463022386e-02
6.830000 5.990810071306896e-02
6.840000 7.049594976104159e-02
6.850000 8.122364536511655e-02
6.860000 9.183134456815240e-02
6.870000 1.020622986733373e-01
6.880000 1.116709140526345e-01
6.890000 1.204308129552284e-01
6.900000 1.281428943159695e-01
6.910000 1.346433019660307e-01
6.920000 1.398089854523523e-01
6.930000 1.435571500271837e-01
6.940000 1.458422994355748e-01
6.950000 1.466531861239914e-01
6.960000 1.460097614489321e-01
6.970000 1.439601258855447e-01
6.980000 1.405774792362426e-01
6.990000 1.359570708393206e-01
7.000000 1.302131497775720e-01
7.010000 1.234759188665763e-01
7.020000 1.158885869089218e-01
7.030000 1.076046703839570e-01
7.040000 9.878539339656738e-02
7.050000 8.959709140493410e-02
7.060000 8.020861494829164e-02
7.070000 7.078873337468616e-02
7.080000 6.150353856873350e-02
7.090000 5.251384867937738e-02
7.100000 4.397261184764750e-02
7.110000 3.602232548593091e-02
7.120000 2.879285987652373e-02
7.130000 2.240030808729084e-02
7.140000 1.694624018152484e-02
7.150000 1.251697297681004e-02
7.160000 9.182839803886676e-03
7.170000 6.997460265514975e-03
7.180000 5.997009995339288e-03
7.190000 6.199490416752152e-03
7.200000 7.603998501758466e-03
7.210000 1.019001706390221e-02
7.220000 1.391723891386091e-02
7.230000 1.872674616845927e-02
7.240000 2.454272339364901e-02
7.250000 3.127419127868113e-02
7.260000 3.881674031027831e-02
7.270000 4.705426444680712e-02
7.280000 5.586069479245049e-02
7.290000 6.510173327137986e-02
7.300000 7.463658630192767e-02
7.310000 8.431970674140010e-02
7.320000 9.400275085971886e-02
7.330000 1.035370811430587e-01
7.340000 1.127764841165320e-01
7.350000 1.215798964365355e-01
7.360000 1.298141309830971e-01
7.370000 1.373566029522233e-01
7.380000 1.440980559482452e-01
7.390000 1.499452880761661e-01
7.400000 1.548238780340078e-01
7.410000 1.586808767116382e-01
7.420000 1.614866019847887e-01
7.430000 1.632341570469218e-01
7.440000 1.639380519696680e-01
7.450000 1.636327907730824e-01
7.460000 1.623714584958987e-01
7.470000 1.602243082657855e-01
7.480000 1.572773483696014e-01
7.490000 1.536309293236509e-01
7.500000 1.493983309439394e-01
7.510000 1.447043277956878e-01
7.520000 1.396831925166079e-01
7.530000 1.344752722249904e-01
7.540000 1.292230028178283e-01
7.550000 1.240669016498242e-01
7.560000 1.191415602124002e-01
7.570000 1.145716368127056e-01
7.580000 1.104678492526260e-01
7.590000 1.069229675077923e-01
7.600000 1.040078064065885e-01
7.610000 1.017672815059173e-01
7.620000 1.002181080554432e-01
7.630000 9.935067083561909e-02
7.640000 9.913253705021663e-02
7.650000 9.951203241221414e-02
7.660000 1.004218172296849e-01
7.670000 1.017824624916856e-01
7.680000 1.035060259541446e-01
7.690000 1.054996282257502e-01
7.700000 1.076690288538388e-01
7.710000 1.099221798002837e-01
7.720000 1.121721910632212e-01
7.730000 1.143388040628536e-01
7.740000 1.163492771803842e-01
7.750000 1.181392486876810e-01
7.760000 1.196535996769407e-01
7.770000 1.208473169903526e-01
7.780000 1.216863561497629e-01
7.790000 1.221485042863385e-01
7.800000 1.222242430702309e-01
7.810000 1.219175756315416e-01
7.820000 1.212459172582131e-01
7.830000 1.202376095325701e-01
7.840000 1.189284982486587e-01
7.850000 1.173584753212739e-01
7.860000 1.155680206949869e-01
7.870000 1.135947442531726e-01
7.880000 1.114699277270371e-01
7.890000 1.092150666046452e-01
7.900000 1.068384120399475e-01
7.910000 1.043315874867988e-01
7.920000 1.016681481891578e-01
7.930000 9.880707254717802e-02
7.940000 9.569819634751661e-02
7.950000 9.228772171943547e-02
7.960000 8.852372609090418e-02
7.970000 8.436167114470179e-02
7.980000 7.976991177451895e-02
7.990000 7.473520504106027e-02
8.000000 6.926821912814626e-02
8.010000 6.340894441125432e-02
8.020000 5.722955942420360e-02
8.030000 5.083083614258943e-02
8.040000 4.433600013378427e-02
8.050000 3.788449281621994e-02
8.060000 3.162573371866966e-02
8.070000 2.571288273953022e-02
8.080000 2.029660240610405e-02
8.090000 1.551882013388137e-02
8.100000 1.150649048582228e-02
8.110000 8.365415033846888e-03
8.120000 6.175559902507834e-03
8.130000 4.990175160587715e-03
8.140000 4.836411925848831e-03
8.150000 5.715997075087844e-03
8.160000 7.605907954190467e-03
8.170000 1.045904708818614e-02
8.180000 1.420491689130274e-02
8.190000 1.875029437702120e-02
8.200000 2.397990586813023e-02
8.210000 2.975714825451327e-02
8.220000 3.592602052000205e-02
8.230000 4.231612753517807e-02
8.240000 4.874889415427769e-02
8.250000 5.504382586333362e-02
8.260000 6.102476942831617e-02
8.270000 6.652617354327457e-02
8.280000 7.139934947847820e-02
8.290000 7.551873172855809e-02
8.300000 7.878813866064796e-02
8.310000 8.114693495063573e-02
8.320000 8.257364043423603e-02
8.330000 8.308305665966478e-02
8.340000 8.272083976008675e-02
8.350000 8.155797510466800e-02
8.360000 7.968525194962850e-02
8.370000 7.720773808929483e-02
8.380000 7.423925450715251e-02
8.390000 7.089685002689881e-02
8.400000 6.729527596349515e-02
8.410000 6.354151035624475e-02
8.420000 5.973057138143561e-02
8.430000 5.594460337216550e-02
8.440000 5.225325207638142e-02
8.450000 4.871408950280879e-02
8.460000 4.537303876688088e-02
8.470000 4.226479893666783e-02
8.480000 3.941326987880622e-02
8.490000 3.683197710442818e-02
8.500000 3.452449661509070e-02
8.510000 3.248488937085142e-02
8.520000 3.069838594491575e-02
8.530000 2.914270628434458e-02
8.540000 2.778962967078469e-02
8.550000 2.660657430469062e-02
8.560000 2.555817688954672e-02
8.570000 2.460787221608908e-02
8.580000 2.371947274652751e-02
8.590000 2.285874819876749e-02
8.600000 2.199500513063219e-02
8.610000 2.110264738554832e-02
8.620000 2.016223891159888e-02
8.630000 1.916030333532488e-02
8.640000 1.808862587802282e-02
8.650000 1.694353613041884e-02
8.660000 1.572519082734306e-02
8.670000 1.443685662240378e-02
8.680000 1.308419286266179e-02
8.690000 1.167453436330452e-02
8.700000 1.021617418232041e-02
8.710000 8.717654994963870e-03
8.720000 7.187284075357969e-03
8.730000 5.633215916169411e-03
8.740000 4.063758471142587e-03
8.750000 2.487687998996584e-03
8.760000 9.145639073222044e-04
8.770000 -6.449564035210098e-04
8.780000 -2.178802696507781e-03
8.790000 -3.673177054050064e-03
8.800000 -5.112239034100038e-03
8.810000 -6.477801257910989e-03
8.820000 -7.749296237953700e-03
8.830000 -8.904431765587474e-03
8.840000 -9.920117560200836e-03
8.850000 -1.077340235214158e-02
8.860000 -1.144241096564677e-02
8.870000 -1.190728140177278e-02
8.880000 -1.215110192132532e-02
8.890000 -1.216084812778948e-02
8.900000 -1.192832005025969e-02
8.910000 -1.145106918904097e-02
8.920000 -1.073306457256611e-02
8.930000 -9.784696275807464e-03
8.940000 -8.622517927337250e-03
8.950000 -7.268979176792258e-03
8.960000 -5.752158162338566e-03
8.970000 -4.105493978136266e-03
8.980000 -2.367519141804143e-03
8.990000 -5.815920618844140e-04
9.000000 1.204370494692583e-03
9.010000 2.938174389961483e-03
9.020000 4.563978954159749e-03
9.030000 6.023815952757594e-03
9.040000 7.259458438652127e-03
9.050000 8.214303062507275e-03
9.060000 8.835252383093701e-03
9.070000 9.074597177628721e-03
9.080000 8.891898752116226e-03
9.090000 8.255871251686598e-03
9.100000 7.146263970936611e-03
9.110000 5.555709986064667e-03
9.120000 3.490699081253047e-03
9.130000 9.703276147575810e-04
9.140000 -1.975827411300616e-03
9.150000 -5.309867968402660e-03
9.160000 -8.987734619099378e-03
9.170000 -1.296136613447884e-02
9.180000 -1.718085911163380e-02
9.190000 -2.159662759112928e-02
9.200000 -2.616156267446998e-02
9.210000 -3.083316348163554e-02
9.220000 -3.557492288380737e-02
9.230000 -4.035582140596116e-02
9.240000 -4.514907582143259e-02
9.250000 -4.993085907822909e-02
9.260000 -5.467902022534141e-02
9.270000 -5.937180433905524e-02
9.280000 -6.398657244926284e-02
9.290000 -6.849852146577481e-02
9.300000 -7.287940410463155e-02
9.310000 -7.709627349873867e-02
9.320000 -8.111086966250047e-02
9.330000 -8.488063537584931e-02
9.340000 -8.836037399925810e-02
9.350000 -9.150393198077440e-02
9.360000 -9.426588136305521e-02
9.370000 -9.660320229040111e-02
9.380000 -9.847696551579085e-02
9.390000 -9.985401490791559e-02
9.400000 -1.007086499582137e-01
9.410000 -1.010242847294200e-01
9.420000 -1.007944942206936e-01
9.430000 -1.000225056136002e-01
9.440000 -9.872007685613227e-02
9.450000 -9.690635168038848e-02
9.460000 -9.460671462025455e-02
9.470000 -9.185164602908354e-02
9.480000 -8.867557709737611e-02
9.490000 -8.511574487046099e-02
9.500000 -8.121104726617523e-02
9.510000 -7.700091313574486e-02
9.520000 -7.252456349057829e-02
9.530000 -6.782126575644436e-02
9.540000 -6.293097924695192e-02
9.550000 -5.789501568556851e-02
9.560000 -5.275669972763889e-02
9.570000 -4.756202948240373e-02
9.580000 -4.236033703501816e-02
9.590000 -3.720494896857043e-02
9.600000 -3.215384688610052e-02
9.610000 -2.727030139570165e-02
9.620000 -2.262281605587591e-02
9.630000 -1.828331955475665e-02
9.640000 -1.432466774969595e-02
9.650000 -1.081811915994611e-02
9.660000 -7.830810459341191e-03
9.670000 -5.423231968978562e-03
9.680000 -3.646703149900340e-03
9.690000 -2.540848095774958e-03
9.700000 -2.131071025578655e-03
9.710000 -2.426065101083383e-03
9.720000 -3.416187795385585e-03
9.730000 -5.074036136228815e-03
9.740000 -7.355888632976230e-03
9.750000 -1.020318054165035e-02
9.760000 -1.354397912997283e-02
9.770000 -1.729445894240427e-02
9.780000 -2.136037706518396e-02
9.790000 -2.563854839136966e-02
9.800000 -3.001832088587737e-02
9.810000 -3.438307180349977e-02
9.820000 -3.861224875466916e-02
9.830000 -4.258479395780750e-02
9.840000 -4.618311342730689e-02
9.850000 -4.929706712327700e-02
9.860000 -5.182795910129288e-02
9.870000 -5.369252766214241e-02
9.880000 -5.482693550157399e-02
9.890000 -5.519075986004415e-02
9.900000 -5.477098267246508e-02
9.910000 -5.358589900777007e-02
9.920000 -5.168690075553120e-02
9.930000 -4.915486625164618e-02
9.940000 -4.609442479077003e-02
9.950000 -4.262813939253408e-02
9.960000 -3.889068956776496e-02
9.970000 -3.502305408470337e-02
9.980000 -3.116669373522303e-02
9.990000 -2.745773410104959e-02
10.000000 -2.402114831997955e-02
10.010000 -2.096499861472579e-02
10.020000 -1.837620586743643e-02
10.030000 -1.632019842429752e-02
10.040000 -1.484208921757000e-02
10.050000 -1.396791167742947e-02
10.060000 -1.370585564380602e-02
10.070000 -1.404750327822399e-02
10.080000 -1.496906497564175e-02
10.090000 -1.643261527629149e-02
10.100000 -1.838732877751902e-02
10.110000 -2.077072805877982e-02
10.120000 -2.351024399520565e-02
10.130000 -2.652556913133525e-02
10.140000 -2.973132350155788e-02
10.150000 -3.303973246952727e-02
10.160000 -3.636330456757569e-02
10.170000 -3.961750933612792e-02
10.180000 -4.272345516311537e-02
10.190000 -4.561056712338989e-02
10.200000 -4.821926481813794e-02
10.210000 -5.050360428653596e-02
10.220000 -5.243298565040863e-02
10.230000 -5.399148892754606e-02
10.240000 -5.517627539640800e-02
10.250000 -5.599595301490715e-02
10.260000 -5.646894183919293e-02
10.270000 -5.662183944243514e-02
10.280000 -5.648778633360749e-02
10.290000 -5.610483137627130e-02
10.300000 -5.551429720735900e-02
10.310000 -5.475915557790327e-02
10.320000 -5.388266070616907e-02
10.330000 -5.292763765171442e-02
10.340000 -5.193602875414511e-02
10.350000 -5.094844999904374e-02
10.360000 -5.000374738389872e-02
10.370000 -4.913855328403353e-02
10.380000 -4.838684281853561e-02
10.390000 -4.777949021618554e-02
10.400000 -4.734382518138605e-02
10.410000 -4.710318834110062e-02
10.420000 -4.707646279400578e-02
10.430000 -4.727754498963482e-02
10.440000 -4.771479170469412e-02
10.450000 -4.839046609988498e-02
10.460000 -4.930018377672545e-02
10.470000 -5.043235883437203e-02
10.480000 -5.176764992644162e-02
10.490000 -5.327840631783314e-02
10.500000 -5.492811394154945e-02
10.510000 -5.667086864124509e-02
10.520000 -5.845155636660637e-02
10.530000 -6.020782813799382e-02
10.540000 -6.187278211889045e-02
10.550000 -6.337767288957344e-02
10.560000 -6.465462072078587e-02
10.570000 -6.563932084740831e-02
10.580000 -6.627375274213057e-02
10.590000 -6.650888938912335e-02
10.600000 -6.630740655770991e-02
10.610000 -6.564635497352231e-02
10.620000 -6.451886764869971e-02
10.630000 -6.293341772185555e-02
10.640000 -6.091211123759861e-02
10.650000 -5.848894280158937e-02
10.660000 -5.570805123559674e-02
10.670000 -5.262197523255470e-02
10.680000 -4.928990901161875e-02
10.690000 -4.577595797322252e-02
10.700000 -4.214739435413449e-02
10.710000 -3.847291260475685e-02
10.720000 -3.482087754336416e-02
10.730000 -3.125755417272009e-02
10.740000 -2.784533027193087e-02
10.750000 -2.464093871037078e-02
10.760000 -2.169367976160776e-02
10.770000 -1.904364341732895e-02
10.780000 -1.671993170126623e-02
10.790000 -1.473888098312177e-02
10.800000 -1.310228429249360e-02
10.810000 -1.179566278508834e-02
10.820000 -1.078781541789398e-02
10.830000 -1.003361370451922e-02
10.840000 -9.478074991418081e-03
10.850000 -9.060484917594385e-03
10.860000 -8.718519874306154e-03
10.870000 -8.392369464770044e-03
10.880000 -8.028858963865735e-03
10.890000 -7.585571777840394e-03
10.900000 -7.034971904013087e-03
10.910000 -6.368456166790816e-03
10.920000 -5.598580269253352e-03
10.930000 -4.756648561022014e-03
10.940000 -3.888477160939044e-03
10.950000 -3.050086809982735e-03
10.960000 -2.303395724182612e-03
10.970000 -1.711912447534568e-03
10.980000 -1.336428704916043e-03
10.990000 -1.230712255001175e-03
11.000000 -1.437199743175951e-03
11.010000 -1.982744900327601e-03
11.020000 -2.875806034343481e-03
11.030000 -4.107287586793469e-03
11.040000 -5.652821357372663e-03
11.050000 -7.475103111723380e-03
11.060000 -9.526229189257128e-03
11.070000 -1.175003311097663e-02
11.080000 -1.408442218729781e-02
11.090000 -1.646371412587175e-02
11.100000 -1.882097363940676e-02
11.110000 -2.109034159739149e-02
11.120000 -2.320917027755313e-02
11.130000 -2.511966634278881e-02
11.140000 -2.677033986570107e-02
11.150000 -2.811744589182160e-02
11.160000 -2.912642600283498e-02
11.170000 -2.977334987980226e-02
11.180000 -3.004635686638482e-02
11.190000 -2.994709753206788e-02
11.200000 -2.949217523538432e-02
11.210000 -2.871454325689181e-02
11.220000 -2.766374648963194e-02
11.230000 -2.640322967681011e-02
11.240000 -2.500648988675287e-02
11.250000 -2.355318452559865e-02
11.260000 -2.212523934998817e-02
11.270000 -2.080295647975509e-02
11.280000 -1.966112241061647e-02
11.290000 -1.876511602686340e-02
11.300000 -1.816701661405147e-02
11.310000 -1.790176685253768e-02
11.320000 -1.798476563940656e-02
11.330000 -1.841309099267603e-02
11.340000 -1.916815319196641e-02
11.350000 -2.021840294082313e-02
11.360000 -2.152203952903949e-02
11.370000 -2.302971899497928e-02
11.380000 -2.468726228789959e-02
11.390000 -2.643836343027347e-02
11.400000 -2.822729768011266e-02
11.410000 -3.000160240880107e-02
11.420000 -3.171404841554263e-02
11.430000 -3.332280977798013e-02
11.440000 -3.479092393104777e-02
11.450000 -3.608572444049665e-02
11.460000 -3.717827377641997e-02
11.470000 -3.804279608677855e-02
11.480000 -3.865610997092604e-02
11.490000 -3.899706125313440e-02
11.500000 -3.904595575611924e-02
11.510000 -3.878401046459223e-02
11.520000 -3.819328294501825e-02
11.530000 -3.725781498362865e-02
11.540000 -3.596525462504761e-02
11.550000 -3.430849661538651e-02
11.560000 -3.228732284533833e-02
11.570000 -2.991004279327197e-02
11.580000 -2.719513396832667e-02
11.590000 -2.417288235350628e-02
11.600000 -2.088702284877379e-02
11.610000 -1.739632438096194e-02
11.620000 -1.377473599386540e-02
11.630000 -1.010787947530538e-02
11.640000 -6.488102517960238e-03
11.650000 -3.009476502370737e-03
11.660000 2.372057200544363e-04
11.670000 3.169432044033358e-03
11.680000 5.717973327405439e-03
11.690000 7.831885608126065e-03
11.700000 9.483512321261168e-03
11.710000 1.067339122338298e-02
11.720000 1.143268307810475e-02
11.730000 1.181930842584135e-02
11.740000 1.191160532540022e-02
11.750000 1.180189172404254e-02
11.760000 1.159002782754447e-02
11.770000 1.137697847025838e-02
11.780000 1.125837548517402e-02
11.790000 1.131808007397974e-02
11.800000 1.162174517712371e-02
11.810000 1.221047067128988e-02
11.820000 1.309687271059238e-02
11.830000 1.426728227993037e-02
11.840000 1.568635868093030e-02
11.850000 1.730179592419004e-02
11.860000 1.904902912152286e-02
11.870000 2.085594087820152e-02
11.880000 2.264756768520231e-02
11.890000 2.435080631144905e-02
11.900000 2.589912019605720e-02
11.910000 2.723719390565668e-02
11.920000 2.832423692183105e-02
11.930000 2.913385823068016e-02
11.940000 2.965258978996557e-02
11.950000 2.987835801608140e-02
11.960000 2.981895527102530e-02
11.970000 2.949051134936919e-02
11.980000 2.891596496523020e-02
11.990000 2.812353523924156e-02
12.000000 2.714519318552341e-02
12.010000 2.601513707810246e-02
12.020000 2.476836871070130e-02
12.030000 2.343952581442745e-02
12.040000 2.206181540347067e-02
12.050000 2.066595100371276e-02
12.060000 1.927908988133751e-02
12.070000 1.792377027144051e-02
12.080000 1.661684860663901e-02
12.090000 1.536843674568180e-02
12.100000 1.418083920205910e-02
12.110000 1.304751876168295e-02
12.120000 1.195280042401642e-02
12.130000 1.087344987833205e-02
12.140000 9.780990563007734e-03
12.150000 8.644049139852008e-03
12.160000 7.430700968429377e-03
12.170000 6.110815580385606e-03
12.180000 4.658402153773038e-03
12.190000 3.053954987375897e-03
12.200000 1.286798975035594e-03
12.210000 -6.425981706023174e-04
12.220000 -2.721178458268249e-03
12.230000 -4.924041723168905e-03
12.240000 -7.216058807214066e-03
12.250000 -9.553518020941676e-03
12.260000 -1.188577160544293e-02
12.270000 -1.415688219428736e-02
12.280000 -1.630726927544791e-02
12.290000 -1.827535565322601e-02
12.300000 -1.999921391017671e-02
12.310000 -2.141822882403746e-02
12.320000 -2.247517473692909e-02
12.330000 -2.311934645881177e-02
12.340000 -2.331010527597396e-02
12.350000 -2.302044092980109e-02
12.360000 -2.224053359554431e-02
12.370000 -2.098131586108920e-02
12.380000 -1.927803470572449e-02
12.390000 -1.719381347891078e-02
12.400000 -1.482321387904931e-02
12.410000 -1.229504383334178e-02
12.420000 -9.755552901809517e-03
12.430000 -7.301832796509604e-03
12.440000 -4.895598042480250e-03
12.450000 -2.276211801534215e-03
12.460000 1.126288303947717e-03
12.470000 6.278164367223282e-03
12.480000 1.462895237339529e-02
12.490000 2.819843637561814e-02
12.500000 4.966362267130440e-02
