3.300000 3.345946251565501e+00
3.310000 3.367288558380960e+00
3.320000 3.263268301669848e+00
3.330000 3.080821372654413e+00
3.340000 2.856496043116243e+00
3.350000 2.617702761728870e+00
3.360000 2.383963950390362e+00
3.370000 2.168163800555937e+00
3.380000 1.977798069570548e+00
3.390000 1.816223877001498e+00
3.400000 1.683909500971029e+00
3.410000 1.579674347396032e+00
3.420000 1.501673491705100e+00
3.430000 1.447733949581203e+00
3.440000 1.415435616269311e+00
3.450000 1.402182388399874e+00
3.460000 1.405273285812313e+00
3.470000 1.421973573378499e+00
3.480000 1.449585882826239e+00
3.490000 1.485521334562762e+00
3.500000 1.527370659498198e+00
3.510000 1.572974515309927e+00
3.520000 1.620472864332339e+00
3.530000 1.668301209964042e+00
3.540000 1.715165902402162e+00
3.550000 1.760018639587660e+00
3.560000 1.802030968150654e+00
3.570000 1.840568784355737e+00
3.580000 1.875166835047298e+00
3.590000 1.905503218594843e+00
3.600000 1.931373885838311e+00
3.610000 1.952667309255894e+00
3.620000 1.969343524658933e+00
3.630000 1.981424270383535e+00
3.640000 1.988987497437497e+00
3.650000 1.992162047712550e+00
3.660000 1.991122332196585e+00
3.670000 1.986083009185910e+00
3.680000 1.977293662497475e+00
3.690000 1.965033479681117e+00
3.700000 1.949605930231803e+00
3.710000 1.931333437964315e+00
3.720000 1.910551901654373e+00
3.730000 1.887604830577529e+00
3.740000 1.862837328367760e+00
3.750000 1.836590071043848e+00
3.760000 1.809193285035748e+00
3.770000 1.780960725210974e+00
3.780000 1.752183652900964e+00
3.790000 1.723124813927464e+00
3.800000 1.694012416628900e+00
3.810000 1.665034240592093e+00
3.820000 1.636335142790966e+00
3.830000 1.608023186434147e+00
3.840000 1.580179166055096e+00
3.850000 1.552866263191129e+00
3.860000 1.526139702062441e+00
3.870000 1.500056405251129e+00
3.880000 1.474684649380212e+00
3.890000 1.450113720792659e+00
3.900000 1.426463571230407e+00
3.910000 1.403894248392560e+00
3.920000 1.382609474917928e+00
3.930000 1.362845375851536e+00
3.940000 1.344853356492195e+00
3.950000 1.328882755314917e+00
3.960000 1.315163496893335e+00
3.970000 1.303888744822124e+00
3.980000 1.295197554639413e+00
3.990000 1.289157526749205e+00
4.000000 1.285747459343799e+00
4.010000 1.284840341719324e+00
4.020000 1.286195195504070e+00
4.030000 1.289471372311483e+00
4.040000 1.294251696421231e+00
4.050000 1.300065947564919e+00
4.060000 1.306414343711810e+00
4.070000 1.312791023854532e+00
4.080000 1.318707530794799e+00
4.090000 1.323716293929129e+00
4.100000 1.327434112034552e+00
4.110000 1.329565331405879e+00
4.120000 1.329917105146122e+00
4.130000 1.328394553961936e+00
4.140000 1.324988010627846e+00
4.150000 1.319759960053583e+00
4.160000 1.312831979351415e+00
4.170000 1.304371677903484e+00
4.180000 1.294579637429135e+00
4.190000 1.283676352052259e+00
4.200000 1.271889168368619e+00
4.210000 1.259439320425396e+00
4.220000 1.246531431807463e+00
4.230000 1.233349279410585e+00
4.240000 1.220054023558236e+00
4.250000 1.206782532954308e+00
4.260000 1.193645709635828e+00
4.270000 1.180726813925666e+00
4.280000 1.168079789385248e+00
4.290000 1.155727587767272e+00
4.300000 1.143660493968411e+00
4.310000 1.131834540226629e+00
4.320000 1.120172240119303e+00
4.330000 1.108569210400311e+00
4.340000 1.096903111939776e+00
4.350000 1.085042679838590e+00
4.360000 1.072856753542936e+00
4.370000 1.060223306958809e+00
4.380000 1.047038478566543e+00
4.390000 1.033225601535328e+00
4.400000 1.018744233837739e+00
4.410000 1.003599030847729e+00
4.420000 9.878445234676532e-01
4.430000 9.715795041188725e-01
4.440000 9.549373194594212e-01
4.450000 9.380760057049553e-01
4.460000 9.211684239496972e-01
4.470000 9.043923954873844e-01
4.480000 8.879208371322154e-01
4.490000 8.719118965397957e-01
4.500000 8.564990875280872e-01
4.510000 8.417815592846830e-01
4.520000 8.278178458271493e-01
4.530000 8.146284486962602e-01
4.540000 8.022018989130670e-01
4.550000 7.905009527233737e-01
4.560000 7.794687873422160e-01
4.570000 7.690351966983360e-01
4.580000 7.591227871786598e-01
4.590000 7.496531733727763e-01
4.600000 7.405531738174095e-01
4.610000 7.317609221895408e-01
4.620000 7.232297806493539e-01
4.630000 7.149266747947026e-01
4.640000 7.068282313717569e-01
4.650000 6.989168314949219e-01
4.660000 6.911766638667586e-01
4.670000 6.835897779979029e-01
4.680000 6.761321374269861e-01
4.690000 6.687696729405539e-01
4.700000 6.614543357929877e-01
4.710000 6.541202219632738e-01
4.720000 6.466815429745935e-01
4.730000 6.390352835155747e-01
4.740000 6.310657051303680e-01
4.750000 6.226489208961709e-01
4.760000 6.136574701007536e-01
4.770000 6.039648929199835e-01
4.780000 5.934503050953504e-01
4.790000 5.820029726114921e-01
4.800000 5.695268863737198e-01
4.810000 5.559452983673996e-01
4.820000 5.412042565532822e-01
4.830000 5.252735984219096e-01
4.840000 5.081469435434572e-01
4.850000 4.898416476253858e-01
4.860000 4.703987565700900e-01
4.870000 4.498829605325505e-01
4.880000 4.283825479779830e-01
4.890000 4.060093597394891e-01
4.900000 3.828987430757065e-01
4.910000 3.592094614039874e-01
4.920000 3.351224518285321e-01
4.930000 3.108366582071337e-01
4.940000 2.865637123018567e-01
4.950000 2.625225706341409e-01
4.960000 2.389341513399063e-01
4.970000 2.160159710246571e-01
4.980000 1.939767816185857e-01
4.990000 1.730112072316777e-01
5.000000 1.532943810088153e-01
5.010000 1.349766160137627e-01
5.020000 1.181789606924331e-01
5.030000 1.029909995344278e-01
5.040000 8.946953809939602e-02
5.050000 7.763732205082800e-02
5.060000 6.748175618984913e-02
5.070000 5.895362348901344e-02
5.080000 5.196580412609723e-02
5.090000 4.639199451789274e-02
5.100000 4.206542635400187e-02
5.110000 3.877770073062618e-02
5.120000 3.628061432384833e-02
5.130000 3.429557985107227e-02
5.140000 3.252603787155922e-02
5.150000 3.066998361692042e-02
5.160000 2.843249382161020e-02
5.170000 2.553825355341877e-02
5.180000 2.174408304396518e-02
5.190000 1.685146451919019e-02
5.200000 1.071906902984918e-02
5.210000 3.275078469557097e-03
5.220000 -5.475816569197358e-03
5.230000 -1.545893259412870e-02
5.240000 -2.654143197245523e-02
5.250000 -3.854436638246682e-02
5.260000 -5.125472026509278e-02
5.270000 -6.443745427546944e-02
5.280000 -7.784754873450828e-02
5.290000 -9.124204708046327e-02
5.300000 -1.043920993204990e-01
5.310000 -1.170948772548257e-01
5.320000 -1.291821563673222e-01
5.330000 -1.405204370969259e-01
5.340000 -1.510077335000684e-01
5.350000 -1.605702337581362e-01
5.360000 -1.691589606849294e-01
5.370000 -1.767464322341220e-01
5.380000 -1.833233220067213e-01
5.390000 -1.888951197585276e-01
5.400000 -1.934787919075937e-01
5.410000 -1.970994674104436e-01
5.420000 -1.997877831157348e-01
5.430000 -2.015789030010912e-01
5.440000 -2.025121967495445e-01
5.450000 -2.026309436809507e-01
5.460000 -2.019820366834052e-01
5.470000 -2.006156861446601e-01
5.480000 -1.985851238835396e-01
5.490000 -1.959463070813566e-01
5.500000 -1.927576222133286e-01
5.510000 -1.890795962412539e-01
5.520000 -1.849747965686441e-01
5.530000 -1.805082101140155e-01
5.540000 -1.757478111087633e-01
5.550000 -1.707651361525070e-01
5.560000 -1.656358592684359e-01
5.570000 -1.604403669586551e-01
5.580000 -1.552643332595313e-01
5.590000 -1.501992947970387e-01
5.600000 -1.453432258421043e-01
5.610000 -1.408010665608095e-01
5.620000 -1.366840345180343e-01
5.630000 -1.331058478137350e-01
5.640000 -1.301777317066327e-01
5.650000 -1.280033784561538e-01
5.660000 -1.266739071643704e-01
5.670000 -1.262628236179406e-01
5.680000 -1.268209801300489e-01
5.690000 -1.283715353823466e-01
5.700000 -1.309049142668924e-01
5.710000 -1.343738762583821e-01
5.720000 -1.386914051586952e-01
5.730000 -1.437357601278807e-01
5.740000 -1.493583475685256e-01
5.750000 -1.553917014885196e-01
5.760000 -1.616574638638201e-01
5.770000 -1.679743650012165e-01
5.780000 -1.741662039010951e-01
5.790000 -1.800698286202042e-01
5.800000 -1.855431166344182e-01
5.810000 -1.904728485085138e-01
5.820000 -1.947798079378577e-01
5.830000 -1.984168416599681e-01
5.840000 -2.013641462249535e-01
5.850000 -2.036244481216595e-01
5.860000 -2.052181839038148e-01
5.870000 -2.061786803161786e-01
5.880000 -2.065473344206862e-01
5.890000 -2.063687937225962e-01
5.900000 -2.056861362966367e-01
5.910000 -2.045361061186330e-01
5.920000 -2.029457835476409e-01
5.930000 -2.009328985778471e-01
5.940000 -1.985075790010051e-01
5.950000 -1.956741537503539e-01
5.960000 -1.924329562445367e-01
5.970000 -1.887821277315203e-01
5.980000 -1.847194206325135e-01
5.990000 -1.802440018858862e-01
6.000000 -1.753582562910888e-01
6.010000 -1.700695869035241e-01
6.020000 -1.643921387639617e-01
6.030000 -1.583483280310909e-01
6.040000 -1.519702944607932e-01
6.050000 -1.453013509375867e-01
6.060000 -1.383974330060697e-01
6.070000 -1.313285484023653e-01
6.080000 -1.241802265855654e-01
6.090000 -1.170549682691747e-01
6.100000 -1.100736949525550e-01
6.110000 -1.033771132567377e-01
6.120000 -9.712486444048721e-02
6.130000 -9.148905210468032e-02
6.140000 -8.664555541024514e-02
6.150000 -8.276525713379958e-02
6.160000 -8.000527172328974e-02
6.170000 -7.850017335362849e-02
6.180000 -7.835322398233369e-02
6.190000 -7.962760140516664e-02
6.200000 -8.233762731177058e-02
6.210000 -8.644015309433653e-02
6.220000 -9.183004676861768e-02
6.230000 -9.834608967105672e-02
6.240000 -1.057809736853691e-01
6.250000 -1.138914561638645e-01
6.260000 -1.224085148487684e-01
6.270000 -1.310475027935435e-01
6.280000 -1.395183032842115e-01
6.290000 -1.475354847606743e-01
6.300000 -1.548284557380355e-01
6.310000 -1.611515523152644e-01
6.320000 -1.662923731423248e-01
6.330000 -1.700756659255891e-01
6.340000 -1.723654616261557e-01
6.350000 -1.730671412689523e-01
6.360000 -1.721295027518397e-01
6.370000 -1.695468276547146e-01
6.380000 -1.653609480486134e-01
6.390000 -1.596633133048156e-01
6.400000 -1.525970569039465e-01
6.410000 -1.443589351020044e-01
6.420000 -1.351979342106377e-01
6.430000 -1.254054218131196e-01
6.440000 -1.153019670123645e-01
6.450000 -1.052240325776452e-01
6.460000 -9.551066709131097e-02
6.470000 -8.649019709550530e-02
6.480000 -7.846691923888327e-02
6.490000 -7.170779242332966e-02
6.500000 -6.642912995067643e-02
6.510000 -6.278347233746495e-02
6.520000 -6.085115705900335e-02
6.530000 -6.064381056997803e-02
6.540000 -6.211253670458473e-02
6.550000 -6.515628568972662e-02
6.560000 -6.963022315821245e-02
6.570000 -7.535409916195440e-02
6.580000 -8.212061718516647e-02
6.590000 -8.970380315756220e-02
6.600000 -9.786737446755295e-02
6.610000 -1.063730684937797e-01
6.620000 -1.149879187048452e-01
6.630000 -1.234888593465883e-01
6.640000 -1.316662778119469e-01
6.650000 -1.393275265405941e-01
6.660000 -1.463004349185737e-01
6.670000 -1.524368211779360e-01
6.680000 -1.576160042963737e-01
6.690000 -1.617483158968574e-01
6.700000 -1.647786121472720e-01
6.710000 -1.666897073891034e-01
6.720000 -1.675037728848184e-01
6.730000 -1.672785703564342e-01
6.740000 -1.661016508469387e-01
6.750000 -1.640844753311773e-01
6.760000 -1.613565353267414e-01
6.770000 -1.580594735048550e-01
6.780000 -1.543412043012631e-01
6.790000 -1.503500345271185e-01
6.800000 -1.462287839798697e-01
6.810000 -1.421089601192275e-01
6.820000 -1.381063383317616e-01
6.830000 -1.343201100640963e-01
6.840000 -1.308334364154662e-01
6.850000 -1.277140557824236e-01
6.860000 -1.250148915035455e-01
6.870000 -1.227746595041417e-01
6.880000 -1.210184759409616e-01
6.890000 -1.197584648469016e-01
6.900000 -1.189943657757131e-01
6.910000 -1.187141603814257e-01
6.920000 -1.188951912674685e-01
6.930000 -1.195065303912448e-01
6.940000 -1.205118396972460e-01
6.950000 -1.218722506807663e-01
6.960000 -1.235492439516172e-01
6.970000 -1.255075287978421e-01
6.980000 -1.277179227494311e-01
6.990000 -1.301602311420352e-01
7.000000 -1.328261266806816e-01
7.010000 -1.357219610463399e-01
7.020000 -1.388698097230170e-01
7.030000 -1.423040320918569e-01
7.040000 -1.460660648787133e-01
7.050000 -1.501991476578707e-01
7.060000 -1.547430483557643e-01
7.070000 -1.597287887547011e-01
7.080000 -1.651733699965803e-01
7.090000 -1.710744980866131e-01
7.100000 -1.774053093970443e-01
7.110000 -1.841091921049782e-01
7.120000 -1.910971017835002e-01
7.130000 -1.982512080932614e-01
7.140000 -2.054310354605297e-01
7.150000 -2.124796996726658e-01
7.160000 -2.192301444735980e-01
7.170000 -2.255113781592974e-01
7.180000 -2.311547101732529e-01
7.190000 -2.359999877019468e-01
7.200000 -2.399018322703298e-01
7.210000 -2.427358317813658e-01
7.220000 -2.444035741556341e-01
7.230000 -2.448347405032810e-01
7.240000 -2.439880399638247e-01
7.250000 -2.418520999968105e-01
7.260000 -2.384463566724664e-01
7.270000 -2.338219449623576e-01
7.280000 -2.280625890300416e-01
7.290000 -2.212854925217241e-01
7.300000 -2.136422288569129e-01
7.310000 -2.053195335255434e-01
7.320000 -1.965375486555676e-01
7.330000 -1.875416004293259e-01
7.340000 -1.785914288981940e-01
7.350000 -1.699503198164787e-01
7.360000 -1.618742364753148e-01
7.370000 -1.546009515365616e-01
7.380000 -1.483391788666991e-01
7.390000 -1.432577053707251e-01
7.400000 -1.394745228260512e-01
7.410000 -1.370461344666412e-01
7.420000 -1.359614049214657e-01
7.430000 -1.361469430420769e-01
7.440000 -1.374770278945635e-01
7.450000 -1.397837094827542e-01
7.460000 -1.428669094714218e-01
7.470000 -1.465045219094867e-01
7.480000 -1.504625139532199e-01
7.490000 -1.545050265894469e-01
7.500000 -1.584044753587515e-01
7.510000 -1.619515721460344e-01
7.520000 -1.649632947772237e-01
7.530000 -1.672856472879451e-01
7.540000 -1.687943680669761e-01
7.550000 -1.693955590739204e-01
7.560000 -1.690263150568819e-01
7.570000 -1.676553527701384e-01
7.580000 -1.652836401918158e-01
7.590000 -1.619450257415621e-01
7.600000 -1.577068674982207e-01
7.610000 -1.526705889140316e-01
7.620000 -1.469703234768610e-01
7.630000 -1.407667083013506e-01
7.640000 -1.342387667160325e-01
7.650000 -1.275757173517629e-01
7.660000 -1.209687832301575e-01
7.670000 -1.146030008520252e-01
7.680000 -1.086490292858031e-01
7.690000 -1.032549592559900e-01
7.700000 -9.853812223158225e-02
7.710000 -9.457701839062811e-02
7.720000 -9.140633532258935e-02
7.730000 -8.901981238414644e-02
7.740000 -8.737619574112496e-02
7.750000 -8.640531228137492e-02
7.760000 -8.601414352765027e-02
7.770000 -8.609289955048802e-02
7.780000 -8.652109288108766e-02
7.790000 -8.717361242419058e-02
7.800000 -8.792679737095922e-02
7.810000 -8.866445650528423e-02
7.820000 -8.928246774870720e-02
7.830000 -8.968977371074294e-02
7.840000 -8.980795748968837e-02
7.850000 -8.957076386804624e-02
7.860000 -8.892362050794868e-02
7.870000 -8.782315914658080e-02
7.880000 -8.623673679160448e-02
7.890000 -8.414195691658198e-02
7.900000 -8.152619065639943e-02
7.910000 -7.838609804492533e-02
7.920000 -7.472715035076728e-02
7.930000 -7.056315520051125e-02
7.940000 -6.591578280005890e-02
7.950000 -6.081409219820026e-02
7.960000 -5.529405755018577e-02
7.970000 -4.939809438129867e-02
7.980000 -4.317458585042740e-02
7.990000 -3.667740901363773e-02
8.000000 -2.996546108774523e-02
8.010000 -2.310218152822800e-02
8.020000 -1.615496527926500e-02
8.030000 -9.194299767245675e-03
8.040000 -2.292793065495018e-03
8.050000 4.475802126751665e-03
8.060000 1.103756450537415e-02
8.070000 1.731938018239260e-02
8.080000 2.324991870699294e-02
8.090000 2.876060908655217e-02
8.100000 3.378661580766366e-02
8.110000 3.826782390708413e-02
8.120000 4.215005934378926e-02
8.130000 4.538690667883814e-02
8.140000 4.794176206028124e-02
8.150000 4.978989525838347e-02
8.160000 5.092051170084724e-02
8.170000 5.133881450803554e-02
8.180000 5.106806652819499e-02
8.190000 5.015165237267893e-02
8.200000 4.865514045117042e-02
8.210000 4.666827060275881e-02
8.220000 4.430500718038727e-02
8.230000 4.169868130149722e-02
8.240000 3.899519850351779e-02
8.250000 3.634617199035602e-02
8.260000 3.390205587888710e-02
8.270000 3.180527844544459e-02
8.280000 3.018337537231074e-02
8.290000 2.914212299420662e-02
8.300000 2.875867154478243e-02
8.310000 2.907478709857367e-02
8.320000 3.009291967068715e-02
8.330000 3.177944552915528e-02
8.340000 3.407073575954224e-02
8.350000 3.687933353446826e-02
8.360000 4.010013138313391e-02
8.370000 4.361654846084445e-02
8.380000 4.730670781853401e-02
8.390000 5.104961367228997e-02
8.400000 5.473132867287727e-02
8.410000 5.825108521112397e-02
8.420000 6.152568159833993e-02
8.430000 6.448952437696498e-02
8.440000 6.709295543454609e-02
8.450000 6.930051314640533e-02
8.460000 7.108919351830784e-02
8.470000 7.244671132913003e-02
8.480000 7.336976127352739e-02
8.490000 7.386227910460269e-02
8.500000 7.393370277657382e-02
8.510000 7.359725289707829e-02
8.520000 7.286871525017143e-02
8.530000 7.176649783843952e-02
8.540000 7.031219002099551e-02
8.550000 6.853114096362924e-02
8.560000 6.645303808895818e-02
8.570000 6.411248552657771e-02
8.580000 6.154958256321187e-02
8.590000 5.881050209286367e-02
8.600000 5.594806906696569e-02
8.610000 5.302230796946455e-02
8.620000 5.010018490248006e-02
8.630000 4.725330516205367e-02
8.640000 4.455480537733206e-02
8.650000 4.207621466997066e-02
8.660000 3.988431581353735e-02
8.670000 3.803800639291593e-02
8.680000 3.658515996370966e-02
8.690000 3.555948721164492e-02
8.700000 3.497739711197475e-02
8.710000 3.483492068452172e-02
8.720000 3.510626232243586e-02
8.730000 3.574648279241036e-02
8.740000 3.669580991748361e-02
8.750000 3.788401186636781e-02
8.760000 3.923477044277769e-02
8.770000 4.067005437475916e-02
8.780000 4.211449260401779e-02
8.790000 4.349974757524761e-02
8.800000 4.476888852545962e-02
8.810000 4.588070128366047e-02
8.820000 4.681234724025170e-02
8.830000 4.755783158958311e-02
8.840000 4.812482061799567e-02
8.850000 4.853139548979119e-02
8.860000 4.880280603320227e-02
8.870000 4.896822452636194e-02
8.880000 4.905749948327342e-02
8.890000 4.909790943978005e-02
8.900000 4.911091673953484e-02
8.910000 4.910896888486790e-02
8.920000 4.909353665771227e-02
8.930000 4.905629186500898e-02
8.940000 4.898152195758398e-02
8.950000 4.884859222426387e-02
8.960000 4.863440798599161e-02
8.970000 4.831587678994239e-02
8.980000 4.787237060363917e-02
8.990000 4.728818800906864e-02
9.000000 4.655501639679677e-02
9.010000 4.567435659895053e-02
9.020000 4.465897086085412e-02
9.030000 4.353185148138913e-02
9.040000 4.232421270217865e-02
9.050000 4.107344502665396e-02
9.060000 3.982106953912141e-02
9.070000 3.861069222382910e-02
9.080000 3.748595828403362e-02
9.090000 3.648850646106699e-02
9.100000 3.565592335340322e-02
9.110000 3.501972116833311e-02
9.120000 3.460392477034767e-02
9.130000 3.442520548337775e-02
9.140000 3.449362425087899e-02
9.150000 3.481339823463834e-02
9.160000 3.538366741358059e-02
9.170000 3.619926118257488e-02
9.180000 3.725146495124118e-02
9.190000 3.852878674275682e-02
9.200000 4.001772379266306e-02
9.210000 4.170351704255490e-02
9.220000 4.357059087337151e-02
9.230000 4.560219378809210e-02
9.240000 4.777972429981737e-02
9.250000 5.008204471131275e-02
9.260000 5.248479489455180e-02
9.270000 5.495970607025936e-02
9.280000 5.747391458745497e-02
9.290000 5.998927570299616e-02
9.300000 6.246167736112173e-02
9.310000 6.484038365152657e-02
9.320000 6.706814998152079e-02
9.330000 6.908329732937003e-02
9.340000 7.082255830205948e-02
9.350000 7.222395288062373e-02
9.360000 7.322966416547649e-02
9.370000 7.378891412174024e-02
9.380000 7.386083932457610e-02
9.390000 7.341736670451343e-02
9.400000 7.244608929277965e-02
9.410000 7.095309156972641e-02
9.420000 6.896446436228507e-02
9.430000 6.652449300342446e-02
9.440000 6.369253487627365e-02
9.450000 6.053984654490411e-02
9.460000 5.714641088511248e-02
9.470000 5.359776421520299e-02
9.480000 4.998182342677011e-02
9.490000 4.638571311548088e-02
9.500000 4.289259271185762e-02
9.510000 3.957850973659084e-02
9.520000 3.650993236634333e-02
9.530000 3.374300651845795e-02
9.540000 3.132349233704008e-02
9.550000 2.928672681265914e-02
9.560000 2.765758640205000e-02
9.570000 2.645044964781439e-02
9.580000 2.566915979812232e-02
9.590000 2.530698742641356e-02
9.600000 2.534659305109895e-02
9.610000 2.576000368095480e-02
9.620000 2.650895146970434e-02
9.630000 2.754613163617482e-02
9.640000 2.881682254511585e-02
9.650000 3.026051971885805e-02
9.660000 3.181256984897163e-02
9.670000 3.340580480792510e-02
9.680000 3.497217566074375e-02
9.690000 3.644438667666839e-02
9.700000 3.775752934081393e-02
9.710000 3.885071611523714e-02
9.720000 3.966870768385868e-02
9.730000 4.016352365515438e-02
9.740000 4.029604674772032e-02
9.750000 4.003762672514860e-02
9.760000 3.937168433090333e-02
9.770000 3.829531522319660e-02
9.780000 3.682089390986436e-02
9.790000 3.497767768324241e-02
9.800000 3.281341055504232e-02
9.810000 3.039586938133021e-02
9.820000 2.781290673913986e-02
9.830000 2.516867756180754e-02
9.840000 2.257836228711208e-02
9.850000 2.016283217163451e-02
9.860000 1.804331460511789e-02
9.870000 1.633605842482701e-02
9.880000 1.514699922990820e-02
9.890000 1.456642469574904e-02
9.900000 1.466363988833821e-02
9.910000 1.548169837505139e-02
9.920000 1.703384427139702e-02
9.930000 1.930429779604620e-02
9.940000 2.225075204795597e-02
9.950000 2.580693560853228e-02
9.960000 2.988517514379287e-02
9.970000 3.437895800653021e-02
9.980000 3.916549483847441e-02
9.990000 4.410828217245620e-02
10.000000 4.905966503456975e-02
10.010000 5.386341932267154e-02
10.020000 5.835784844184409e-02
10.030000 6.238018547599850e-02
10.040000 6.577150970674571e-02
10.050000 6.838168291763440e-02
10.060000 7.007428569838840e-02
10.070000 7.073155374914440e-02
10.080000 7.025931418468974e-02
10.090000 6.859192183869990e-02
10.100000 6.569719556797614e-02
10.110000 6.158126617626843e-02
10.120000 5.629112610912704e-02
10.130000 4.991134464630959e-02
10.140000 4.255848444242642e-02
10.150000 3.437542964489258e-02
10.160000 2.552571401187948e-02
10.170000 1.618784903026672e-02
10.180000 6.549652033593759e-03
10.190000 -3.197425679988205e-03
10.200000 -1.286397072976455e-02
10.210000 -2.226824460574862e-02
10.220000 -3.124091233456687e-02
10.230000 -3.962746527098813e-02
10.240000 -4.728973542735914e-02
10.250000 -5.410737485681449e-02
10.260000 -5.997933503648646e-02
10.270000 -6.482534625071509e-02
10.280000 -6.858739697425807e-02
10.290000 -7.123121325550048e-02
10.300000 -7.274773809966512e-02
10.310000 -7.315456035447783e-02
10.320000 -7.249603044888982e-02
10.330000 -7.084004242431802e-02
10.340000 -6.827350255540773e-02
10.350000 -6.489774744689765e-02
10.360000 -6.082396213048474e-02
10.370000 -5.616859816168910e-02
10.380000 -5.104879171671913e-02
10.390000 -4.557778168933629e-02
10.400000 -3.986032778772016e-02
10.410000 -3.398818941396346e-02
10.420000 -2.803718515625094e-02
10.430000 -2.206826502491598e-02
10.440000 -1.613016363161101e-02
10.450000 -1.026211418415148e-02
10.460000 -4.496562481359438e-03
10.470000 1.138119092092678e-03
10.480000 6.614917570838265e-03
10.490000 1.190546541397285e-02
10.500000 1.697732651021033e-02
10.510000 2.179132888627521e-02
10.520000 2.630011191063410e-02
10.530000 3.044975678205770e-02
10.540000 3.418263177757169e-02
10.550000 3.744028423004830e-02
10.560000 4.016633250579816e-02
10.570000 4.230935798216193e-02
10.580000 4.382579702510209e-02
10.590000 4.468283296679456e-02
10.600000 4.486128808322050e-02
10.610000 4.435847067472132e-02
10.620000 4.318985461275548e-02
10.630000 4.138779481245657e-02
10.640000 3.899907490778985e-02
10.650000 3.608241000331140e-02
10.660000 3.270594942592760e-02
10.670000 2.894477947665446e-02
10.680000 2.487842618237692e-02
10.690000 2.058835804760827e-02
10.700000 1.615548880624947e-02
10.710000 1.165770555975431e-02
10.720000 7.168057085481593e-03
10.730000 2.754618157854136e-03
10.740000 -1.518985805722168e-03
10.750000 -5.593028697076147e-03
10.760000 -9.411133669489232e-03
10.770000 -1.291972308991323e-02
10.780000 -1.606746849118820e-02
10.790000 -1.880474052426028e-02
10.800000 -2.108305891039947e-02
10.810000 -2.285456866217752e-02
10.820000 -2.407219942470791e-02
10.830000 -2.469155910164644e-02
10.840000 -2.467351076711376e-02
10.850000 -2.398677586294375e-02
10.860000 -2.261053739593193e-02
10.870000 -2.053704313508392e-02
10.880000 -1.777420880886386e-02
10.890000 -1.434822130244279e-02
10.900000 -1.030614185494712e-02
10.910000 -5.718439769048119e-03
10.920000 -6.797190788285911e-04
10.930000 4.695142463608049e-03
10.940000 1.027666189657986e-02
10.950000 1.592648909026020e-02
10.960000 2.150314478811147e-02
10.970000 2.686775864831904e-02
10.980000 3.188980728522500e-02
10.990000 3.645285231076197e-02
11.000000 4.046027837588697e-02
11.010000 4.384094835184168e-02
11.020000 4.655270370011726e-02
11.030000 4.858039422787973e-02
11.040000 4.993175247350623e-02
11.050000 5.063318517608807e-02
11.060000 5.072556474493391e-02
11.070000 5.026002072907305e-02
11.080000 4.929373128675855e-02
11.090000 4.788571465497042e-02
11.100000 4.609262061891886e-02
11.110000 4.396457019265793e-02
11.120000 4.154224905691411e-02
11.130000 3.885718403718309e-02
11.140000 3.593327367453972e-02
11.150000 3.278836704110841e-02
11.160000 2.943584255553343e-02
11.170000 2.588618679844936e-02
11.180000 2.214857332795139e-02
11.190000 1.823244149506568e-02
11.200000 1.414907525921975e-02
11.210000 9.913166415894740e-03
11.220000 5.543972451533975e-03
11.230000 1.065445233358371e-03
11.240000 -3.494045785427743e-03
11.250000 -8.102005959435388e-03
11.260000 -1.272210784488973e-02
11.270000 -1.731448359342887e-02
11.280000 -2.183601734590266e-02
11.290000 -2.624063762617147e-02
11.300000 -3.047960973490499e-02
11.310000 -3.450184293798417e-02
11.320000 -3.825458240207809e-02
11.330000 -4.168507793496137e-02
11.340000 -4.474263758239846e-02
11.350000 -4.738069603057012e-02
11.360000 -4.955888300850001e-02
11.370000 -5.124509169048131e-02
11.380000 -5.241754709850319e-02
11.390000 -5.306687450467736e-02
11.400000 -5.319816783366470e-02
11.410000 -5.283301172894604e-02
11.420000 -5.201029859695346e-02
11.430000 -5.078398630123009e-02
11.440000 -4.921965048175842e-02
11.450000 -4.739099050286377e-02
11.460000 -4.537633540111768e-02
11.470000 -4.325514983324126e-02
11.480000 -4.110454002400870e-02
11.490000 -3.899575971415054e-02
11.500000 -3.699071610825718e-02
11.510000 -3.513851669372356e-02
11.520000 -3.347307896269610e-02
11.530000 -3.201343867851771e-02
11.540000 -3.076512136516086e-02
11.550000 -2.972155469970029e-02
11.560000 -2.886548090478571e-02
11.570000 -2.817036914111471e-02
11.580000 -2.760182789990544e-02
11.590000 -2.711901739536947e-02
11.600000 -2.667606195718451e-02
11.610000 -2.622348021380008e-02
11.620000 -2.571007795189657e-02
11.630000 -2.508601564315174e-02
11.640000 -2.430633879031847e-02
11.650000 -2.333452607845112e-02
11.660000 -2.214603752613191e-02
11.670000 -2.073186263669722e-02
11.680000 -1.910206854946402e-02
11.690000 -1.728934819095619e-02
11.700000 -1.535256842613091e-02
11.710000 -1.338020576181901e-02
11.720000 -1.149085766447389e-02
11.730000 -9.826329257907147e-03
11.740000 -8.541794706032248e-03
11.750000 -7.795846054892135e-03
11.760000 -7.740542074686885e-03
11.770000 -8.511457101801314e-03
11.780000 -1.021772988083264e-02
11.790000 -1.293211240661808e-02
11.800000 -1.668101876626253e-02
11.810000 -2.143475089238765e-02
11.820000 -2.710232520826408e-02
11.830000 -3.353798036441649e-02
11.840000 -4.055228736764740e-02
11.850000 -4.792343677133624e-02
11.860000 -5.540852586573834e-02
11.870000 -6.275484586828382e-02
11.880000 -6.971116911387665e-02
11.890000 -7.603903624519365e-02
11.900000 -8.152404340298347e-02
11.910000 -8.598700550988488e-02
11.920000 -8.929189712364231e-02
11.930000 -9.134561190615351e-02
11.940000 -9.209449858399811e-02
11.950000 -9.152077289469361e-02
11.960000 -8.963892953295156e-02
11.970000 -8.649215409693362e-02
11.980000 -8.214873503450774e-02
11.990000 -7.669847558950427e-02
12.000000 -7.024910574797202e-02
12.010000 -6.292270214638382e-02
12.020000 -5.485231504730880e-02
12.030000 -4.617912103798947e-02
12.040000 -3.704978286738225e-02
12.050000 -2.761381725224720e-02
12.060000 -1.802096268323775e-02
12.070000 -8.418547230990428e-03
12.080000 1.051143647785425e-03
12.090000 1.025349930421796e-02
12.100000 1.906421609118309e-02
12.110000 2.737190350610948e-02
12.120000 3.508001281472480e-02
12.130000 4.210704551671927e-02
12.140000 4.838608405438401e-02
12.150000 5.386429644634712e-02
12.160000 5.850244092131018e-02
12.170000 6.227437055178447e-02
12.180000 6.516653788782718e-02
12.190000 6.717749959077786e-02
12.200000 6.831742106699452e-02
12.210000 6.860758093200670e-02
12.220000 6.807987106423180e-02
12.230000 6.677628546095535e-02
12.240000 6.474840468228883e-02
12.250000 6.205688012538550e-02
12.260000 5.877091829865613e-02
12.270000 5.496776509598491e-02
12.280000 5.073219007094516e-02
12.290000 4.615597071101526e-02
12.300000 4.133737671179438e-02
12.310000 3.638067238255782e-02
12.320000 3.139609060540961e-02
12.330000 2.650100403531533e-02
12.340000 2.182156802724541e-02
12.350000 1.749438171200925e-02
12.360000 1.366814907208937e-02
12.370000 1.050534001747551e-02
12.380000 8.183851461498826e-03
12.390000 6.898668396665939e-03
12.400000 6.863524970493116e-03
12.410000 8.311098090946637e-03
12.420000 1.145503531484501e-02
12.430000 1.635508230342774e-02
12.440000 2.274403019817035e-02
12.450000 2.985319408993410e-02
12.460000 3.623789148811562e-02
12.470000 3.960292078979664e-02
12.480000 3.662803974889366e-02
12.490000 2.279344394530764e-02
12.500000 -7.794754745926318e-03
