-0.048869
-1.016032
-1.815169
-2.468786
-2.930055
-3.026221
-2.691204
-1.797804
-0.101662
2.329208
100.000000
100.000000
100.000000
100.000000
100.000000
100.000000
100.000000
100.000000
100.000000
2.742436
100.000000
2.329208
1.432536
0.847803
0.145135
-0.279449
-0.665835
-1.076113
-1.470826
-1.830932
-2.145111
-2.384479
-2.547498
-2.639337
-2.596763
-2.461403
-2.213815
-1.747903
-1.126177
-0.252607
0.873176
2.087486
100.000000
100.000000
100.000000
100.000000
2.742436
100.000000
2.742436
100.000000
2.329208
100.000000
2.087486
2.742436
100.000000
100.000000
100.000000
2.329208
2.742436
2.742436
2.329208
2.742436
1.782951
2.087486
100.000000
2.329208
2.087486
1.915981
2.087486
2.329208
100.000000
1.915981
1.915981
1.782951
2.087486
2.087486
1.915981
1.674258
1.782951
1.432536
1.782951
1.674258
1.369724
1.502753
1.782951
1.502753
1.674258
1.782951
1.312903
1.369724
1.128001
1.089526
1.053384
1.089526
0.956496
1.019308
1.089526
1.089526
1.053384
0.956496
0.927409
0.927409
0.823467
0.640156
0.622875
0.755904
0.640156
0.676298
0.486448
0.734984
0.558362
0.543269
0.622875
0.447127
0.422283
0.364358
0.422283
0.447127
0.244726
0.281998
0.291692
0.093899
0.130041
0.253828
0.168517
0.073221
0.160620
-0.008920
0.066485
-0.043324
-0.059809
-0.075850
-0.177467
-0.199306
-0.199306
-0.248672
-0.199306
-0.199306
-0.294261
-0.240723
-0.322825
-0.388766
-0.346743
-0.363258
-0.481111
-0.470320
-0.522420
-0.481111
-0.537201
-0.514889
-0.590694
-0.558708
-0.597330
-0.661900
-0.663870
-0.681320
-0.756612
-0.737793
-0.768285
-0.766631
-0.784575
-0.879450
-0.875324
-0.865585
-0.884907
-0.902305
-0.911466
-0.934399
-0.960083
-0.985855
-0.943084
-0.992694
-1.046829
-1.018208
-1.058107
-1.045793
-1.009457
-1.057091
-1.077098
-1.092634
-1.101198
-1.060135
-1.079062
-1.138728
-1.073150
-1.110572
-1.095502
-1.128889
-1.096455
-1.168153
-1.117966
-1.171521
-1.123452
-1.121629
-1.090714
-1.137840
-1.104965
-1.154486
-1.104026
-1.161359
-1.123452
-1.115204
-1.075127
-1.108709
-1.103085
-1.101198
-1.078081
-1.037441
-1.064170
-1.034278
-1.025761
-0.993826
-1.005033
-0.970761
-0.999456
-0.872558
-0.984707
-0.912764
-0.849952
-0.854256
-0.797293
-0.801994
-0.792556
-0.766631
-0.759970
-0.758293
-0.774854
-0.665835
-0.641825
-0.701977
-0.522420
-0.539630
-0.544457
-0.401122
-0.442457
-0.436725
-0.305133
-0.391879
-0.336610
-0.159400
-0.268093
-0.037726
-0.086309
-0.091471
0.015170
0.073221
0.073221
0.184630
0.176519
0.281998
0.209647
0.235761
0.589746
0.514182
0.500154
0.573848
0.956496
0.714774
0.823467
0.899676
0.755904
1.089526
1.128001
1.502753
1.312903
1.169132
1.432536
1.432536
1.915981
1.782951
1.915981
1.674258
2.329208
1.674258
100.000000
2.329208
2.087486
2.087486
2.742436
100.000000
2.329208
100.000000
100.000000
100.000000
2.329208
100.000000
100.000000
100.000000
100.000000
100.000000
2.742436
100.000000
-0.145481
-1.151889
-1.941197
-2.597762
-3.043803
-3.206278
-3.158861
-3.042094
-2.755052
-2.114662
-0.940615
0.899676
100.000000
100.000000
2.742436
100.000000
100.000000
2.329208
2.087486
2.742436
2.742436
2.329208
2.329208
2.087486
2.742436
1.782951
1.782951
1.582359
1.502753
1.782951
2.329208
1.502753
1.128001
1.128001
1.128001
1.053384
1.019308
0.956496
0.956496
0.777585
0.676298
0.657953
0.657953
0.589746
0.486448
0.364358
0.398434
0.398434
0.226929
0.192853
0.080034
0.086926
0.015170
-0.002988
-0.070550
-0.168502
-0.177467
-0.308714
-0.436725
-0.385637
-0.514889
-0.514889
-0.614675
-0.614675
-0.694548
-0.764973
-0.729039
-0.852825
-0.893000
-0.895673
-0.950429
-0.990423
-1.056072
-1.092634
-1.108709
-1.149280
-1.191340
-1.272467
-1.300168
-1.289930
-1.307565
-1.373909
-1.375104
-1.409312
-1.443794
-1.387506
-1.422684
-1.455902
-1.476391
-1.465209
-1.487367
-1.500566
-1.487367
-1.485386
-1.508730
-1.480406
-1.493269
-1.462123
-1.485882
-1.452243
-1.413803
-1.419369
-1.358156
-1.383989
-1.355695
-1.355078
-1.289930
-1.200208
-1.168996
-1.137840
-1.076113
-1.039540
-1.011657
-0.911466
-0.829443
-0.864181
-0.782966
-0.746421
-0.681320
-0.542048
-0.597330
-0.369738
-0.353404
-0.271902
-0.096588
-0.059809
0.093899
0.130041
0.176519
0.342677
0.486448
0.528548
0.622875
0.956496
0.873176
0.899676
1.312903
1.169132
2.329208
1.782951
1.782951
2.329208
2.087486
2.742436
2.329208
2.329208
2.742436
2.742436
100.000000
100.000000
