3.863671
2.150147
1.218660
0.547412
0.142593
-0.117204
-0.259655
-0.357001
-0.415512
-0.420363
-0.430886
-0.401280
-0.370052
-0.333349
-0.285057
-0.235473
-0.196468
-0.106873
-0.056019
0.008892
0.067270
0.123784
0.156873
0.187106
0.205627
0.219797
0.219652
0.182101
0.185333
0.172413
0.140941
0.094702
0.099814
0.051565
0.034189
0.020504
0.001234
-0.020320
-0.035518
-0.042223
-0.047118
-0.056306
-0.073720
-0.079576
-0.077516
-0.090540
-0.079568
-0.086873
-0.083175
-0.055568
-0.062470
-0.052734
-0.036720
-0.020574
-0.010742
0.004129
0.015380
0.012444
0.029876
0.044645
0.048392
0.044855
0.047579
0.036726
0.040295
0.032656
0.015883
0.012240
0.008081
-0.002590
-0.007496
-0.007037
