0.100000 -1.082243497205570e+05 -4.846786617640571e+03
0.200000 -1.128708717573625e+05 -7.809016790664505e+04
0.300000 -1.221489656498669e+05 -1.004480619308317e+05
0.400000 -1.318195552792303e+05 -8.849513232182004e+04
0.500000 -1.391765943334093e+05 -5.631731158391797e+04
0.600000 -1.427981931944255e+05 -1.551180109412114e+04
0.700000 -1.422977458256346e+05 2.481292889788645e+04
0.800000 -1.380750566589951e+05 5.803713926973290e+04
0.900000 -1.310674674823369e+05 8.002982202635813e+04
1.000000 -1.225009843266305e+05 8.914870030001401e+04
1.100000 -1.136430000306674e+05 8.615572354059244e+04
1.200000 -1.056045182940242e+05 7.312026341125884e+04
1.300000 -9.928236501588060e+04 5.218014915221283e+04
1.400000 -9.536276922760598e+04 2.540948786667151e+04
1.500000 -9.432773540889416e+04 -5.181336515070263e+03
1.600000 -9.646141580505553e+04 -3.764566323564040e+04
1.700000 -1.018564827443094e+05 -7.010055471058912e+04
1.800000 -1.104205009550763e+05 -1.007267965283891e+05
1.900000 -1.218822998832700e+05 -1.277688974504354e+05
2.000000 -1.357983460095900e+05 -1.495350894110458e+05
2.100000 -1.515593207074595e+05 -1.644088972582107e+05
2.200000 -1.684043875428106e+05 -1.710275564321188e+05
2.300000 -1.854597141736347e+05 -1.685096725801641e+05
2.400000 -2.017888159118918e+05 -1.564835959012548e+05
2.500000 -2.164435304618273e+05 -1.350874240421905e+05
2.600000 -2.285149926647612e+05 -1.049690020976622e+05
2.700000 -2.371846092438772e+05 -6.728592261025260e+04
2.800000 -2.417750335490116e+05 -2.370552557043519e+04
2.900000 -2.418011403014429e+05 2.359510158342438e+04
3.000000 -2.370210003386807e+05 7.192912396506948e+04
3.100000 -2.274864446898885e+05 1.181246269640148e+05
3.200000 -2.135748636358677e+05 1.589805454112054e+05
3.300000 -1.959548927526021e+05 1.919238621198153e+05
3.400000 -1.755163043376476e+05 2.151048976661938e+05
3.500000 -1.532976697158346e+05 2.273973509284922e+05
3.600000 -1.304140214090887e+05 2.283982990866631e+05
3.700000 -1.079845153062497e+05 2.184281976224605e+05
3.800000 -8.706009283289249e+04 1.985308803194404e+05
3.900000 -6.855114312114568e+04 1.704735592629594e+05
4.000000 -5.315516517951267e+04 1.367468248401766e+05
4.100000 -4.128476444184451e+04 1.005431155715042e+05
4.200000 -3.301459867483993e+04 6.527457989871324e+04
4.300000 -2.810301593066820e+04 3.378776420185141e+04
4.400000 -2.605857946917615e+04 8.231683496712652e+03
4.500000 -2.620983499925457e+04 -9.942326213375251e+03
4.600000 -2.777507858008474e+04 -1.998060793755084e+04
4.700000 -2.993212452238509e+04 -2.182718369741912e+04
4.800000 -3.188807328965793e+04 -1.612375452705123e+04
4.900000 -3.294907939943596e+04 -4.209700472984477e+03
5.000000 -3.259011932452894e+04 1.187791940577717e+04
5.100000 -3.052453810910919e+04 2.941971976793418e+04
5.200000 -2.675775420861177e+04 4.543614387803589e+04
5.300000 -2.157097498486342e+04 5.746487575506422e+04
5.400000 -1.545825615065365e+04 6.371157214821979e+04
5.500000 -9.059671782199062e+03 6.305020903975738e+04
5.600000 -3.094482395838124e+03 5.502308164498599e+04
5.700000 1.705696975274288e+03 3.984080441226892e+04
5.800000 4.663728704472393e+03 1.838231102302377e+04
5.900000 5.223784494884891e+03 -7.805145608277388e+03
6.000000 3.018177302740294e+03 -3.650599333410862e+04
6.100000 -2.065948528794019e+03 -6.484700477158945e+04
6.200000 -9.833039776567095e+03 -8.966334721150732e+04
6.300000 -1.979062738664958e+04 -1.082613699505126e+05
6.400000 -3.120890968500225e+04 -1.185886680719628e+05
6.500000 -4.318494125461669e+04 -1.192347716331164e+05
6.600000 -5.470682643290544e+04 -1.094311456651326e+05
6.700000 -6.471791280909181e+04 -8.905119017307137e+04
6.800000 -7.218098472160031e+04 -5.861024013589347e+04
6.900000 -7.614245675544649e+04 -1.926556550646037e+04
7.000000 -7.579656723962715e+04 2.718362878846541e+04
7.100000 -7.054950214307514e+04 7.830191782845458e+04
7.200000 -6.007497368761739e+04 1.312676161034224e+05
7.300000 -4.432205449115097e+04 1.834629009532868e+05
7.400000 -2.348390858593697e+04 2.326245867715497e+05
7.500000 2.037761891668949e+03 2.768450970828197e+05
7.600000 3.166827761432738e+04 3.145724645428117e+05
7.700000 6.469554297682577e+04 3.446103309383478e+05
7.800000 1.003056070091889e+05 3.661179471873559e+05
7.900000 1.376182242897902e+05 3.786101733388713e+05
8.000000 1.757224158584612e+05 3.819574785730349e+05
8.100000 2.137120180036724e+05 3.763848449679466e+05
8.200000 2.507191865993945e+05 3.624090868206676e+05
8.300000 2.859350060325740e+05 3.406709295639299e+05
8.400000 3.186183972200612e+05 3.118859944911053e+05
8.500000 3.481035646292780e+05 2.768443313202663e+05
8.600000 3.738074391206899e+05 2.364104181941866e+05
8.700000 3.952371207902733e+05 1.915231616803402e+05
8.800000 4.119973218119883e+05 1.431958967709024e+05
8.900000 4.237978092802468e+05 9.251638688274931e+04
9.000000 4.304608480523838e+05 4.064682385745761e+04
9.100000 4.319286384743550e+05 -1.117668659045319e+04
9.200000 4.282695179722949e+05 -6.168385872367836e+04
9.300000 4.196753344213576e+05 -1.096912546775895e+05
9.400000 4.064499460201803e+05 -1.541425357022446e+05
9.500000 3.889964629831415e+05 -1.941090002327588e+05
9.600000 3.678044838218554e+05 -2.287895838893043e+05
9.700000 3.434373316266664e+05 -2.575108594771105e+05
9.800000 3.165192903481431e+05 -2.797270369864638e+05
9.900000 2.877228410785721e+05 -2.950199635927076e+05
10.000000 2.577558983334532e+05 -3.030991236562426e+05
10.100000 2.273490454395825e+05 -3.038017399380595e+05
10.200000 1.972424433782186e+05 -2.971037812940425e+05
10.300000 1.681700904095329e+05 -2.831581745885789e+05
10.400000 1.408411319877877e+05 -2.623092508658894e+05
10.500000 1.159206972608508e+05 -2.350930052096483e+05
10.600000 9.401073266624956e+04 -2.022370967429839e+05
10.700000 7.563083552722602e+04 -1.646608486284786e+05
10.800000 6.119908764879126e+04 -1.234752480681683e+05
10.900000 5.101288891378011e+04 -7.998294630354317e+04
11.000000 4.522979087890556e+04 -3.567825861554709e+04
11.100000 4.384833410335500e+04 7.753319823897658e+03
11.200000 4.669110189387134e+04 4.851348903618241e+04
11.300000 5.340827366842158e+04 8.500206439249017e+04
11.400000 6.350646621234145e+04 1.159503363570820e+05
11.500000 7.638215547107066e+04 1.404241976677752e+05
11.600000 9.135513677750826e+04 1.578241433359423e+05
11.700000 1.077019850793685e+05 1.678852706465118e+05
11.800000 1.246895151665361e+05 1.706772791579677e+05
11.900000 1.416082418984222e+05 1.666044707023501e+05
12.000000 1.578058404313195e+05 1.564057493852544e+05
12.100000 1.727206045964649e+05 1.411543410574512e+05
12.200000 1.859129410854846e+05 1.221849151543959e+05
12.300000 1.970760719797262e+05 1.007621593466546e+05
12.400000 2.060183131060741e+05 7.791974760051836e+04
12.500000 2.126395569738109e+05 5.445553959766209e+04
12.600000 2.169076913461562e+05 3.093158073514429e+04
12.700000 2.188350178118043e+05 7.674102125406875e+03
12.800000 2.184546703564629e+05 -1.522647940372464e+04
12.900000 2.157970339343917e+05 -3.791556130904108e+04
13.000000 2.108661630399401e+05 -6.077435533194980e+04
13.100000 2.036162010990177e+05 -8.441973773548851e+04
13.200000 1.939295833686026e+05 -1.096347944908983e+05
13.300000 1.816169382977796e+05 -1.370054923583682e+05
13.400000 1.664498774207736e+05 -1.667209385308057e+05
13.500000 1.482013155220620e+05 -1.985659608102480e+05
13.600000 1.266858985754619e+05 -2.319211076078629e+05
13.700000 1.018004316832174e+05 -2.657626479439478e+05
13.800000 7.356430701508603e+04 -2.986625714479307e+05
13.900000 4.215993174742634e+04 -3.287885883583694e+05
14.000000 7.973156002284407e+03 -3.539041295229522e+05
14.100000 -2.836629975111793e+04 -3.713684697705409e+05
14.200000 -6.594734778324525e+04 -3.782565548114811e+05
14.300000 -1.035812027891471e+05 -3.720827247663526e+05
14.400000 -1.398742692372803e+05 -3.512505123861037e+05
14.500000 -1.733187888340994e+05 -3.150731296797447e+05
14.600000 -2.023838084498631e+05 -2.637734679143475e+05
14.700000 -2.256061480444408e+05 -1.984840976150463e+05
14.800000 -2.416813685931176e+05 -1.212472685650367e+05
14.900000 -2.495547400124017e+05 -3.501490980557619e+04
15.000000 -2.485122090858306e+05 5.635137036401555e+04
15.100000 -2.382713672019882e+05 1.480803423415111e+05
15.200000 -2.190688547595349e+05 2.346442400347544e+05
15.300000 -1.916896742713211e+05 3.108304608013523e+05
15.400000 -1.573880784856926e+05 3.724941803369739e+05
15.500000 -1.177773395386386e+05 4.165998351930940e+05
15.600000 -7.471882286821015e+04 4.412211227769927e+05
15.700000 -3.021106112894026e+04 4.455410013517548e+05
15.800000 1.372117189373695e+04 4.298516900362706e+05
15.900000 5.513778736906654e+04 3.955546688052354e+05
16.000000 9.229430750655344e+04 3.451606784891500e+05
16.100000 1.237527916209722e+05 2.822897110844710e+05
16.200000 1.484902341550607e+05 2.115567800039788e+05
16.300000 1.659588630624088e+05 1.376412207644662e+05
16.400000 1.760467045024404e+05 6.454835598130761e+04
16.500000 1.790061798287741e+05 -4.439233076974799e+03
16.600000 1.753818314545379e+05 -6.676170648871153e+04
16.700000 1.659380487176846e+05 -1.205819656790865e+05
16.800000 1.515867937463054e+05 -1.647856534201361e+05
16.900000 1.333153273239456e+05 -1.989811538307499e+05
17.000000 1.121139347549189e+05 -2.234995923766702e+05
17.100000 8.890365172991234e+04 -2.393948355816705e+05
17.200000 6.446514530716024e+04 -2.483885015145646e+05
17.300000 3.939341086592522e+04 -2.523463211884825e+05
17.400000 1.411198700654914e+04 -2.528088996586356e+05
17.500000 -1.109155353937607e+04 -2.509549492448115e+05
17.600000 -3.602941463546611e+04 -2.476012895313737e+05
17.700000 -6.057738746700176e+04 -2.432028473672621e+05
17.800000 -8.463866126738665e+04 -2.378526568659928e+05
17.900000 -1.081076340446048e+05 -2.312818594056581e+05
18.000000 -1.308337233076784e+05 -2.228597036289265e+05
18.100000 -1.525851767931251e+05 -2.115935454430425e+05
18.200000 -1.730135630752079e+05 -1.961630331880243e+05
18.300000 -1.916362464420187e+05 -1.753023160781596e+05
18.400000 -2.078650074935028e+05 -1.481869398547086e+05
18.500000 -2.210530386135372e+05 -1.144695944550837e+05
18.600000 -2.305426583895493e+05 -7.428011401288143e+04
18.700000 -2.357130260321357e+05 -2.822547685788397e+04
18.800000 -2.360278557946805e+05 2.261019448394150e+04
18.900000 -2.310831313929736e+05 7.666563329044283e+04
19.000000 -2.206548204248292e+05 1.319024286432825e+05
19.100000 -2.047465887897049e+05 1.858050254279380e+05
19.200000 -1.836368647053157e+05 2.354153737794365e+05
19.300000 -1.579053548810387e+05 2.777903153926943e+05
19.400000 -1.284008179181655e+05 3.105245875560432e+05
19.500000 -9.618280981439537e+04 3.318075056741820e+05
19.600000 -6.246222608929754e+04 3.404229639050142e+05
19.700000 -2.854184390899055e+04 3.357494351596496e+05
19.800000 4.243135789178199e+03 3.177599711024040e+05
19.900000 3.458454617195333e+04 2.870222021507977e+05
20.000000 6.126071238549164e+04 2.446983374755582e+05
20.100000 8.319590943068315e+04 1.925451650006176e+05
20.200000 9.951947654530783e+04 1.328945940372148e+05
20.300000 1.096118296487905e+05 6.834824798097354e+04
20.400000 1.131086898072917e+05 1.382988841039356e+03
20.500000 1.098847302947980e+05 -6.569900702227181e+04
20.600000 1.000361074352857e+05 -1.307702549694891e+05
20.700000 8.386299143063578e+04 -1.918779620819867e+05
20.800000 6.185209718854984e+04 -2.472440271619834e+05
20.900000 3.465921515046505e+04 -2.952650407325432e+05
21.000000 3.091742119469985e+03 -3.345122850375755e+05
21.100000 -3.190878791177986e+04 -3.637317340418341e+05
21.200000 -6.928426869675273e+04 -3.818498445408798e+05
21.300000 -1.078820544122766e+05 -3.880826091509562e+05
21.400000 -1.464929095476339e+05 -3.820946807119322e+05
21.500000 -1.838976672953468e+05 -3.640227908236238e+05
21.600000 -2.189144385032709e+05 -3.344757609928881e+05
21.700000 -2.504458206652999e+05 -2.945345026336250e+05
21.800000 -2.775261069120693e+05 -2.457520170667753e+05
21.900000 -2.993684950016610e+05 -1.901533955203225e+05
22.000000 -3.154122963103073e+05 -1.302358191292913e+05
22.100000 -3.253701448230948e+05 -6.896855893574884e+04
22.200000 -3.292749415059878e+05 -9.775814025031061e+03
22.300000 -3.275114616743054e+05 4.385532207313522e+04
22.400000 -3.207868207180244e+05 8.902127728439613e+04
22.500000 -3.100638121240955e+05 1.235121832085813e+05
22.600000 -2.964915243499752e+05 1.458120088357513e+05
22.700000 -2.813359570846025e+05 1.550985605461978e+05
22.800000 -2.659106375093755e+05 1.512434821104429e+05
22.900000 -2.515072365591286e+05 1.348122546892400e+05
23.000000 -2.393261851831095e+05 1.070641968335733e+05
23.100000 -2.304072906059556e+05 6.995246448465792e+04
23.200000 -2.255605100943272e+05 2.611303788316482e+04
23.300000 -2.253082805004111e+05 -2.144465029518376e+04
23.400000 -2.298794930823413e+05 -6.991449389462390e+04
23.500000 -2.392382536363728e+05 -1.168071357569367e+05
23.600000 -2.531155835705976e+05 -1.599502452770814e+05
23.700000 -2.710411225602627e+05 -1.974885184031954e+05
23.800000 -2.923748312030876e+05 -2.278836776365942e+05
23.900000 -3.163386936745824e+05 -2.499144720317709e+05
24.000000 -3.420484203833651e+05 -2.626766771963968e+05
24.100000 -3.685451506264800e+05 -2.655830952913211e+05
24.200000 -3.948271532759962e+05 -2.583634057082477e+05
24.300000 -4.198813404140347e+05 -2.410589189817711e+05
24.400000 -4.427138417696324e+05 -2.140115081697336e+05
24.500000 -4.623798778653255e+05 -1.778611068740105e+05
24.600000 -4.780135650778455e+05 -1.335456985766110e+05
24.700000 -4.888577206261303e+05 -8.230131663967727e+04
24.800000 -4.942936675593391e+05 -2.566204430548490e+04
24.900000 -4.938710397448654e+05 3.453998530355711e+04
25.000000 -4.873375868563505e+05 9.617458918490626e+04
25.100000 -4.746689793616962e+05 1.568135344558867e+05
25.200000 -4.560985535920304e+05 2.137355038674085e+05
25.300000 -4.321394756830339e+05 2.641488945254497e+05
25.400000 -4.035640366131740e+05 3.057244682344593e+05
25.500000 -3.713474753134198e+05 3.367332844631083e+05
25.600000 -3.366078635108755e+05 3.560476278200321e+05
25.700000 -3.005459832147833e+05 3.631410080538294e+05
25.800000 -2.643852042025274e+05 3.580881600530630e+05
25.900000 -2.293113615056376e+05 3.415650438462588e+05
26.000000 -1.964126328957929e+05 3.148488446019068e+05
26.100000 -1.666194163708251e+05 2.798179726284606e+05
26.200000 -1.406442478189216e+05 2.389483940388067e+05
26.300000 -1.189287262937284e+05 1.950977691721421e+05
26.400000 -1.016351862359758e+05 1.509197448832319e+05
26.500000 -8.867938946879163e+04 1.086907241652709e+05
26.600000 -7.976840533260707e+04 7.030815367898885e+04
26.700000 -7.443850631840390e+04 3.729052375265014e+04
26.800000 -7.209306370096054e+04 1.077736838205422e+04
26.900000 -7.204044317209885e+04 -8.470734769464812e+03
27.000000 -7.353190047393039e+04 -2.007216437103794e+04
27.100000 -7.579947703210320e+04 -2.402425542426139e+04
27.200000 -7.809388889147600e+04 -2.070261808966519e+04
27.300000 -7.972073372937368e+04 -1.080681746720108e+04
27.400000 -8.006453364627482e+04 4.807242309875263e+03
27.500000 -7.860042563515043e+04 2.518378804976587e+04
27.600000 -7.490407851509735e+04 4.926795642175277e+04
27.700000 -6.866160194523011e+04 7.590579395619822e+04
27.800000 -5.967945543857310e+04 1.038442570445445e+05
27.900000 -4.789435737595246e+04 1.317312119393139e+05
28.000000 -3.338319401988805e+04 1.581154347541090e+05
28.100000 -1.637292852848557e+04 1.814466114636124e+05
28.200000 2.749497500302185e+03 2.000761949958090e+05
28.300000 2.343011829255834e+04 2.123541337866501e+05
28.400000 4.496436873929506e+04 2.169691214276763e+05
28.500000 6.653991092836615e+04 2.130788739771777e+05
28.600000 8.728375015392998e+04 2.003125395029590e+05
28.700000 1.063093781174012e+05 1.787706980823383e+05
28.800000 1.227639161284019e+05 1.490253618021479e+05
28.900000 1.358752583057132e+05 1.121199747587342e+05
29.000000 1.449992147782263e+05 6.956941305795730e+04
29.100000 1.496666548858946e+05 2.335998481519160e+04
29.200000 1.496306437508928e+05 -2.405144244221424e+04
29.300000 1.449094264461507e+05 -6.988498171560539e+04
29.400000 1.357904918365871e+05 -1.116309919053865e+05
29.500000 1.227861299301123e+05 -1.473077499248464e+05
29.600000 1.065800973720243e+05 -1.754676461129532e+05
29.700000 8.797420610243993e+04 -1.951971842343542e+05
29.800000 6.783491201372746e+04 -2.061169814793762e+05
29.900000 4.703990360793844e+04 -2.083817684640245e+05
30.000000 2.642469065424010e+04 -2.026803892299842e+05
30.100000 6.729192846347029e+03 -1.902358012446193e+05
30.200000 -1.145566881264253e+04 -1.728046545343406e+05
30.300000 -2.773828991856088e+04 -1.525620614696812e+05
30.400000 -4.194353233260050e+04 -1.315702643531743e+05
30.500000 -5.408406033025595e+04 -1.115172526359757e+05
30.600000 -6.432222588340801e+04 -9.370879079465284e+04
30.700000 -7.293184616286481e+04 -7.906841833118473e+04
30.800000 -8.025998104090290e+04 -6.813744977296206e+04
30.900000 -8.668871059380856e+04 -6.107497467278710e+04
31.000000 -9.259691260441880e+04 -5.765785760887384e+04
31.100000 -9.832204006466261e+04 -5.728073818484773e+04
31.200000 -1.041218993618343e+05 -5.895615851729142e+04
31.300000 -1.101380417312727e+05 -6.137769430351830e+04
31.400000 -1.163790619948570e+05 -6.325492687768138e+04
31.500000 -1.227343847838081e+05 -6.349987338018361e+04
31.600000 -1.289951118709437e+05 -6.123405950255293e+04
31.700000 -1.348749730257905e+05 -5.578851948744230e+04
31.800000 -1.400312768696966e+05 -4.670379612862953e+04
31.900000 -1.440858617309442e+05 -3.372994077101753e+04
32.000000 -1.466460464998621e+05 -1.682651331063427e+04
32.100000 -1.473255814839381e+05 3.837417805367486e+03
32.200000 -1.457655992183421e+05 2.788328608070477e+04
32.300000 -1.416552947661880e+05 5.473414248436936e+04
32.400000 -1.347487498936648e+05 8.368277666567489e+04
32.500000 -1.248752056979611e+05 1.139345758432720e+05
32.600000 -1.119476351390884e+05 1.446095155420576e+05
32.700000 -9.597128420925613e+04 1.747421595931750e+05
32.800000 -7.705221310224695e+04 2.032816601340135e+05
32.900000 -5.540583738279236e+04 2.290917576082090e+05
33.000000 -3.136546915594791e+04 2.509507807656435e+05
33.100000 -5.390858236468727e+03 2.675516466624453e+05
33.200000 2.192326672825362e+04 2.775018755046911e+05
33.300000 4.983968236403716e+04 2.793678560016296e+05
33.400000 7.748812423220073e+04 2.719894126381436e+05
33.500000 1.039067472079391e+05 2.547034257937960e+05
33.600000 1.280928747508492e+05 2.273563867770684e+05
33.700000 1.490539599978220e+05 1.903043978253613e+05
33.800000 1.658585468559345e+05 1.444131721049928e+05
33.900000 1.776872310953414e+05 9.105803371120020e+04
34.000000 1.838836214421670e+05 3.212391766813934e+04
34.100000 1.840053006713974e+05 -2.999463007111576e+04
34.200000 1.778747866898419e+05 -9.239345756187444e+04
34.300000 1.656289344573236e+05 -1.517296199025739e+05
34.400000 1.477382004742686e+05 -2.048072902254158e+05
34.500000 1.249627541814186e+05 -2.490482684033017e+05
34.600000 9.828812363661923e+04 -2.825235822212439e+05
34.700000 6.886027272360977e+04 -3.039534873763665e+05
34.800000 3.792067836081139e+04 -3.127074674779035e+05
34.900000 6.741407710116346e+03 -3.088042340472002e+05
35.000000 -2.343980461432330e+04 -2.929117265177133e+05
35.100000 -5.148447933730649e+04 -2.663471122350102e+05
35.200000 -7.641831531364647e+04 -2.310767862909166e+05
35.300000 -9.749507778106147e+04 -1.896668583175045e+05
35.400000 -1.142369809968010e+05 -1.448041363239203e+05
35.500000 -1.264202987739180e+05 -9.886161156273181e+04
35.600000 -1.340411821360714e+05 -5.386383699348891e+04
35.700000 -1.372808154882242e+05 -1.148692728272407e+04
35.800000 -1.364705727873416e+05 2.694144119604765e+04
35.900000 -1.320571737130898e+05 6.044203036232910e+04
36.000000 -1.245678398385336e+05 8.838404042864054e+04
36.100000 -1.145754508008348e+05 1.104851099005197e+05
36.200000 -1.026637004719508e+05 1.268113155765222e+05
36.300000 -8.939225345418784e+04 1.377771561219111e+05
36.400000 -7.526191031899030e+04 1.441453653892667e+05
36.500000 -6.067979552263049e+04 1.470267211323615e+05
36.600000 -4.592455444905750e+04 1.478800270438890e+05
36.700000 -3.111155081600502e+04 1.485121127554647e+05
36.800000 -1.615806408109902e+04 1.510778338376252e+05
36.900000 -7.484868479658098e+02 1.580800717998289e+05
37.000000 1.570047772766026e+04 1.723697340904553e+05
37.100000 3.407461853182885e+04 1.971457540968057e+05
37.200000 5.559701908626583e+04 2.359550911451027e+05
37.300000 8.186154333510358e+04 2.926221590987050e+05
37.400000 1.148239509511962e+05 3.703013124297375e+05
37.500000 1.566705581258330e+05 4.703801171202175e+05
37.600000 2.096320611581597e+05 5.923586075142787e+05
37.700000 2.757947831057698e+05 7.338492844367436e+05
37.800000 3.569119204327735e+05 8.905771151931220e+05
37.900000 4.542147896578663e+05 1.056379533569612e+06
38.000000 5.682240740023979e+05 1.223206439833099e+06
38.100000 6.985610700384409e+05 1.381120200731156e+06
38.200000 8.437589343368600e+05 1.518295649492047e+06
38.300000 1.001076344216484e+06 1.621157704964075e+06
38.400000 1.166405054992896e+06 1.676580213123729e+06
38.500000 1.334480221653066e+06 1.674760877577109e+06
38.600000 1.499241432277108e+06 1.609590707032827e+06
38.700000 1.654202043724141e+06 1.478654068362457e+06
38.800000 1.792818517448593e+06 1.283228686600536e+06
38.900000 1.908859755316491e+06 1.028285644944560e+06
39.000000 1.996776435421762e+06 7.224893847549909e+05
39.100000 2.052070347902528e+06 3.781977055552522e+05
39.200000 2.071663730757395e+06 1.146176503172872e+04
39.300000 2.054266298908483e+06 -3.581143661490936e+05
39.400000 2.000632375960263e+06 -7.100685751241766e+05
39.500000 1.913422099956465e+06 -1.027061214243217e+06
39.600000 1.796843735623654e+06 -1.295469690329680e+06
39.700000 1.656281938513242e+06 -1.505388780063186e+06
39.800000 1.497926018015870e+06 -1.650630629979505e+06
39.900000 1.328398200375797e+06 -1.728724756470556e+06
40.000000 1.154381891705279e+06 -1.740918045784411e+06
40.100000 9.822499409989599e+05 -1.692174754025292e+06
40.200000 8.176929031482534e+05 -1.591176507153572e+06
40.300000 6.653485319682311e+05 -1.450241946154370e+06
40.400000 5.285041980601702e+05 -1.283454042490248e+06
40.500000 4.090933402755111e+05 -1.103534206425000e+06
40.600000 3.078723311533343e+05 -9.213017107736071e+05
40.700000 2.246107583129191e+05 -7.456729811171230e+05
40.800000 1.582817091771353e+05 -5.836615958026742e+05
40.900000 1.072520556958370e+05 -4.403782859434608e+05
41.000000 6.947273906925401e+04 -3.190309354187552e+05
41.100000 4.266905447138556e+04 -2.209245808739029e+05
41.200000 2.453093577339268e+04 -1.454614117203224e+05
41.300000 1.290289402770419e+04 -9.016517046318829e+04
41.400000 5.947916653859475e+03 -5.138151958965157e+04
41.500000 2.193640339904046e+03 -2.559996764851075e+04
41.600000 4.984067595132815e+02 -9.717512482994511e+03
41.700000 1.044904758121136e+01 -1.039327025501039e+03
41.800000 1.270742913035699e+02 2.721240702401837e+03
41.900000 4.538460212608402e+02 3.442667589976754e+03
42.000000 7.637667025012888e+02 2.595255437316785e+03
42.100000 9.564602256240132e+02 1.241130955345419e+03
42.200000 1.017354397861983e+03 3.424576581658983e+01
42.300000 9.769050889203137e+02 -7.764371879219865e+02
42.400000 8.738875654281093e+02 -1.232341240531864e+03
42.500000 7.393512487117541e+02 -1.420453265969892e+03
42.600000 5.961631725376426e+02 -1.417217692065110e+03
42.700000 4.600856132452944e+02 -1.288285239525992e+03
42.800000 3.408554604594098e+02 -1.088512921940446e+03
42.900000 2.432635878019267e+02 -8.619640457758074e+02
43.000000 1.682342236040782e+02 -6.419082103788461e+02
43.100000 1.139043216184481e+02 -4.508213079757625e+02
43.200000 7.670293173102893e+01 -3.003855236721897e+02
43.300000 5.242982448322485e+01 -1.915517504156068e+02
43.400000 3.723678969746008e+01 -1.174133085140476e+02
43.500000 2.805192813098517e+01 -7.016318694950780e+01
43.600000 2.253829704712665e+01 -4.292000405204240e+01
43.700000 1.900017059501803e+01 -2.974080377545805e+01
43.800000 1.628919724722447e+01 -2.562105569731347e+01
43.900000 1.371055723736775e+01 -2.649465501891922e+01
44.000000 1.092911999775095e+01 -2.923392256533791e+01
44.100000 7.875601596983339e+00 -3.164960478538392e+01
44.200000 4.652722177605129e+00 -3.249087375162365e+01
44.300000 1.441402708229055e+00 -3.144169968692111e+01
44.400000 -1.585941860617202e+00 -2.890122020608417e+01
44.500000 -4.306234069569273e+00 -2.538015101533858e+01
44.600000 -6.644078601851099e+00 -2.131990616222528e+01
44.700000 -8.564663834414169e+00 -1.709074547375427e+01
44.800000 -1.006664641588442e+01 -1.299177455640467e+01
44.900000 -1.117503584450916e+01 -9.250944796124669e+00
45.000000 -1.193407904610398e+01 -6.025053358331532e+00
45.100000 -1.240014495199962e+01 -3.399743187911616e+00
45.200000 -1.263460907698897e+01 -1.389503009220370e+00
45.300000 -1.269674005001758e+01 6.213178821123327e-02
45.400000 -1.263709617206432e+01 1.066028669607114e+00
45.500000 -1.249465754297567e+01 1.735720673657532e+00
45.600000 -1.229779052714461e+01 2.169749912394074e+00
45.700000 -1.206576938420090e+01 2.451416369049267e+00
45.800000 -1.181030048189101e+01 2.648777898056573e+00
45.900000 -1.153704650895803e+01 2.814650225050394e+00
46.000000 -1.124715068802153e+01 2.986606946866067e+00
46.100000 -1.093876098845754e+01 3.186979531539861e+00
46.200000 -1.060855433927837e+01 3.422857318308993e+00
46.300000 -1.025326060793002e+01 3.686114725912965e+00
46.400000 -9.871092897860505e+00 3.956599497156455e+00
46.500000 -9.462397867240465e+00 4.213497118249104e+00
46.600000 -9.029419630636500e+00 4.439737658668574e+00
46.700000 -8.575917877515044e+00 4.622079550940519e+00
46.800000 -8.106785035937564e+00 4.751109590638587e+00
46.900000 -7.627663436255772e+00 4.821242936384417e+00
47.000000 -7.144562474806808e+00 4.830723109847646e+00
47.100000 -6.663475777608448e+00 4.781621995745904e+00
47.200000 -6.189998364054312e+00 4.679839841844815e+00
47.300000 -5.728943844536606e+00 4.535100726844212e+00
47.400000 -5.283984053339574e+00 4.360151572238331e+00
47.500000 -4.857501793581774e+00 4.167497409293631e+00
47.600000 -4.450711924503599e+00 3.967965552112611e+00
47.700000 -4.063832229265365e+00 3.770670208194320e+00
47.800000 -3.696254725607665e+00 3.583012478434351e+00
47.900000 -3.346716976511689e+00 3.410680357124857e+00
48.000000 -3.013473400859596e+00 3.257648731954530e+00
48.100000 -2.694466584094845e+00 3.126179384008615e+00
48.200000 -2.387498588882542e+00 3.016820987768910e+00
48.300000 -2.090402260599166e+00 2.928409922992007e+00
48.400000 -1.801206272718868e+00 2.858304798318086e+00
48.500000 -1.518232060095650e+00 2.803482962773677e+00
48.600000 -1.240095698373188e+00 2.761086644890147e+00
48.700000 -9.656899444428579e-01 2.728439991182035e+00
48.800000 -6.941660446454277e-01 2.703049066147039e+00
48.900000 -4.249155429727355e-01 2.682601852266027e+00
49.000000 -1.575520892693739e-01 2.664968250003026e+00
49.100000 1.081067525656251e-01 2.648200077805230e+00
49.200000 3.720576963771063e-01 2.630531072103001e+00
49.300000 6.341299257271941e-01 2.610376920650299e+00
49.400000 8.940037349077902e-01 2.586352920167418e+00
49.500000 1.151234790290429e+00 2.557369011047951e+00
49.600000 1.405287088654029e+00 2.522683323498787e+00
49.700000 1.655567953004808e+00 2.481904251859118e+00
49.800000 1.901463058989523e+00 2.434990454600437e+00
49.900000 2.142371461308693e+00 2.382250854326541e+00
50.000000 2.377740620129831e+00 2.324344637773528e+00
50.100000 2.607101427500678e+00 2.262281255809797e+00
50.200000 2.830103233762427e+00 2.197420423436050e+00
50.300000 3.046548873745960e+00 2.131472067295204e+00
50.400000 3.256428222919586e+00 2.066435622443217e+00
50.500000 3.459930487645419e+00 2.004222533019726e+00
50.600000 3.657419986422526e+00 1.946415823670140e+00
50.700000 3.849402349870833e+00 1.894258712166200e+00
50.800000 4.036490540043755e+00 1.848654609405975e+00
50.900000 4.219370869740831e+00 1.810167119413860e+00
51.000000 4.398769021820355e+00 1.779020039340584e+00
51.100000 4.575416068512009e+00 1.755097359463197e+00
51.200000 4.750014490729500e+00 1.737943263185086e+00
51.300000 4.923204197412304e+00 1.726762136686762e+00
51.400000 5.095529297391897e+00 1.720451222893211e+00
51.500000 5.267417518332985e+00 1.717836187026163e+00
51.600000 5.439183731193828e+00 1.717840630725371e+00
51.700000 5.611040548594916e+00 1.719495785595695e+00
51.800000 5.783109087815490e+00 1.721940513207102e+00
51.900000 5.955429733790030e+00 1.724421305094661e+00
52.000000 6.127972902104788e+00 1.726292282758551e+00
52.100000 6.300649801994282e+00 1.727015197664053e+00
52.200000 6.473323199337822e+00 1.726159431241559e+00
52.300000 6.645818179655583e+00 1.723401994667689e+00
52.400000 6.817932826412744e+00 1.718523662533153e+00
52.500000 6.989447236127939e+00 1.711376484750143e+00
52.600000 7.160129011202812e+00 1.701857377548122e+00
52.700000 7.329737598731843e+00 1.689906318554297e+00
52.800000 7.498028596642119e+00 1.675506346793622e+00
52.900000 7.664758059833103e+00 1.658683562688792e+00
53.000000 7.829686806316426e+00 1.639507128060249e+00
53.100000 7.992584723355641e+00 1.618089266126177e+00
53.200000 8.153235073606016e+00 1.594585261502508e+00
53.300000 8.311438801254283e+00 1.569193460197896e+00
53.400000 8.467018786132058e+00 1.542152766218172e+00
53.500000 8.619822895996382e+00 1.513718034726464e+00
53.600000 8.769724208302431e+00 1.484137477521221e+00
53.700000 8.916620197986500e+00 1.453650832426173e+00
53.800000 9.060431890068505e+00 1.422489363290330e+00
53.900000 9.201103012254549e+00 1.390875859987981e+00
54.000000 9.338599147539401e+00 1.359024638418697e+00
54.100000 9.472906886809081e+00 1.327141540507323e+00
54.200000 9.604032981443334e+00 1.295423934203990e+00
54.300000 9.732003495918192e+00 1.264060713484106e+00
54.400000 9.856862946221240e+00 1.233231576894474e+00
54.500000 9.978673049719575e+00 1.203098692980814e+00
54.600000 1.009751045635881e+01 1.173798055310542e+00
54.700000 1.021346406544340e+01 1.145438657493014e+00
54.800000 1.032663232564083e+01 1.118102493179451e+00
54.900000 1.043712053498581e+01 1.091844556062954e+00
55.000000 1.054503814088445e+01 1.066692839878492e+00
55.100000 1.065049604011843e+01 1.042648338402911e+00
55.200000 1.075360387884924e+01 1.019685045454924e+00
55.300000 1.085446735262231e+01 9.977499548951279e-01
55.400000 1.095318551481205e+01 9.767635157176053e-01
55.500000 1.104984836171663e+01 9.566258472796338e-01
55.600000 1.114453522594898e+01 9.372240215035795e-01
55.700000 1.123731353566052e+01 9.184328772544081e-01
55.800000 1.132823759123718e+01 9.001150203568040e-01
55.900000 1.141734734199535e+01 8.821208235951586e-01
56.000000 1.150466716287781e+01 8.642884267135816e-01
56.100000 1.159020463114979e+01 8.464437364158972e-01
56.200000 1.167394930309484e+01 8.284004263656457e-01
56.300000 1.175587149071088e+01 8.099599371860799e-01
56.400000 1.183592107151841e+01 7.909133761716890e-01
56.500000 1.191402761182900e+01 7.710724175330015e-01
56.600000 1.199010477214319e+01 7.503101991303365e-01
56.700000 1.206405686669591e+01 7.285666586432930e-01
56.800000 1.213578554352591e+01 7.058485344683764e-01
56.900000 1.220519646454742e+01 6.822293657189981e-01
57.000000 1.227220598562189e+01 6.578494922254861e-01
57.100000 1.233674783662961e+01 6.329160545350729e-01
57.200000 1.239877980154146e+01 6.077029939119059e-01
57.300000 1.245829039849058e+01 5.825510523370359e-01
57.400000 1.251530550786356e+01 5.578645860329657e-01
57.500000 1.256989247113272e+01 5.340492571639986e-01
57.600000 1.262215497510862e+01 5.114188696347068e-01
57.700000 1.267222278825125e+01 4.901812448250964e-01
57.800000 1.272024116161652e+01 4.704382132738347e-01
57.900000 1.276636022977215e+01 4.521856146782511e-01
58.000000 1.281072441171349e+01 4.353132978943256e-01
58.100000 1.285346181177949e+01 4.196051209367064e-01
58.200000 1.289467362056843e+01 4.047389509786986e-01
58.300000 1.293442351585388e+01 3.902866643522654e-01
58.400000 1.297272710870965e+01 3.757171217054879e-01
58.500000 1.300954413196938e+01 3.604669164173004e-01
58.600000 1.304478181211932e+01 3.440599244888548e-01
58.700000 1.307830517477597e+01 3.261282793987135e-01
58.800000 1.310994787326416e+01 3.064124018351295e-01
58.900000 1.313952301733802e+01 2.847609996960411e-01
59.000000 1.316683400190198e+01 2.611310680890772e-01
59.100000 1.319168533573170e+01 2.355878893315509e-01
59.200000 1.321389347019505e+01 2.083050329504653e-01
59.300000 1.323329762797310e+01 1.795643556825157e-01
59.400000 1.324977060947814e+01 1.497544172567824e-01
59.500000 1.326322787952043e+01 1.193240098696380e-01
59.600000 1.327362878837459e+01 8.869335753357245e-02
59.700000 1.328097238444531e+01 5.823615511768533e-02
59.800000 1.328529275668731e+01 2.827951875288047e-02
59.900000 1.328665437673150e+01 -8.960141681185127e-04
60.000000 1.328514744101112e+01 -2.905648499077143e-02
60.100000 1.328088321288799e+01 -5.601451379872707e-02
60.200000 1.327398936477863e+01 -8.162929941381969e-02
60.300000 1.326460532028047e+01 -1.058066193960676e-01
60.400000 1.325287759747777e+01 -1.284987390220370e-01
60.500000 1.323895527065645e+01 -1.497010592362813e-01
60.600000 1.322298604073566e+01 -1.694448660495191e-01
60.700000 1.320511276966750e+01 -1.877956459875731e-01
60.800000 1.318547006112170e+01 -2.048530781722873e-01
60.900000 1.316418084122599e+01 -2.207510343215240e-01
61.000000 1.314135293930655e+01 -2.356575787491727e-01
61.100000 1.311707566862832e+01 -2.497749683651404e-01
61.200000 1.309141640713548e+01 -2.633396526753604e-01
61.300000 1.306441717819182e+01 -2.766222737817786e-01
61.400000 1.303609123877218e+01 -2.899270372578269e-01
61.500000 1.300642066986976e+01 -3.035619807389141e-01
61.600000 1.297535977226046e+01 -3.177660821406056e-01
61.700000 1.294284336542738e+01 -3.326898709729644e-01
61.800000 1.290879564539864e+01 -3.483952868248568e-01
61.900000 1.287313904373958e+01 -3.648556793639462e-01
62.000000 1.283580308654482e+01 -3.819558083366970e-01
62.100000 1.279673325343037e+01 -3.994918435683744e-01
62.200000 1.275589983652579e+01 -4.171713649630459e-01
62.300000 1.271330679946631e+01 -4.346133625035779e-01
62.400000 1.266900062897283e+01 -4.513489272738869e-01
62.500000 1.262307780119587e+01 -4.668643268641756e-01
62.600000 1.257568318184349e+01 -4.807209081943587e-01
62.700000 1.252699994339566e+01 -4.925915034091983e-01
62.800000 1.247723838155075e+01 -5.022608159957934e-01
62.900000 1.242662472809129e+01 -5.096254207835762e-01
63.000000 1.237538996374976e+01 -5.146937639443112e-01
63.100000 1.232375863107435e+01 -5.175861629921038e-01
63.200000 1.227193764729471e+01 -5.185348067833850e-01
63.300000 1.222010511718775e+01 -5.178837555169282e-01
63.400000 1.216839915040276e+01 -5.160884766463815e-01
63.500000 1.211690789086208e+01 -5.136763255255727e-01
63.600000 1.206566853684249e+01 -5.111213891042834e-01
63.700000 1.201467567948766e+01 -5.088012203347592e-01
63.800000 1.196389101307866e+01 -5.069962035165458e-01
63.900000 1.191325305189924e+01 -5.058895542964911e-01
64.000000 1.186268684710111e+01 -5.055673196687478e-01
64.100000 1.181211370356920e+01 -5.060183779747609e-01
64.200000 1.176146089678691e+01 -5.071344389032867e-01
64.300000 1.171067138970142e+01 -5.087100434903802e-01
64.400000 1.165971354760614e+01 -5.104427976201026e-01
64.500000 1.160859002175665e+01 -5.119617978999224e-01
64.600000 1.155733962131080e+01 -5.129303089392609e-01
64.700000 1.150603113472562e+01 -5.130860865728237e-01
64.800000 1.145475581092641e+01 -5.122421656002969e-01
64.900000 1.140361983141025e+01 -5.102868597863478e-01
65.000000 1.135273678234950e+01 -5.071837618606185e-01
65.100000 1.130222012669533e+01 -5.029717435177434e-01
65.200000 1.125217567628117e+01 -4.977649554173244e-01
65.300000 1.120269406392626e+01 -4.917528271839558e-01
65.400000 1.115384321638932e+01 -4.851999521146430e-01
65.500000 1.110566142150543e+01 -4.784247714176833e-01
65.600000 1.105815611555763e+01 -4.717115061529766e-01
65.700000 1.101130994768089e+01 -4.652709376939792e-01
65.800000 1.096508821039178e+01 -4.592394170342085e-01
65.900000 1.091944628262653e+01 -4.536788647872364e-01
66.000000 1.087433707277903e+01 -4.485767711866864e-01
66.100000 1.082971846173878e+01 -4.438461960862335e-01
66.200000 1.078556074592890e+01 -4.393257689596144e-01
66.300000 1.074185408034418e+01 -4.347796889006128e-01
66.400000 1.069861592116313e+01 -4.298977926839165e-01
66.500000 1.065589791672172e+01 -4.243163209825412e-01
66.600000 1.061378671301675e+01 -4.177163706767678e-01
66.700000 1.057239617864263e+01 -4.098735415823997e-01
66.800000 1.053185781786354e+01 -4.006595204890140e-01
66.900000 1.049231116191599e+01 -3.900420811599615e-01
67.000000 1.045389416031148e+01 -3.780850843323720e-01
67.100000 1.041673357213908e+01 -3.649484777171395e-01
67.200000 1.038093535736812e+01 -3.508882959989409e-01
67.300000 1.034657506815075e+01 -3.362566608362211e-01
67.400000 1.031368824031893e+01 -3.215017430495248e-01
67.500000 1.028226132782220e+01 -3.071463083189654e-01
67.600000 1.025222953040421e+01 -2.936705882127643e-01
67.700000 1.022348539903297e+01 -2.814454696033223e-01
67.800000 1.019588999534484e+01 -2.707298522512053e-01
67.900000 1.016928409035574e+01 -2.616706488051444e-01
68.000000 1.014349936317226e+01 -2.543027848020320e-01
68.100000 1.011836959970294e+01 -2.485491986669252e-01
68.200000 1.009374189136938e+01 -2.442208417130492e-01
68.300000 1.006948783381746e+01 -2.410166781417909e-01
68.400000 1.004551472556807e+01 -2.385237000640221e-01
68.500000 1.002177630797264e+01 -2.362359620098297e-01
68.600000 9.998276771012744e+00 -2.336747007956843e-01
68.700000 9.975063076852178e+00 -2.304657806604624e-01
68.800000 9.952214182872364e+00 -2.263434330129387e-01
68.900000 9.929830204955348e+00 -2.211502564317714e-01
69.000000 9.908021580766816e+00 -2.148372166655131e-01
69.100000 9.886898233039105e+00 -2.074636466326013e-01
69.200000 9.866558732854207e+00 -1.991972464213724e-01
69.300000 9.847079462926800e+00 -1.903140832900436e-01
69.400000 9.828503780898011e+00 -1.811985879567140e-01
69.500000 9.810831510983812e+00 -1.723292348454037e-01
69.600000 9.794014039097325e+00 -1.641736710922933e-01
69.700000 9.777960200990744e+00 -1.571123249874859e-01
69.800000 9.762545372972193e+00 -1.514339571219248e-01
69.900000 9.747620638675659e+00 -1.473356603874016e-01
70.000000 9.733021955830925e+00 -1.449228599765488e-01
70.100000 9.718579323033451e+00 -1.442093133828373e-01
70.200000 9.704125946514312e+00 -1.451171104005876e-01
70.300000 9.689507406910113e+00 -1.474766731249578e-01
70.400000 9.674590826032219e+00 -1.510267563343123e-01
70.500000 9.659273849840954e+00 -1.554228814869754e-01
70.600000 9.643489964094318e+00 -1.603093120300390e-01
70.700000 9.627205960789151e+00 -1.653782781222112e-01
70.800000 9.610416804643567e+00 -1.703740951790083e-01
70.900000 9.593140424571292e+00 -1.750931638727491e-01
71.000000 9.575412505155992e+00 -1.793839701325632e-01
71.100000 9.557281278125558e+00 -1.831470851443840e-01
71.200000 9.538802313826462e+00 -1.863351653509517e-01
71.300000 9.520033312698065e+00 -1.889529524518122e-01
71.400000 9.501028896746924e+00 -1.910572734002097e-01
71.500000 9.481835459100186e+00 -1.927542306475133e-01
71.600000 9.462487377731801e+00 -1.941711405484942e-01
71.700000 9.443006476519361e+00 -1.954304506682382e-01
71.800000 9.423402685456635e+00 -1.966475911184735e-01
71.900000 9.403674742398868e+00 -1.979309745575626e-01
72.000000 9.383810894808157e+00 -1.993819961905085e-01
72.100000 9.363789601498748e+00 -2.010950337689484e-01
72.200000 9.343580234382406e+00 -2.031574475911602e-01
72.300000 9.323143780213726e+00 -2.056495805020565e-01
72.400000 9.302433542335487e+00 -2.086447578931910e-01
72.500000 9.281395860466741e+00 -2.122083649440702e-01
72.600000 9.259971333358157e+00 -2.163870096859384e-01
72.700000 9.238097374124180e+00 -2.211971446242736e-01
72.800000 9.215711313575852e+00 -2.266239633214306e-01
72.900000 9.192753526115142e+00 -2.326214003964008e-01
73.000000 9.169170555629298e+00 -2.391121315248025e-01
73.100000 9.144918241385172e+00 -2.459875734388837e-01
73.200000 9.119964843923547e+00 -2.531078839275260e-01
73.300000 9.094294170953505e+00 -2.603019618362385e-01
73.400000 9.067908703246736e+00 -2.673674470671631e-01
73.500000 9.040832674409401e+00 -2.740732223744097e-01
73.600000 9.013113610680675e+00 -2.801941704876756e-01
73.700000 8.984819322030027e+00 -2.855523972502176e-01
73.800000 8.956032812564269e+00 -2.900219141978329e-01
73.900000 8.926847089945499e+00 -2.935286386885202e-01
74.000000 8.897359974808927e+00 -2.960503939024849e-01
74.100000 8.867668910180619e+00 -2.976169088421405e-01
74.200000 8.837865770895297e+00 -2.983098183321004e-01
74.300000 8.808031673014099e+00 -2.982626630191888e-01
74.400000 8.778231783242388e+00 -2.976608893724332e-01
74.500000 8.748510164517093e+00 -2.967397611811634e-01
74.600000 8.718886084994770e+00 -2.957497728937065e-01
74.700000 8.689355150957649e+00 -2.949103124857037e-01
74.800000 8.659892892086100e+00 -2.944035228820349e-01
74.900000 8.630458486080588e+00 -2.943743007563458e-01
75.000000 8.600998483286766e+00 -2.949302965310465e-01
75.100000 8.571450531320606e+00 -2.961419143773208e-01
75.200000 8.541747099693533e+00 -2.980423122151114e-01
75.300000 8.511819204437524e+00 -3.006274017131280e-01
75.400000 8.481600132730263e+00 -3.038558482888528e-01
75.500000 8.451029153282978e+00 -3.076499498908620e-01
75.600000 8.420054519082232e+00 -3.119131504120711e-01
75.700000 8.388633863012190e+00 -3.165565477619159e-01
75.800000 8.356733121655852e+00 -3.215029725089269e-01
75.900000 8.324325361773599e+00 -3.266869905373194e-01
76.000000 8.291389606771590e+00 -3.320549030469935e-01
76.100000 8.257909663170215e+00 -3.375647465535385e-01
76.200000 8.223872947072520e+00 -3.431862928882286e-01
76.300000 8.189269310632643e+00 -3.489010491980247e-01
76.400000 8.154089868524233e+00 -3.547022579455731e-01
76.500000 8.118325830125189e+00 -3.605945179405372e-01
76.600000 8.081967686533494e+00 -3.665845877712207e-01
76.700000 8.045005861168212e+00 -3.726656537948712e-01
76.800000 8.007432277239831e+00 -3.788145299701255e-01
76.900000 7.969241995396713e+00 -3.849916535805963e-01
77.000000 7.930434851392616e+00 -3.911410852348844e-01
77.100000 7.891017093754186e+00 -3.971905088665660e-01
77.200000 7.851003021448468e+00 -4.030512317342023e-01
77.300000 7.810416621550395e+00 -4.086181844213334e-01
77.400000 7.769293206910301e+00 -4.137699208364795e-01
77.500000 7.727681045114823e+00 -4.183692416051519e-01
77.600000 7.685642298946921e+00 -4.222818850934255e-01
77.700000 7.643250781164030e+00 -4.254126877759302e-01
77.800000 7.600587496070001e+00 -4.277130013414066e-01
77.900000 7.557735985953528e+00 -4.291807144045195e-01
78.000000 7.514777677395526e+00 -4.298602525058664e-01
78.100000 7.471787227576563e+00 -4.298425781119692e-01
78.200000 7.428827870584258e+00 -4.292651906152781e-01
78.300000 7.385946763720686e+00 -4.283121263341721e-01
78.400000 7.343170333809795e+00 -4.272139585129585e-01
78.500000 7.300499634175173e+00 -4.262469668878819e-01
78.600000 7.257906802867739e+00 -4.257018164358493e-01
78.700000 7.215337249512306e+00 -4.258149589234005e-01
78.800000 7.172716253657971e+00 -4.267524758322361e-01
78.900000 7.129956009202838e+00 -4.286099987004424e-01
79.000000 7.086962669388379e+00 -4.314127091224860e-01
79.100000 7.043643391793807e+00 -4.351153387492173e-01
79.200000 6.999913383330428e+00 -4.396021692878685e-01
79.300000 6.955702945236006e+00 -4.446870325020563e-01
79.400000 6.910964518069121e+00 -4.501133102117783e-01
79.500000 6.865679718287277e+00 -4.555546516797121e-01
79.600000 6.819865206993676e+00 -4.606497811995646e-01
79.700000 6.773571711763132e+00 -4.650889181938422e-01
79.800000 6.726877206041983e+00 -4.686370735232305e-01
79.900000 6.679879413769620e+00 -4.711342264660076e-01
80.000000 6.632688312536720e+00 -4.724953247180514e-01
80.100000 6.585418636743499e+00 -4.727102843928346e-01
80.200000 6.538182380757942e+00 -4.718439900214215e-01
80.300000 6.491081302074046e+00 -4.700362945524770e-01
80.400000 6.444199424470069e+00 -4.675020193522598e-01
80.500000 6.397595546017633e+00 -4.645304972009416e-01
80.600000 6.351296686163245e+00 -4.614562325299623e-01
80.700000 6.305297755462560e+00 -4.585761801205385e-01
80.800000 6.259567107496838e+00 -4.561242977692699e-01
80.900000 6.214052863884206e+00 -4.542712669421567e-01
81.000000 6.168689241912724e+00 -4.531244927746059e-01
81.100000 6.123402882173442e+00 -4.527281040714268e-01
81.200000 6.078119176193456e+00 -4.530629533068316e-01
81.300000 6.032768594068974e+00 -4.540466166244392e-01
81.400000 5.987293012098367e+00 -4.555333938372695e-01
81.500000 5.941652038173400e+00 -4.573145444796597e-01
81.600000 5.895828702690981e+00 -4.591390733730831e-01
81.700000 5.849830383020371e+00 -4.607804213399270e-01
81.800000 5.803684736964860e+00 -4.620598177717808e-01
81.900000 5.757434892307330e+00 -4.628466336851397e-01
82.000000 5.711134632647770e+00 -4.630583817214088e-01
82.100000 5.664843583240774e+00 -4.626607161468984e-01
82.200000 5.618622396833074e+00 -4.616674328528307e-01
82.300000 5.572527939501023e+00 -4.601404693553307e-01
82.400000 5.526608476488121e+00 -4.581899047954341e-01
82.500000 5.480898858958210e+00 -4.559738506667307e-01
82.600000 5.435416113208137e+00 -4.536846224336587e-01
82.700000 5.390158469187336e+00 -4.514981210465910e-01
82.800000 5.345108378560793e+00 -4.495537011221573e-01
82.900000 5.300236205049316e+00 -4.479537669272130e-01
83.000000 5.255503919464524e+00 -4.467637723788422e-01
83.100000 5.210868794743813e+00 -4.460122210443568e-01
83.200000 5.166287100985334e+00 -4.456906661412943e-01
83.300000 5.121717800482974e+00 -4.457537105374217e-01
83.400000 5.077126242761337e+00 -4.461190067507333e-01
83.500000 5.032487859256507e+00 -4.466673057202504e-01
83.600000 4.987791596104645e+00 -4.472518971969082e-01
83.700000 4.943040791581191e+00 -4.477381479996587e-01
83.800000 4.898250769175316e+00 -4.480213309322741e-01
83.900000 4.853445806724011e+00 -4.480270862346354e-01
84.000000 4.808656099668468e+00 -4.477114215827310e-01
84.100000 4.763914724310471e+00 -4.470607120886609e-01
84.200000 4.719254601068801e+00 -4.460917003006339e-01
84.300000 4.674705457735601e+00 -4.448514962029644e-01
84.400000 4.630290792732782e+00 -4.434175772160793e-01
84.500000 4.586024838505934e+00 -4.418977658173346e-01
84.600000 4.541909715805242e+00 -4.404230088564590e-01
84.700000 4.497934723132415e+00 -4.391126636008374e-01
84.800000 4.454078667995499e+00 -4.380567746709307e-01
84.900000 4.410312847982964e+00 -4.373154958375353e-01
85.000000 4.366604039848686e+00 -4.369190900217850e-01
85.100000 4.322917488596919e+00 -4.368679292951484e-01
85.200000 4.279219896567243e+00 -4.371324948794273e-01
85.300000 4.235482412519548e+00 -4.376533771467634e-01
85.400000 4.191683620718988e+00 -4.383412756196309e-01
85.500000 4.147812529971450e+00 -4.390770088179042e-01
85.600000 4.103871411643919e+00 -4.397175107539744e-01
85.700000 4.059876692753439e+00 -4.401290405807685e-01
85.800000 4.015856776422753e+00 -4.402063594321558e-01
85.900000 3.971849125850149e+00 -4.398735046634678e-01
86.000000 3.927897336687307e+00 -4.390837898515034e-01
86.100000 3.884048209417156e+00 -4.378198047945265e-01
86.200000 3.840348821731718e+00 -4.360934155122649e-01
86.300000 3.796843600909978e+00 -4.339457642459128e-01
86.400000 3.753571396195724e+00 -4.314472694581284e-01
86.500000 3.710562551187478e+00 -4.286976227449226e-01
86.600000 3.667836079352959e+00 -4.258214883277537e-01
86.700000 3.625398376106550e+00 -4.229409621038471e-01
86.800000 3.583244624426712e+00 -4.201575967761931e-01
86.900000 3.541360923423974e+00 -4.175515170005480e-01
87.000000 3.499726431145648e+00 -4.151814193854346e-01
87.100000 3.458315507380556e+00 -4.130845724921430e-01
87.200000 3.417099856463754e+00 -4.112768168347303e-01
87.300000 3.376050670081250e+00 -4.097525648800207e-01
87.400000 3.335140770074737e+00 -4.084848010476040e-01
87.500000 3.294346751244833e+00 -4.074250822363292e-01
87.600000 3.253651070957492e+00 -4.065058694607467e-01
87.700000 3.213043216878776e+00 -4.056578635953199e-01
87.800000 3.172519080311819e+00 -4.048227882210020e-01
87.900000 3.132079791162500e+00 -4.039541477018476e-01
88.000000 3.091730539861136e+00 -4.030172271850097e-01
88.100000 3.051479399284177e+00 -4.019890926007434e-01
88.200000 3.011336146675888e+00 -4.008585906624031e-01
88.300000 2.971311085570047e+00 -3.996263488664444e-01
88.400000 2.931413867711631e+00 -3.983047754924236e-01
88.500000 2.891652314978571e+00 -3.969180595640061e-01
88.600000 2.852031264949545e+00 -3.955010801390998e-01
88.700000 2.812551895893764e+00 -3.940899525853656e-01
88.800000 2.773212088797522e+00 -3.927141542416999e-01
88.900000 2.734007136671085e+00 -3.913959672897885e-01
89.000000 2.694930464064409e+00 -3.901504787541073e-01
89.100000 2.655974346582865e+00 -3.889855805019231e-01
89.200000 2.617130630402958e+00 -3.879019692432917e-01
89.300000 2.578391451788046e+00 -3.868931465310589e-01
89.400000 2.539749956604063e+00 -3.859454187608615e-01
89.500000 2.501201019835243e+00 -3.850378971715341e-01
89.600000 2.462741949703960e+00 -3.841432467184486e-01
89.700000 2.424372824069938e+00 -3.832352856626530e-01
89.800000 2.386095942088199e+00 -3.822961358526255e-01
89.900000 2.347914945605861e+00 -3.813168215979934e-01
90.000000 2.309833928916022e+00 -3.802972696695319e-01
90.100000 2.271856548511646e+00 -3.792463092991661e-01
90.200000 2.233985132839444e+00 -3.781816721799683e-01
90.300000 2.196219792053766e+00 -3.771299924661609e-01
90.400000 2.158557527770482e+00 -3.761268067731137e-01
90.500000 2.120991342820863e+00 -3.752165541773465e-01
90.600000 2.083509368416082e+00 -3.744516806709322e-01
90.700000 2.046094485178640e+00 -3.738819467515134e-01
90.800000 2.008725267200838e+00 -3.735430631256820e-01
90.900000 1.971377475986460e+00 -3.734555708564958e-01
91.000000 1.934025577415197e+00 -3.736248413628677e-01
91.100000 1.896644258707053e+00 -3.740410764195667e-01
91.200000 1.859209945386763e+00 -3.746793081572182e-01
91.300000 1.821702318248206e+00 -3.754993990623022e-01
91.400000 1.784105830318821e+00 -3.764460419771560e-01
91.500000 1.746411223824020e+00 -3.774487600999714e-01
91.600000 1.708617031780838e+00 -3.784227458162266e-01
91.700000 1.670730556714559e+00 -3.792807165691053e-01
91.800000 1.632767287977718e+00 -3.799471487068447e-01
91.900000 1.594749597235126e+00 -3.803599196924106e-01
92.000000 1.556705398346626e+00 -3.804703081622010e-01
92.100000 1.518666807249748e+00 -3.802429939260464e-01
92.200000 1.480668801842370e+00 -3.796560579672095e-01
92.300000 1.442747881865370e+00 -3.787009824423850e-01
92.400000 1.404940728785285e+00 -3.773826506817000e-01
92.500000 1.367282865676970e+00 -3.757193471887136e-01
92.600000 1.329807320903626e+00 -3.737425369487687e-01
92.700000 1.292543448527747e+00 -3.714931440801915e-01
92.800000 1.255516271108082e+00 -3.690165050436145e-01
92.900000 1.218746090872327e+00 -3.663616898547901e-01
93.000000 1.182248116376508e+00 -3.635815019313153e-01
93.100000 1.146032089164799e+00 -3.607324780926339e-01
93.200000 1.110101910429340e+00 -3.578748885600360e-01
93.300000 1.074455267670047e+00 -3.550727369566584e-01
93.400000 1.039083261354430e+00 -3.523937603074833e-01
93.500000 1.003970031577410e+00 -3.499094290393394e-01
93.600000 9.690923916263032e-01 -3.476945178054128e-01
93.700000 9.344198121946293e-01 -3.458183872307534e-01
93.800000 8.999157120291094e-01 -3.443316258736154e-01
93.900000 8.655394938475548e-01 -3.432639643732478e-01
94.000000 8.312486302746939e-01 -3.426242739520814e-01
94.100000 7.970007497838522e-01 -3.424005664157301e-01
94.200000 7.627557226386348e-01 -3.425599941529898e-01
94.300000 7.284777468346088e-01 -3.430488501358392e-01
94.400000 6.941374340409826e-01 -3.437925679194395e-01
94.500000 6.597138955422915e-01 -3.446957216421342e-01
94.600000 6.251968204290399e-01 -3.456425437252545e-01
94.700000 5.905880613334157e-01 -3.465097475635058e-01
94.800000 5.559011656333657e-01 -3.471887333224559e-01
94.900000 5.211596061685205e-01 -3.475895975250297e-01
95.000000 4.863949109791368e-01 -3.476411396357981e-01
95.100000 4.516447930119309e-01 -3.472908620609778e-01
95.200000 4.169512798259156e-01 -3.465049701484312e-01
95.300000 3.823588432982355e-01 -3.452683721876668e-01
95.400000 3.479125293300013e-01 -3.435846794098386e-01
95.500000 3.136560875521267e-01 -3.414762059877465e-01
95.600000 2.796301031031361e-01 -3.389838194861469e-01
95.700000 2.458702964799868e-01 -3.361623568661896e-01
95.800000 2.124066101396077e-01 -3.330716458681073e-01
95.900000 1.792628473520798e-01 -3.297746374117481e-01
96.000000 1.464563604259330e-01 -3.263373998082952e-01
96.100000 1.139977389690118e-01 -3.228291187602671e-01
96.200000 8.189049814934216e-02 -3.193220973615180e-01
96.300000 5.013076695599777e-02 -3.158917560972370e-01
96.400000 1.870697645996672e-02 -3.126166328439490e-01
96.500000 -1.240045192498210e-02 -3.095783828695139e-01
96.600000 -4.321941543654789e-02 -3.068615633355946e-01
96.700000 -7.378614757830212e-02 -3.045453072019746e-01
96.800000 -1.041437019372994e-01 -3.026848588797329e-01
96.900000 -1.343392426547490e-01 -3.013071655731828e-01
97.000000 -1.644212125931566e-01 -3.004108545039309e-01
97.100000 -1.944365013380525e-01 -2.999662329108772e-01
97.200000 -2.244276131997225e-01 -2.999152880502151e-01
97.300000 -2.544298352149355e-01 -3.001716871954309e-01
97.400000 -2.844684051486746e-01 -3.006207776373048e-01
97.500000 -3.145556794958649e-01 -3.011195866839100e-01
97.600000 -3.446883054989375e-01 -3.014971672539906e-01
97.700000 -3.748449682281614e-01 -3.015718185392354e-01
97.800000 -4.049875502983428e-01 -3.011943848141804e-01
97.900000 -4.350652335521880e-01 -3.002600841677892e-01
98.000000 -4.650189450055724e-01 -2.987086019745000e-01
98.100000 -4.947858035760900e-01 -2.965240908942250e-01
98.200000 -5.243035668115992e-01 -2.937351708723518e-01
98.300000 -5.535150776187708e-01 -2.904149291397419e-01
98.400000 -5.823727109916358e-01 -2.866809202127313e-01
98.500000 -6.108428207401325e-01 -2.826951658931310e-01
98.600000 -6.389101830734634e-01 -2.786638558059640e-01
98.700000 -6.665818091929782e-01 -2.748175397237211e-01
98.800000 -6.938865245082689e-01 -2.713545604249120e-01
98.900000 -7.208705049494645e-01 -2.684234233528150e-01
99.000000 -7.475922751132866e-01 -2.661225963959707e-01
99.100000 -7.741177045075738e-01 -2.645005098881805e-01
99.200000 -8.005150037958068e-01 -2.635555566085076e-01
99.300000 -8.268497210416368e-01 -2.632360917812763e-01
99.400000 -8.531797379534097e-01 -2.634404330760725e-01
99.500000 -8.795502661286936e-01 -2.640168606077438e-01
99.600000 -9.059888451934881e-01 -2.647638188104141e-01
99.700000 -9.325008996312524e-01 -2.654483063768601e-01
99.800000 -9.590695464687107e-01 -2.658656561826319e-01
99.900000 -9.856598998651530e-01 -2.658607381534364e-01
100.000000 -1.012224054338011e+00 -2.653282895264450e-01
100.100000 -1.038706071494010e+00 -2.642129148502950e-01
100.200000 -1.065046966760308e+00 -2.625090859850892e-01
100.300000 -1.091189696115651e+00 -2.602611421023948e-01
100.400000 -1.117084142821512e+00 -2.575632896852454e-01
100.500000 -1.142692104153241e+00 -2.545596025281390e-01
100.600000 -1.167992277110397e+00 -2.514438982735122e-01
100.700000 -1.192984773391445e+00 -2.484434865526919e-01
100.800000 -1.217691558603383e+00 -2.457588810138842e-01
100.900000 -1.242152114955439e+00 -2.435395170201813e-01
101.000000 -1.266418289255917e+00 -2.418832511899916e-01
101.100000 -1.290549135037726e+00 -2.408363613970397e-01
101.200000 -1.314605754683914e+00 -2.403935467703657e-01
101.300000 -1.338646141553200e+00 -2.404979276943260e-01
101.400000 -1.362720022105503e+00 -2.410410458085933e-01
101.500000 -1.386863698027476e+00 -2.418628640081552e-01
101.600000 -1.411094888856768e+00 -2.427518361881294e-01
101.700000 -1.435407965164285e+00 -2.434590534826834e-01
101.800000 -1.459773044204649e+00 -2.437583052667811e-01
101.900000 -1.484140101227899e+00 -2.434735023078655e-01
102.000000 -1.508444044984544e+00 -2.424794038478354e-01
102.100000 -1.532609802573000e+00 -2.407016176030428e-01
102.200000 -1.556557404287046e+00 -2.381165997642949e-01
102.300000 -1.580207068463262e+00 -2.347516549968533e-01
102.400000 -1.603484286328476e+00 -2.306849364404337e-01
102.500000 -1.626324906847214e+00 -2.260454457092067e-01
102.600000 -1.648680221384904e+00 -2.210130023567731e-01
102.700000 -1.670521773939576e+00 -2.158078126223943e-01
102.800000 -1.691843058769136e+00 -2.106396142864480e-01
102.900000 -1.712656737745883e+00 -2.056813900268337e-01
103.000000 -1.732990889418541e+00 -2.010684906941930e-01
103.100000 -1.752885245829539e+00 -1.968986353119096e-01
103.200000 -1.772387429332278e+00 -1.932319110761093e-01
103.300000 -1.791549189408411e+00 -1.900907733556608e-01
103.400000 -1.810422639485115e+00 -1.874600456921745e-01
103.500000 -1.829056493752363e+00 -1.852869198000026e-01
103.600000 -1.847492304030947e+00 -1.834809658881831e-01
103.700000 -1.865760866024369e+00 -1.819208914125196e-01
103.800000 -1.883880838614197e+00 -1.804925133580111e-01
103.900000 -1.901860895804409e+00 -1.791109559553778e-01
104.000000 -1.919702735120092e+00 -1.777215653960703e-01
104.100000 -1.937404099803514e+00 -1.762999098322709e-01
104.200000 -1.954961801010201e+00 -1.748517793768925e-01
104.300000 -1.972374740005004e+00 -1.734131861035790e-01
104.400000 -1.989646930358174e+00 -1.720503640467063e-01
104.500000 -2.006790520141438e+00 -1.708597692013797e-01
104.600000 -2.023828814107290e+00 -1.699680751059166e-01
104.700000 -2.040799134035038e+00 -1.695253906634928e-01
104.800000 -2.057753231656491e+00 -1.696611811452726e-01
104.900000 -2.074753366328181e+00 -1.704551459787972e-01
105.000000 -2.091867205992975e+00 -1.719357574631562e-01
105.100000 -2.109162704467224e+00 -1.740802607689870e-01
105.200000 -2.126702978727924e+00 -1.768146739384763e-01
105.300000 -2.144541186199862e+00 -1.800137878853574e-01
105.400000 -2.162715402042780e+00 -1.835011663949130e-01
105.500000 -2.181243496438524e+00 -1.870491461239737e-01
105.600000 -2.200118011882688e+00 -1.903788382744803e-01
105.700000 -2.219301234740950e+00 -1.931686862847028e-01
105.800000 -2.238723685609426e+00 -1.951190636661634e-01
105.900000 -2.258289334620087e+00 -1.960004907021061e-01
106.000000 -2.277882856849128e+00 -1.956565459938195e-01
106.100000 -2.297376938148776e+00 -1.940038664606353e-01
106.200000 -2.316639580979094e+00 -1.910321473399303e-01
106.300000 -2.335541410239781e+00 -1.868041421871237e-01
106.400000 -2.353962979101986e+00 -1.814556628756800e-01
106.500000 -2.371802074840102e+00 -1.751955795971064e-01
106.600000 -2.388981024663251e+00 -1.683058206523677e-01
106.700000 -2.405453839091875e+00 -1.611338398744765e-01
106.800000 -2.421210008255627e+00 -1.540263034965434e-01
106.900000 -2.436270980974721e+00 -1.472731785002492e-01
107.000000 -2.450684166580735e+00 -1.411037081312349e-01
107.100000 -2.464516862543014e+00 -1.356864118991016e-01
107.200000 -2.477850182095055e+00 -1.311290855774086e-01
107.300000 -2.490772981860911e+00 -1.274788012036764e-01
107.400000 -2.503375789481587e+00 -1.247219070793840e-01
107.500000 -2.515744731241433e+00 -1.227840277699705e-01
107.600000 -2.527955459694541e+00 -1.215300641058171e-01
107.700000 -2.540067169379920e+00 -1.207685013446103e-01
107.800000 -2.552118752140317e+00 -1.202958346987840e-01
107.900000 -2.564130155719908e+00 -1.199388808695910e-01
108.000000 -2.576105705747534e+00 -1.195583808490924e-01
108.100000 -2.588037498165786e+00 -1.190489999201554e-01
108.200000 -2.599908791660082e+00 -1.183393276564563e-01
108.300000 -2.611697400087744e+00 -1.173918779224772e-01
108.400000 -2.623379084907087e+00 -1.162030888735091e-01
108.500000 -2.634930947606492e+00 -1.148033229556487e-01
108.600000 -2.646334822133492e+00 -1.132568669058017e-01
108.700000 -2.657580629237679e+00 -1.116599613976486e-01
108.800000 -2.668668631171440e+00 -1.101168828547475e-01
108.900000 -2.679608708544028e+00 -1.087142105837239e-01
109.000000 -2.690418386210430e+00 -1.075182501899156e-01
109.100000 -2.701120805900961e+00 -1.065750335745206e-01
109.200000 -2.711742698850852e+00 -1.059103189345979e-01
109.300000 -2.722312358429831e+00 -1.055295907630673e-01
109.400000 -2.732857612771708e+00 -1.054180598487094e-01
109.500000 -2.743403797403970e+00 -1.055406632761659e-01
109.600000 -2.753971727877355e+00 -1.058420644259386e-01
109.700000 -2.764575687630673e+00 -1.062474895095823e-01
109.800000 -2.775221943944241e+00 -1.066747569544816e-01
109.900000 -2.785908858179210e+00 -1.070488966142569e-01
110.000000 -2.796627740902892e+00 -1.073038628336357e-01
110.100000 -2.807363744345517e+00 -1.073825345261119e-01
110.200000 -2.818096754857104e+00 -1.072367151739508e-01
110.300000 -2.828802285364332e+00 -1.068271328281854e-01
110.400000 -2.839452367827425e+00 -1.061234401086180e-01
110.500000 -2.850016445697026e+00 -1.051042142038203e-01
110.600000 -2.860462266371071e+00 -1.037569568711320e-01
110.700000 -2.870756773521191e+00 -1.020780868039558e-01
110.800000 -2.880866993924578e+00 -1.000728085700192e-01
110.900000 -2.890760905778749e+00 -9.775493268868544e-02
111.000000 -2.900408297402644e+00 -9.514685106316555e-02
111.100000 -2.909781625374400e+00 -9.227953697415017e-02
111.200000 -2.918856872669098e+00 -8.919254507981171e-02
111.300000 -2.927614406796509e+00 -8.593401141580341e-02
111.400000 -2.936039837938843e+00 -8.256065339525988e-02
111.500000 -2.944124877088499e+00 -7.913776980879524e-02
111.600000 -2.951868194185810e+00 -7.573924082450600e-02
111.700000 -2.959276268505773e+00 -7.244704287166966e-02
111.800000 -2.966363836848863e+00 -6.934120253520383e-02
111.900000 -2.973152826322367e+00 -6.648421472671102e-02
112.000000 -2.979670413573783e+00 -6.391857354692887e-02
112.100000 -2.985947024522708e+00 -6.166677033717494e-02
112.200000 -2.992014334084903e+00 -5.973129367934991e-02
112.300000 -2.997903265896345e+00 -5.809462939593633e-02
112.400000 -3.003641992037294e+00 -5.671926054999857e-02
112.500000 -3.009253932756337e+00 -5.554766744518368e-02
112.600000 -3.014755756194463e+00 -5.450232762571974e-02
112.700000 -3.020155386052867e+00 -5.348625043763813e-02
112.800000 -3.025450525938203e+00 -5.239649282153346e-02
112.900000 -3.030629364049272e+00 -5.114785452388795e-02
113.000000 -3.035672672367129e+00 -4.967721830620882e-02
113.100000 -3.040556015682191e+00 -4.794355759433719e-02
113.200000 -3.045251960660678e+00 -4.592793647844652e-02
113.300000 -3.049732284911048e+00 -4.363350971304484e-02
113.400000 -3.053970186050416e+00 -4.108552271697386e-02
113.500000 -3.057942490771009e+00 -3.833131157340794e-02
113.600000 -3.061631863906582e+00 -3.544030302985646e-02
113.700000 -3.065029012415850e+00 -3.250364463693432e-02
113.800000 -3.068134466308882e+00 -2.962261260417376e-02
113.900000 -3.070958356074614e+00 -2.688562391338522e-02
114.000000 -3.073518769196014e+00 -2.436338756033632e-02
114.100000 -3.075839977861737e+00 -2.210888866304743e-02
114.200000 -3.077950666578356e+00 -2.015738846179067e-02
114.300000 -3.079882159782578e+00 -1.852642431909220e-02
114.400000 -3.081666649453483e+00 -1.721580971973000e-02
114.500000 -3.083335422724734e+00 -1.620763427073452e-02
114.600000 -3.084917089496815e+00 -1.546626370139004e-02
114.700000 -3.086435812344025e+00 -1.493852161768530e-02
114.800000 -3.087909787053468e+00 -1.456088479088380e-02
114.900000 -3.089351058221729e+00 -1.427564028569871e-02
115.000000 -3.090766384296365e+00 -1.403479608902833e-02
115.100000 -3.092158211627321e+00 -1.380010226174221e-02
115.200000 -3.093525648674327e+00 -1.354305093867970e-02
115.300000 -3.094865440214298e+00 -1.324487632865085e-02
115.400000 -3.096172941548724e+00 -1.289655471443508e-02
115.500000 -3.097443092711077e+00 -1.249880445278471e-02
115.600000 -3.098671392674198e+00 -1.206208597441949e-02
115.700000 -3.099854872573299e+00 -1.160651624620086e-02
115.800000 -3.100992923398421e+00 -1.115749021681723e-02
115.900000 -3.102087249507267e+00 -1.073453145908268e-02
116.000000 -3.103141060765275e+00 -1.034820550599816e-02
116.100000 -3.104158174421443e+00 -1.000009449574602e-02
116.200000 -3.105142116768847e+00 -9.682797171690889e-03
116.300000 -3.106095224805156e+00 -9.379928882381160e-03
116.400000 -3.107017747893155e+00 -9.066121581544420e-03
116.500000 -3.107906949421261e+00 -8.707023828092880e-03
116.600000 -3.108756208464039e+00 -8.259300786119875e-03
116.700000 -3.109554122256368e+00 -7.670712527060542e-03
116.800000 -3.110283777911667e+00 -6.885452029958725e-03
116.900000 -3.110923173824736e+00 -5.859586651959371e-03
117.000000 -3.111446750322234e+00 -4.565933927040721e-03
117.100000 -3.111827069855945e+00 -2.994118823960811e-03
117.200000 -3.112036497746277e+00 -1.150573746256645e-03
117.300000 -3.112048882925725e+00 9.414614677568413e-04
117.400000 -3.111841238682357e+00 3.241939544984716e-03
117.500000 -3.111395423403289e+00 5.694005777554828e-03
117.600000 -3.110699821318162e+00 8.223998022814524e-03
117.700000 -3.109751022585690e+00 1.074151754141183e-02
117.800000 -3.108555301430582e+00 1.314610811380422e-02
117.900000 -3.107128537983950e+00 1.534925371191244e-02
118.000000 -3.105494476813056e+00 1.728228122062033e-02
118.100000 -3.103682731312198e+00 1.889648721444695e-02
118.200000 -3.101726786733737e+00 2.016313795754363e-02
118.300000 -3.099662003219132e+00 2.107346940369621e-02
118.400000 -3.097523618829992e+00 2.163868719632344e-02
118.500000 -3.095344752579094e+00 2.188996666847726e-02
118.600000 -3.093154407461433e+00 2.187845284284322e-02
118.700000 -3.090975473781772e+00 2.167522407759171e-02
118.800000 -3.088822876062176e+00 2.136631128196441e-02
118.900000 -3.086702979528648e+00 2.103397265263193e-02
119.000000 -3.084614487943449e+00 2.074905593364444e-02
119.100000 -3.082549598897893e+00 2.057083679981601e-02
119.200000 -3.080495161019273e+00 2.054701885672693e-02
119.300000 -3.078433831177790e+00 2.071373364072135e-02
119.400000 -3.076345231693468e+00 2.109554061890943e-02
119.500000 -3.074207107543085e+00 2.170542718916636e-02
119.600000 -3.071996483567090e+00 2.254480868013189e-02
119.700000 -3.069690821625787e+00 2.360353556047904e-02
119.800000 -3.067269135619260e+00 2.486142699783212e-02
119.900000 -3.064712684126214e+00 2.629487156404567e-02
120.000000 -3.062005108887482e+00 2.787987882805147e-02
120.100000 -3.059132465493998e+00 2.959216221890858e-02
120.200000 -3.056083253000788e+00 3.140713902580599e-02
120.300000 -3.052848443540948e+00 3.329993039806236e-02
120.400000 -3.049421511939638e+00 3.524536134512531e-02
120.500000 -3.045798465328066e+00 3.721796073657249e-02
120.600000 -3.041977872757477e+00 3.919196130210975e-02
120.700000 -3.037960894808070e+00 4.114130048717045e-02
120.800000 -3.033751305085354e+00 4.303993031098766e-02
120.900000 -3.029355418412099e+00 4.486334933367958e-02
121.000000 -3.024781883324873e+00 4.658940435436365e-02
121.100000 -3.020041444901861e+00 4.819831774168719e-02
121.200000 -3.015146707205898e+00 4.967268743382683e-02
121.300000 -3.010111895727532e+00 5.099748693848789e-02
121.400000 -3.004952619828063e+00 5.216006533290516e-02
121.500000 -2.999685635182590e+00 5.315014726384294e-02
121.600000 -2.994328606223057e+00 5.395983294759413e-02
121.700000 -2.988899868578786e+00 5.458359869450937e-02
121.800000 -2.983418182288605e+00 5.501866694140921e-02
121.900000 -2.977902362692673e+00 5.526711531666031e-02
122.000000 -2.972370714029334e+00 5.533712476352526e-02
122.100000 -2.966840414652526e+00 5.524303202704384e-02
122.200000 -2.961326901451590e+00 5.500532965402989e-02
122.300000 -2.955843254271098e+00 5.465066599307348e-02
122.400000 -2.950399580330675e+00 5.421184519454026e-02
122.500000 -2.945002398644819e+00 5.372782721057098e-02
122.600000 -2.939654024442725e+00 5.324372779508249e-02
122.700000 -2.934351953591279e+00 5.281081764424218e-02
122.800000 -2.929088281677421e+00 5.248506267715219e-02
122.900000 -2.923849655121709e+00 5.231749567034075e-02
123.000000 -2.918618174603389e+00 5.234777679846300e-02
123.100000 -2.913372559880192e+00 5.260386431735729e-02
123.200000 -2.908089319980194e+00 5.310201456404289e-02
123.300000 -2.902743923393719e+00 5.384678195672193e-02
123.400000 -2.897311968265206e+00 5.483101899477701e-02
123.500000 -2.891770352585101e+00 5.603587625877328e-02
123.600000 -2.886098444381730e+00 5.743080241045802e-02
123.700000 -2.880279251912612e+00 5.897354441790388e-02
123.800000 -2.874300563625957e+00 6.061148597301098e-02
123.900000 -2.868155547819096e+00 6.229190520619736e-02
124.000000 -2.861842278253629e+00 6.396972508273094e-02
124.100000 -2.855362930328610e+00 6.560798988818450e-02
124.200000 -2.848722968948522e+00 6.717786522843541e-02
124.300000 -2.841930336391247e+00 6.865863802966526e-02
124.400000 -2.834994640176030e+00 7.003771653836052e-02
124.500000 -2.827926340931456e+00 7.131063032131196e-02
124.600000 -2.820735940263412e+00 7.248103026561449e-02
124.700000 -2.813433168623088e+00 7.356068856278238e-02
124.800000 -2.806026189390076e+00 7.456874292081409e-02
124.900000 -2.798521142468892e+00 7.552493827296597e-02
125.000000 -2.790922438029541e+00 7.644385869650552e-02
125.100000 -2.783233306994624e+00 7.733450506219514e-02
125.200000 -2.775456359359993e+00 7.820029503429177e-02
125.300000 -2.767594142515399e+00 7.903906307054490e-02
125.400000 -2.759649699565143e+00 7.984306042219930e-02
125.500000 -2.751627127648726e+00 8.059895513399276e-02
125.600000 -2.743532136261502e+00 8.128783204415777e-02
125.700000 -2.735372605575329e+00 8.188519278448453e-02
125.800000 -2.727159127322741e+00 8.236181323286089e-02
125.900000 -2.718905114950129e+00 8.269272877326472e-02
126.000000 -2.710625855005221e+00 8.286589693289952e-02
126.100000 -2.702337154683278e+00 8.288294723387567e-02
126.200000 -2.694053974627606e+00 8.275918119321247e-02
126.300000 -2.685789061730065e+00 8.252357232283776e-02
126.400000 -2.677551581931574e+00 8.221876612958792e-02
126.500000 -2.669345753022625e+00 8.190108011520791e-02
126.600000 -2.661169477443788e+00 8.164050377635070e-02
126.700000 -2.653012975086225e+00 8.152069860457850e-02
126.800000 -2.644857443872437e+00 8.163755254465505e-02
126.900000 -2.636674536827299e+00 8.208133822430291e-02
127.000000 -2.628428074260350e+00 8.291728215657533e-02
127.100000 -2.620076704975710e+00 8.418358793290426e-02
127.200000 -2.611576608564634e+00 8.589143621913772e-02
127.300000 -2.602884197698072e+00 8.802498475553611e-02
127.400000 -2.593958820419227e+00 9.054136835677476e-02
127.500000 -2.584765462436114e+00 9.337069891194216e-02
127.600000 -2.575277449414119e+00 9.641606538454203e-02
127.700000 -2.565479149268555e+00 9.955353381249185e-02
127.800000 -2.555368648027435e+00 1.026336074725348e-01
127.900000 -2.544959492102179e+00 1.055025915381088e-01
128.000000 -2.534279581064897e+00 1.080288756675722e-01
128.100000 -2.523368714914653e+00 1.101060618337431e-01
128.200000 -2.512276072828659e+00 1.116529645009671e-01
128.300000 -2.501057691913110e+00 1.126136106251148e-01
128.400000 -2.489773945954040e+00 1.129572396535868e-01
128.500000 -2.478487024168165e+00 1.126783035253081e-01
128.600000 -2.467258409953735e+00 1.117964666707323e-01
128.700000 -2.456146359641376e+00 1.103566060118380e-01
128.800000 -2.445203391825671e+00 1.084281879520648e-01
128.900000 -2.434474231341054e+00 1.060943736023445e-01
129.000000 -2.423995302513839e+00 1.034368788421648e-01
129.100000 -2.413795035249324e+00 1.005338756295551e-01
129.200000 -2.403894219484088e+00 9.745999138082576e-02
129.300000 -2.394306359640165e+00 9.428630897056568e-02
129.400000 -2.385038029079217e+00 9.108036673164346e-02
129.500000 -2.376089224556707e+00 8.790615845520716e-02
129.600000 -2.367453720676067e+00 8.482413339068569e-02
129.700000 -2.359119424342871e+00 8.189119624578602e-02
129.800000 -2.351068729920465e+00 7.916066297513849e-02
129.900000 -2.343278911584706e+00 7.668132731935955e-02
130.000000 -2.335722657424498e+00 7.449599516864908e-02
130.100000 -2.328368686106874e+00 7.264124888326313e-02
130.200000 -2.321182369249525e+00 7.114744708972312e-02
130.300000 -2.314126353794182e+00 7.003872468081516e-02
130.400000 -2.307161184379980e+00 6.933299281559061e-02
130.500000 -2.300245925716838e+00 6.904193891936561e-02
130.600000 -2.293338784958828e+00 6.917102668372196e-02
130.700000 -2.286397734077554e+00 6.971949606650490e-02
130.800000 -2.279381133921064e+00 7.068024900666339e-02
130.900000 -2.272248470528957e+00 7.203689928528846e-02
131.000000 -2.264961570609807e+00 7.375853656291598e-02
131.100000 -2.257486126672595e+00 7.579875352696061e-02
131.200000 -2.249793246898055e+00 7.809564405481439e-02
131.300000 -2.241861005019693e+00 8.057180321384683e-02
131.400000 -2.233675990204770e+00 8.313432726140497e-02
131.500000 -2.225234856935317e+00 8.567481364481448e-02
131.600000 -2.216545874889136e+00 8.806936100137727e-02
131.700000 -2.207630478820795e+00 9.017856915837424e-02
131.800000 -2.198524811147200e+00 9.184807433122243e-02
131.900000 -2.189280641368909e+00 9.292570398001625e-02
132.000000 -2.179963299740222e+00 9.329591949434045e-02
132.100000 -2.170647471459906e+00 9.288718284899856e-02
132.200000 -2.161412794224886e+00 9.167198210603748e-02
132.300000 -2.152339455621518e+00 8.966683141474999e-02
132.400000 -2.143503790516871e+00 8.693227101167342e-02
132.500000 -2.134973878449992e+00 8.357286722059035e-02
132.600000 -2.126805141023195e+00 7.973721245252802e-02
132.700000 -2.119035939293320e+00 7.561792520575870e-02
132.800000 -2.111683177794839e+00 7.145112011274050e-02
132.900000 -2.104738654020743e+00 6.749490658580426e-02
133.000000 -2.098169426301264e+00 6.398049979043441e-02
133.100000 -2.091921373012669e+00 6.110022593381412e-02
133.200000 -2.085923087751816e+00 5.900745439690760e-02
133.300000 -2.080089775018778e+00 5.781659773446159e-02
133.400000 -2.074327145899462e+00 5.760311167500361e-02
133.500000 -2.068535313748238e+00 5.840349512084293e-02
133.600000 -2.062612689870553e+00 6.021529014807055e-02
133.700000 -2.056459879205554e+00 6.299708200655896e-02
133.800000 -2.049983574624306e+00 6.666862059506549e-02
133.900000 -2.043100239852109e+00 7.111721008568631e-02
134.000000 -2.035738507145108e+00 7.621418657540388e-02
134.100000 -2.027840444049492e+00 8.181954082847452e-02
134.200000 -2.019362684329151e+00 8.778195772665257e-02
134.300000 -2.010277558553926e+00 9.393881626919168e-02
134.400000 -2.000574224687853e+00 1.001161895728444e-01
134.500000 -1.990259798677421e+00 1.061288448718616e-01
134.600000 -1.979360485039819e+00 1.117802435179932e-01
134.700000 -1.967922707451186e+00 1.168625409804881e-01
134.800000 -1.956014236992624e+00 1.211568147050553e-01
134.900000 -1.943724815006243e+00 1.244490798682634e-01
135.000000 -1.931163299735810e+00 1.265772189266893e-01
135.100000 -1.918451424529450e+00 1.274459941291475e-01
135.200000 -1.905717093409883e+00 1.270272297349150e-01
135.300000 -1.893087674873379e+00 1.253598120137314e-01
135.400000 -1.880683295688708e+00 1.225496892457993e-01
135.500000 -1.868610134696101e+00 1.187698717217845e-01
135.600000 -1.856953716606196e+00 1.142604317428148e-01
135.700000 -1.845772205798997e+00 1.093285036204825e-01
135.800000 -1.835089702674457e+00 1.043480051753278e-01
135.900000 -1.824890358281646e+00 9.973244550883796e-02
136.000000 -1.815118876126908e+00 9.584418550456693e-02
136.100000 -1.805687910572440e+00 9.296142003783370e-02
136.200000 -1.796486532059800e+00 9.127763264610228e-02
136.300000 -1.787388698243691e+00 9.090159552898394e-02
136.400000 -1.778261725125750e+00 9.185736954823508e-02
136.500000 -1.768974758188328e+00 9.408430422775764e-02
136.600000 -1.759407243528280e+00 9.743703775359987e-02
136.700000 -1.749457398990750e+00 1.016854969739551e-01
136.800000 -1.739050683985617e+00 1.065150611513374e-01
136.900000 -1.728147598937884e+00 1.115499285292786e-01
137.000000 -1.716745525929418e+00 1.164421471890800e-01
137.100000 -1.704873441399356e+00 1.209083896418240e-01
137.200000 -1.692585383378456e+00 1.247307515440322e-01
137.300000 -1.679953909174553e+00 1.277567516976661e-01
137.400000 -1.667063553058014e+00 1.298993320501274e-01
137.500000 -1.654004283947191e+00 1.311368576942570e-01
137.600000 -1.640864963093883e+00 1.315131168683357e-01
137.700000 -1.627726801768787e+00 1.311373209560835e-01
137.800000 -1.614656819395325e+00 1.301840397625785e-01
137.900000 -1.601701696881701e+00 1.288787487796411e-01
138.000000 -1.588885645555611e+00 1.274347635780662e-01
138.100000 -1.576213598935202e+00 1.260237185708636e-01
138.200000 -1.563675452195708e+00 1.247747462033425e-01
138.300000 -1.551250312366217e+00 1.237744769531128e-01
138.400000 -1.538910748526439e+00 1.230670393300829e-01
138.500000 -1.526627042003480e+00 1.226540598764621e-01
138.600000 -1.514371436568609e+00 1.224946631667590e-01
138.700000 -1.502122388634029e+00 1.225054718077818e-01
138.800000 -1.489868817309593e+00 1.225606305447343e-01
138.900000 -1.477614113001556e+00 1.225010734786262e-01
139.000000 -1.465377329844372e+00 1.221809905590902e-01
139.100000 -1.453190239983125e+00 1.214924458996443e-01
139.200000 -1.441093472559046e+00 1.203662354638130e-01
139.300000 -1.429132640524515e+00 1.187718870651264e-01
139.400000 -1.417354467458055e+00 1.167176603671220e-01
139.500000 -1.405802914379340e+00 1.142505468833423e-01
139.600000 -1.394515306564185e+00 1.114562699773375e-01
139.700000 -1.383518460359551e+00 1.084592848626627e-01
139.800000 -1.372824810047316e+00 1.054227682100511e-01
139.900000 -1.362428731147388e+00 1.025407029118178e-01
140.000000 -1.352305505381651e+00 9.999210809277082e-02
140.100000 -1.342414590942169e+00 9.791361885379142e-02
140.200000 -1.332703960540764e+00 9.639830969883056e-02
140.300000 -1.323114457468707e+00 9.549569453490891e-02
140.400000 -1.313584151656415e+00 9.521172667211736e-02
140.500000 -1.304052695733144e+00 9.550879882361624e-02
140.600000 -1.294465681086679e+00 9.630574310563596e-02
140.700000 -1.284778993923028e+00 9.747783103747637e-02
140.800000 -1.274963171312237e+00 9.885677742314813e-02
140.900000 -1.265007584333987e+00 1.002380583944794e-01
141.000000 -1.254921927141291e+00 1.014299024150244e-01
141.100000 -1.244732833074504e+00 1.022864580176222e-01
141.200000 -1.234479138189180e+00 1.027095223655569e-01
141.300000 -1.224207116393015e+00 1.026485412525564e-01
141.400000 -1.213965714582817e+00 1.021006091027936e-01
141.500000 -1.203801787781452e+00 1.011104689708863e-01
141.600000 -1.193755334274800e+00 9.977051254189620e-02
141.700000 -1.183854730748715e+00 9.822078013133004e-02
141.800000 -1.174111967428215e+00 9.664895977519464e-02
141.900000 -1.164518025593849e+00 9.528405150193230e-02
142.000000 -1.155040839683739e+00 9.434706457844021e-02
142.100000 -1.145628451562879e+00 9.401330914046963e-02
142.200000 -1.136213775042141e+00 9.441003613468005e-02
142.300000 -1.126719401797186e+00 9.561643731863954e-02
142.400000 -1.117062407287374e+00 9.766364526082534e-02
142.500000 -1.107159156674670e+00 1.005347333406225e-01
142.600000 -1.096930110742555e+00 1.041647157483251e-01
142.700000 -1.086304631814936e+00 1.084405474851356e-01
142.800000 -1.075225789674973e+00 1.132011244249671e-01
142.900000 -1.063655082835929e+00 1.182412495174455e-01
143.000000 -1.051575358505103e+00 1.233476584367895e-01
143.100000 -1.038989710129254e+00 1.283301437711168e-01
143.200000 -1.025918983143222e+00 1.330238731706059e-01
143.300000 -1.012399237463734e+00 1.372893893474945e-01
143.400000 -9.984792099831821e-01 1.410126100760799e-01
143.500000 -9.842177770634308e-01 1.441048281927192e-01
143.600000 -9.696814170296043e-01 1.465027115958296e-01
143.700000 -9.549416726638820e-01 1.481683032458874e-01
143.800000 -9.400726136992926e-01 1.490890211654212e-01
143.900000 -9.251483095798495e-01 1.492771507940031e-01
144.000000 -9.102405601700645e-01 1.487644389093687e-01
144.100000 -8.954172673531688e-01 1.475968177429119e-01
144.200000 -8.807410537283774e-01 1.458339407435736e-01
144.300000 -8.662678904891331e-01 1.435491825778420e-01
144.400000 -8.520457253013530e-01 1.408296391297524e-01
144.500000 -8.381131101816739e-01 1.377761275008873e-01
144.600000 -8.244978293756960e-01 1.345031860103764e-01
144.700000 -8.112155272362297e-01 1.311390741948964e-01
144.800000 -7.982683361015404e-01 1.278257728086713e-01
144.900000 -7.856435325337010e-01 1.247174994786612e-01
145.000000 -7.733130421461163e-01 1.219620795404515e-01
145.100000 -7.612352927001111e-01 1.196804089613487e-01
145.200000 -7.493580749684496e-01 1.179643315382747e-01
145.300000 -7.376214479530786e-01 1.168766388906561e-01
145.400000 -7.259606441028762e-01 1.164510704604244e-01
145.500000 -7.143089745314037e-01 1.166923135120157e-01
145.600000 -7.026007342346520e-01 1.175760031323709e-01
145.700000 -6.907741073087933e-01 1.190487222309354e-01
145.800000 -6.787740721679301e-01 1.210280015396599e-01
145.900000 -6.665552879738894e-01 1.234033640366157e-01
146.000000 -6.540843046706983e-01 1.260518753317377e-01
146.100000 -6.413396857997138e-01 1.288575081159427e-01
146.200000 -6.283111352678927e-01 1.317134825429120e-01
146.300000 -6.149985725855265e-01 1.345222663922699e-01
146.400000 -6.014112081036481e-01 1.371955750695838e-01
146.500000 -5.875666182514356e-01 1.396543716063634e-01
146.600000 -5.734898207736197e-01 1.418288666600623e-01
146.700000 -5.592123499678877e-01 1.436585185140764e-01
146.800000 -5.447713319222909e-01 1.450920330777448e-01
146.900000 -5.302085539144290e-01 1.460877099265430e-01
147.000000 -5.155692777914197e-01 1.466196056902385e-01
147.100000 -5.009001711849886e-01 1.466862041144640e-01
147.200000 -4.862467710138902e-01 1.463116360965305e-01
147.300000 -4.716509187291088e-01 1.455456800945478e-01
147.400000 -4.571481955577769e-01 1.444637621274244e-01
147.500000 -4.427653577470966e-01 1.431669557748673e-01
147.600000 -4.285177718082591e-01 1.417819821773822e-01
147.700000 -4.144068497603655e-01 1.404612100362735e-01
147.800000 -4.004174843743464e-01 1.393826556136442e-01
147.900000 -3.865155083539887e-01 1.387484633203047e-01
148.000000 -3.726464511000648e-01 1.387521940531225e-01
148.100000 -3.587392958841077e-01 1.395268322885953e-01
148.200000 -3.447131801751077e-01 1.411363022661723e-01
148.300000 -3.304843024307402e-01 1.435754599727008e-01
148.400000 -3.159728289226264e-01 1.467700931424260e-01
148.500000 -3.011098005615925e-01 1.505769212569913e-01
148.600000 -2.858440397229310e-01 1.547835955454380e-01
148.700000 -2.701490570716597e-01 1.591086989842054e-01
148.800000 -2.540299583877834e-01 1.632017462971309e-01
148.900000 -2.375303184556448e-01 1.666454341567974e-01
149.000000 -2.207368084537513e-01 1.690149541423580e-01
149.100000 -2.037741237188568e-01 1.699845644575205e-01
149.200000 -1.867935779857638e-01 1.693476751472951e-01
149.300000 -1.699611843646940e-01 1.670168886582943e-01
149.400000 -1.534457361011274e-01 1.630239998387315e-01
149.500000 -1.374068873356429e-01 1.575199959384227e-01
149.600000 -1.219832338637574e-01 1.507750566087852e-01
149.700000 -1.072803938957663e-01 1.431785539028380e-01
149.800000 -9.335908881658282e-02 1.352390522752020e-01
149.900000 -8.022325596675005e-02 1.275819400739249e-01
150.000000 -6.781096926457869e-02 1.208717730313100e-01
150.100000 -5.599897096898523e-02 1.156544160461492e-01
150.200000 -4.461705768692513e-02 1.123228084260691e-01
150.300000 -3.346338462609789e-02 1.111168388485627e-01
150.400000 -2.231977065796037e-02 1.121233453609898e-01
150.500000 -1.096700338074018e-02 1.152761153805767e-01
150.600000 7.998558175511175e-04 1.203558856944163e-01
150.700000 1.315616669610450e-02 1.269903424594682e-01
150.800000 2.623240509830028e-02 1.346541212025583e-01
150.900000 4.009888158246785e-02 1.426707172642526e-01
151.000000 5.475320198341655e-02 1.502919426692151e-01
151.100000 7.012268564186762e-02 1.568808679623495e-01
151.200000 8.607878527176242e-02 1.619573182532353e-01
151.300000 1.024527872801289e-01 1.651981422940217e-01
151.400000 1.190515141313382e-01 1.664372124794272e-01
151.500000 1.356730267113621e-01 1.656654248467397e-01
151.600000 1.521223266920291e-01 1.630306990758168e-01
151.700000 1.682270588952826e-01 1.588379784890853e-01
151.800000 1.838532136574367e-01 1.535492300515418e-01
151.900000 1.989208149223584e-01 1.477821797556653e-01
152.000000 2.134173570618740e-01 1.422419383822683e-01
152.100000 2.273973851349691e-01 1.375424261939287e-01
152.200000 2.409697569403014e-01 1.341556062951860e-01
152.300000 2.542834062374326e-01 1.324110347995796e-01
152.400000 2.675131020477284e-01 1.324958608296490e-01
152.500000 2.808452079552580e-01 1.344548265169337e-01
152.600000 2.944634414076953e-01 1.381902670019738e-01
152.700000 3.085346330172178e-01 1.434621104343091e-01
152.800000 3.231944858614068e-01 1.498878779724798e-01
152.900000 3.385333418804437e-01 1.569433817164127e-01
153.000000 3.545835374087579e-01 1.640133232841315e-01
153.100000 3.713178267101939e-01 1.705414820546255e-01
153.200000 3.886587049752621e-01 1.760793875075493e-01
153.300000 4.064892383649377e-01 1.802869295725519e-01
153.400000 4.246639000556612e-01 1.829323586292765e-01
153.500000 4.430194062843363e-01 1.838922855073600e-01
153.600000 4.613855523933307e-01 1.831516814864338e-01
153.700000 4.795960488754748e-01 1.808038782961235e-01
153.800000 4.974993574190614e-01 1.770505681160487e-01
153.900000 5.149695244697744e-01 1.722015292119447e-01
154.000000 5.319161835737632e-01 1.666468717949800e-01
154.100000 5.482879857291915e-01 1.607631987397956e-01
154.200000 5.640688605965017e-01 1.548790212771363e-01
154.300000 5.792731549828480e-01 1.492741711105011e-01
154.400000 5.939407648893730e-01 1.441798004161424e-01
154.500000 6.081322675584813e-01 1.397783818430662e-01
154.600000 6.219240535211165e-01 1.362037085130322e-01
154.700000 6.354034586440349e-01 1.335408940205536e-01
154.800000 6.486638961770832e-01 1.318263724328976e-01
154.900000 6.617999891557422e-01 1.310479430742363e-01
155.000000 6.749028929670375e-01 1.311514307654665e-01
155.100000 6.880573307152094e-01 1.320664054120383e-01
155.200000 7.013406985579195e-01 1.337169400769709e-01
155.300000 7.148225371052672e-01 1.360218507459584e-01
155.400000 7.285640057120542e-01 1.388946963273701e-01
155.500000 7.426173567700526e-01 1.422437786522507e-01
155.600000 7.570254100002727e-01 1.459721424743196e-01
155.700000 7.718210267452311e-01 1.499775754699719e-01
155.800000 7.870265842612174e-01 1.541526082382775e-01
155.900000 8.026534500769831e-01 1.583845240463659e-01
156.000000 8.187015185738652e-01 1.625576453052574e-01
156.100000 8.351593884518426e-01 1.665634488142874e-01
156.200000 8.520053984976464e-01 1.703053599869218e-01
156.300000 8.692088342930949e-01 1.736988893114762e-01
156.400000 8.867311367225819e-01 1.766716323511163e-01
156.500000 9.045271104805588e-01 1.791632697438577e-01
156.600000 9.225461325790225e-01 1.811255672025657e-01
156.700000 9.407333608549983e-01 1.825223755149558e-01
156.800000 9.590309424780254e-01 1.833296305435930e-01
156.900000 9.773792224615588e-01 1.835353539131261e-01
157.000000 9.957179594562010e-01 1.831399338467109e-01
157.100000 1.013987627672097e+00 1.821575532827520e-01
157.200000 1.032130846676109e+00 1.806169558861021e-01
157.300000 1.050093839801341e+00 1.785614733167040e-01
157.400000 1.067827892946641e+00 1.760490252295914e-01
157.500000 1.085290813376121e+00 1.731521192748884e-01
157.600000 1.102448388518654e+00 1.699578510978096e-01
157.700000 1.119275844767395e+00 1.665679043386609e-01
157.800000 1.135759306279279e+00 1.630985506328378e-01
157.900000 1.151897253754244e+00 1.596806451809324e-01
158.000000 1.167701893065182e+00 1.564559765088324e-01
158.100000 1.183199293879776e+00 1.535558512780977e-01
158.200000 1.198427502713542e+00 1.510881065579917e-01
158.300000 1.213434147881433e+00 1.491365412680448e-01
158.400000 1.228274035682870e+00 1.477609161780542e-01
158.500000 1.243006746586765e+00 1.469969539080846e-01
158.600000 1.257694231416552e+00 1.468563389284673e-01
158.700000 1.272398407535210e+00 1.473267175598007e-01
158.800000 1.287178755030293e+00 1.483716979729501e-01
158.900000 1.302089912902050e+00 1.499308510834625e-01
159.000000 1.317179319427202e+00 1.519215895956902e-01
159.100000 1.332485551270861e+00 1.542519357424195e-01
159.200000 1.348037939755269e+00 1.568292714209605e-01
159.300000 1.363856545608830e+00 1.595608028571613e-01
159.400000 1.379952141398958e+00 1.623535606054101e-01
159.500000 1.396326193964933e+00 1.651143995486339e-01
159.600000 1.412970846850755e+00 1.677499988982994e-01
159.700000 1.429868902737997e+00 1.701668621944119e-01
159.800000 1.446993805878659e+00 1.722713173055160e-01
159.900000 1.464309624528430e+00 1.739695166016684e-01
160.000000 1.481771065177439e+00 1.751688591364105e-01
160.100000 1.499324073079143e+00 1.757892279866404e-01
160.200000 1.516907623070663e+00 1.757716903262962e-01
160.300000 1.534455883625261e+00 1.750790517042503e-01
160.400000 1.551900390689831e+00 1.736958560443094e-01
160.500000 1.569172221522399e+00 1.716283856452149e-01
160.600000 1.586204168529606e+00 1.689046611806430e-01
160.700000 1.602932913104213e+00 1.655744416992042e-01
160.800000 1.619301199462585e+00 1.617092246244438e-01
160.900000 1.635260008482173e+00 1.574022457418465e-01
161.000000 1.650770706983985e+00 1.527673225892415e-01
161.100000 1.665806665914595e+00 1.479281825344445e-01
161.200000 1.680353679879054e+00 1.430091297856861e-01
161.300000 1.694409967394081e+00 1.381343383680111e-01
161.400000 1.707986157869735e+00 1.334278521232773e-01
161.500000 1.721105278591103e+00 1.290135847101580e-01
161.600000 1.733802741699983e+00 1.250153196041400e-01
161.700000 1.746126331176558e+00 1.215567100975238e-01
161.800000 1.758136189821084e+00 1.187612792994245e-01
161.900000 1.769904806235570e+00 1.167524201357691e-01
162.000000 1.781516953728194e+00 1.156510048408482e-01
162.100000 1.793068400458114e+00 1.155495125760491e-01
162.200000 1.804661533736081e+00 1.164864704905026e-01
162.300000 1.816399781686077e+00 1.184441676997787e-01
162.400000 1.828381989441967e+00 1.213486552858840e-01
162.500000 1.840696795344133e+00 1.250697462972629e-01
162.600000 1.853417007136127e+00 1.294210157487980e-01
162.700000 1.866593978161311e+00 1.341598006218097e-01
162.800000 1.880251983559499e+00 1.389871998640556e-01
162.900000 1.894382596463605e+00 1.435480743897315e-01
163.000000 1.908939173884312e+00 1.474368218315933e-01
163.100000 1.923834684298670e+00 1.502710772710985e-01
163.200000 1.938948883389702e+00 1.517739582249654e-01
163.300000 1.954139544556409e+00 1.517827015404510e-01
163.400000 1.969253870851310e+00 1.502486634407128e-01
163.500000 1.984139906918038e+00 1.472373195248103e-01
163.600000 1.998657950928924e+00 1.429282647677052e-01
163.700000 2.012691966522593e+00 1.376152135202606e-01
163.800000 2.026160994741549e+00 1.317059995092406e-01
163.900000 2.039030565969769e+00 1.257225758373114e-01
164.000000 2.051323979461364e+00 1.202936083586317e-01
164.100000 2.063128723842975e+00 1.160422502625670e-01
164.200000 2.074587738298845e+00 1.134446776747306e-01
164.300000 2.085883362708645e+00 1.128127269678070e-01
164.400000 2.097220903528028e+00 1.142938932887149e-01
164.500000 2.108812199666049e+00 1.178713305586066e-01
164.600000 2.120859188362589e+00 1.233638514728681e-01
164.700000 2.133537471065783e+00 1.304259275011192e-01
164.800000 2.146979879309435e+00 1.385476888872143e-01
164.900000 2.161260040590450e+00 1.470549246492404e-01
165.000000 2.176376067793661e+00 1.551164542416175e-01
165.100000 2.192239778621544e+00 1.618778711885399e-01
165.200000 2.208685182714989e+00 1.666519898132938e-01
165.300000 2.225487291904512e+00 1.689460492165926e-01
165.400000 2.242381563684519e+00 1.684617235755151e-01
165.500000 2.259083344720942e+00 1.650951221435048e-01
165.600000 2.275307314358873e+00 1.589367892503702e-01
165.700000 2.290786928130208e+00 1.502717043022839e-01
165.800000 2.305293861261274e+00 1.395792817817839e-01
165.900000 2.318657452180473e+00 1.275333712477725e-01
166.000000 2.330784058305048e+00 1.149966494659637e-01
166.100000 2.341671550295060e+00 1.028974957159419e-01
166.200000 2.351404859136748e+00 9.203188465495445e-02
166.300000 2.360140254562481e+00 8.303058572055512e-02
166.400000 2.368088821298850e+00 7.635912935958480e-02
166.500000 2.375499935167595e+00 7.231780702816960e-02
166.600000 2.382644739186528e+00 7.104167119172269e-02
166.700000 2.389799619670472e+00 7.250053532494165e-02
166.800000 2.397229682332182e+00 7.649897391181207e-02
166.900000 2.405172228383276e+00 8.267632244560416e-02
167.000000 2.413820269542327e+00 9.050935603737217e-02
167.100000 2.423308761524128e+00 9.938439708927424e-02
167.200000 2.433712710520320e+00 1.087284795896433e-01
167.300000 2.445053112977216e+00 1.180344227890953e-01
167.400000 2.457303539232578e+00 1.268608852660228e-01
167.500000 2.470396717448399e+00 1.348323649265938e-01
167.600000 2.484231117543672e+00 1.416391990047512e-01
167.700000 2.498677535127182e+00 1.470375640622147e-01
167.800000 2.513585675430265e+00 1.508494759884781e-01
167.900000 2.528790737239603e+00 1.529627900008123e-01
168.000000 2.544119994850688e+00 1.533310530214953e-01
168.100000 2.559399201806236e+00 1.519685517805521e-01
168.200000 2.574458120562098e+00 1.489401211464063e-01
168.300000 2.589135412788438e+00 1.443589030477160e-01
168.400000 2.603283469269973e+00 1.383863378468348e-01
168.500000 2.616773239749340e+00 1.312321643398160e-01
168.600000 2.629499062770463e+00 1.231544197564094e-01
168.700000 2.641383495521929e+00 1.144594397600630e-01
168.800000 2.652382143680354e+00 1.055018584479218e-01
168.900000 2.662488491253754e+00 9.668460835082969e-02
169.000000 2.671738718771873e+00 8.845797229971768e-02
169.100000 2.680215132698124e+00 8.127914992465839e-02
169.200000 2.688041927774978e+00 7.551798939869475e-02
169.300000 2.695374734065366e+00 7.143322480177464e-02
169.400000 2.702389491996078e+00 6.917232933119082e-02
169.500000 2.709271326269505e+00 6.877151530158218e-02
169.600000 2.716203419775363e+00 7.015573414493242e-02
169.700000 2.723355887502437e+00 7.313867641057066e-02
169.800000 2.730874650450311e+00 7.742277176517261e-02
169.900000 2.738870309541105e+00 8.259918899275780e-02
170.000000 2.747407029948873e+00 8.814876837555478e-02
170.100000 2.756493124052676e+00 9.349385480928810e-02
170.200000 2.766082217998103e+00 9.813540281727094e-02
170.300000 2.776083923701855e+00 1.016924723500203e-01
170.400000 2.786375682505192e+00 1.039025919483582e-01
170.500000 2.796814612032982e+00 1.046217587434118e-01
170.600000 2.807249353052712e+00 1.038244384566125e-01
170.700000 2.817531916333533e+00 1.016035653996978e-01
170.800000 2.827529529505280e+00 9.817054247470917e-02
170.900000 2.837136483917515e+00 9.385524117399434e-02
171.000000 2.846285974930085e+00 8.910534838351603e-02
171.100000 2.854960414819001e+00 8.443750292659601e-02
171.200000 2.863190973602182e+00 8.029037236400742e-02
171.300000 2.871046402743104e+00 7.697641763147064e-02
171.400000 2.878620358235266e+00 7.468126839365374e-02
171.500000 2.886018717475080e+00 7.346372304417194e-02
171.600000 2.893346896134764e+00 7.325574870558721e-02
171.700000 2.900697165035244e+00 7.386248122941008e-02
171.800000 2.908135967019042e+00 7.496222519609694e-02
171.900000 2.915691233823173e+00 7.610645391505162e-02
172.000000 2.923339707757086e+00 7.672034698914032e-02
172.100000 2.930995943567510e+00 7.615915926342612e-02
172.200000 2.938514766680448e+00 7.390133480711933e-02
172.300000 2.945708561527681e+00 6.962059146231699e-02
172.400000 2.952366911048793e+00 6.318718154304545e-02
172.500000 2.958276250138370e+00 5.466789183525834e-02
172.600000 2.963239519093188e+00 4.432604359683794e-02
172.700000 2.967095817059407e+00 3.262149255759430e-02
172.800000 2.969740055479767e+00 2.021062891926650e-02
172.900000 2.971142611540778e+00 7.946377355520631e-03
173.000000 2.971368977783603e+00 -3.122293487265876e-03
173.100000 2.970597249891676e+00 -1.182644993153715e-02
173.200000 2.969115883487993e+00 -1.717496281799241e-02
173.300000 2.967297359618105e+00 -1.848063416675088e-02
173.400000 2.965567538380893e+00 -1.536308089112286e-02
173.500000 2.964374977439245e+00 -7.748734797610665e-03
173.600000 2.964160250530747e+00 4.129157414092005e-03
173.700000 2.965325265978345e+00 1.973053415110151e-02
173.800000 2.968202585201045e+00 3.820851892734152e-02
173.900000 2.973024741224582e+00 5.840942036354464e-02
174.000000 2.979893559425514e+00 7.887306533708766e-02
174.100000 2.988751704632730e+00 9.791500701066505e-02
174.200000 2.999377474785957e+00 1.139952526270910e-01
174.300000 3.011411049387147e+00 1.258952103069949e-01
174.400000 3.024387076540509e+00 1.327228439749598e-01
174.500000 3.037767328532909e+00 1.339126733595254e-01
174.600000 3.050973357414267e+00 1.292257739931844e-01
174.700000 3.063419150577948e+00 1.187497772123841e-01
174.800000 3.074543786341158e+00 1.028988701575273e-01
174.900000 3.083844089525346e+00 8.241379577297039e-02
175.000000 3.090907286342560e+00 5.836172857583411e-02
175.100000 3.095442264809007e+00 3.208223292522165e-02
175.200000 3.097294107628087e+00 4.908538499274209e-03
175.300000 3.096433531888605e+00 -2.198381432417282e-02
175.400000 3.092940649032462e+00 -4.758247886111360e-02
175.500000 3.086988645485266e+00 -7.103830212136582e-02
175.600000 3.078827463286951e+00 -9.166532480857900e-02
175.700000 3.068767480722396e+00 -1.089407813202270e-01
175.800000 3.057163192952043e+00 -1.225050997476118e-01
175.900000 3.044396892642506e+00 -1.321619018758640e-01
176.000000 3.030862350618727e+00 -1.378779983679440e-01
176.100000 3.016948602274211e+00 -1.397790854889046e-01
176.200000 3.003025198106413e+00 -1.381241297653934e-01
176.300000 2.989429890560498e+00 -1.332896415804392e-01
176.400000 2.976456938964110e+00 -1.257689729014750e-01
176.500000 2.964345425368927e+00 -1.161723172803375e-01
176.600000 2.953267570392224e+00 -1.052267098532693e-01
176.700000 2.943317049058432e+00 -9.377602734091672e-02
176.800000 2.934497306640699e+00 -8.278098804833023e-02
176.900000 2.926709874502442e+00 -7.331915186496549e-02
177.000000 2.919742686000843e+00 -6.658490179099266e-02
177.100000 2.913259408213716e+00 -6.384601982394907e-02
177.200000 2.906805085483866e+00 -6.614419772026781e-02
177.300000 2.899841911053665e+00 -7.408726739421564e-02
177.400000 2.891793550027511e+00 -8.783795969120536e-02
177.500000 2.882089649478696e+00 -1.071139043877963e-01
177.600000 2.870210348556300e+00 -1.311876301916924e-01
177.700000 2.855730788592078e+00 -1.588865647417449e-01
177.800000 2.838365623207338e+00 -1.885930346079495e-01
177.900000 2.818013528419836e+00 -2.182442652914484e-01
178.000000 2.794801712721477e+00 -2.453323942812643e-01
178.100000 2.769127581842090e+00 -2.670323812809335e-01
178.200000 2.741647112008189e+00 -2.812282871821620e-01
178.300000 2.713153884592209e+00 -2.873175726753430e-01
178.400000 2.684423457114901e+00 -2.862632541036602e-01
178.500000 2.656056807680057e+00 -2.805939034630887e-01
178.600000 2.628323779409238e+00 -2.744036484023972e-01
178.700000 2.601006524876481e+00 -2.733521722231443e-01
178.800000 2.573242950543033e+00 -2.846647138796821e-01
178.900000 2.543370161192064e+00 -3.171320679791522e-01
179.000000 2.508767904374985e+00 -3.811105744061117e-01
179.100000 2.465729971746414e+00 -4.871982824955078e-01
179.200000 2.409950242876898e+00 -6.338261953750809e-01
179.300000 2.338410761032163e+00 -7.962733122523956e-01
179.400000 2.251765587326452e+00 -9.258202769494843e-01
179.500000 2.156740636261083e+00 -9.497493779028431e-01
179.600000 2.068533511263002e+00 -7.713445481634389e-01
179.700000 2.013213340223331e+00 -2.698913653966994e-01
179.800000 2.030120611035929e+00 6.993229481174765e-01
179.900000 2.174267007135936e+00 2.305009525484728e+00
180.000000 2.518735243038337e+00 4.739877855196222e+00
