3.200000 3.281145835162238e+00
3.210000 3.817712052931876e+00
3.220000 4.330625309956185e+00
3.230000 4.797361458370372e+00
3.240000 5.203163330321407e+00
3.250000 5.539926689911105e+00
3.260000 5.805086185139268e+00
3.270000 6.000501299846768e+00
3.280000 6.131342305658658e+00
3.290000 6.204976213927289e+00
3.300000 6.229852727675413e+00
3.310000 6.214400254664528e+00
3.320000 6.166183430977006e+00
3.330000 6.091724354076999e+00
3.340000 5.996585227985729e+00
3.350000 5.885461059742048e+00
3.360000 5.762272355863009e+00
3.370000 5.630257818804444e+00
3.380000 5.492067043421533e+00
3.390000 5.349853213429370e+00
3.400000 5.205365797863545e+00
3.410000 5.060042618233097e+00
3.420000 4.915085558492505e+00
3.430000 4.771494760579754e+00
3.440000 4.630086468792956e+00
3.450000 4.491510245461314e+00
3.460000 4.356266186616076e+00
3.470000 4.224722137661506e+00
3.480000 4.097130909045840e+00
3.490000 3.973647491932252e+00
3.500000 3.854346273869807e+00
3.510000 3.739238156495828e+00
3.520000 3.628285126787521e+00
3.530000 3.521408365409150e+00
3.540000 3.418493809524566e+00
3.550000 3.319397617732697e+00
3.560000 3.223951635003067e+00
3.570000 3.131968857611304e+00
3.580000 3.043248898074646e+00
3.590000 2.957583450087454e+00
3.600000 2.874761753456714e+00
3.610000 2.794576041221879e+00
3.620000 2.716826523697412e+00
3.630000 2.641325197218023e+00
3.640000 2.567899189969390e+00
3.650000 2.496394090019463e+00
3.660000 2.426677273349781e+00
3.670000 2.358641231886784e+00
3.680000 2.292206901533122e+00
3.690000 2.227326990198970e+00
3.700000 2.163989305833342e+00
3.710000 2.102219971199350e+00
3.720000 2.042083694800767e+00
3.730000 1.983676570244294e+00
3.740000 1.927115932763443e+00
3.750000 1.872530102587411e+00
3.760000 1.820048128309957e+00
3.770000 1.769789530258270e+00
3.780000 1.721854043861847e+00
3.790000 1.676311363021363e+00
3.800000 1.633190883477543e+00
3.810000 1.592471610364938e+00
3.820000 1.554076333429208e+00
3.830000 1.517876633729766e+00
3.840000 1.483702156576570e+00
3.850000 1.451350048508865e+00
3.860000 1.420594394273931e+00
3.870000 1.391195653805832e+00
3.880000 1.362910099204159e+00
3.890000 1.335499251712780e+00
3.900000 1.308739318698585e+00
3.910000 1.282430537638140e+00
3.920000 1.256404102941783e+00
3.930000 1.230522957905788e+00
3.940000 1.204680170291561e+00
3.950000 1.178797214991709e+00
3.960000 1.152822256696110e+00
3.970000 1.126728432557974e+00
3.980000 1.100512134859920e+00
3.990000 1.074191293680033e+00
4.000000 1.047803659557940e+00
4.010000 1.021405067944388e+00
4.020000 9.950672301428252e-01
4.030000 9.688743224605200e-01
4.040000 9.429191020024328e-01
4.050000 9.172990042636862e-01
4.060000 8.921122407220308e-01
4.070000 8.674538964303142e-01
4.080000 8.434120276089486e-01
4.090000 8.200637592383766e-01
4.100000 7.974713826515409e-01
4.110000 7.756785097382777e-01
4.120000 7.547076986946387e-01
4.130000 7.345618146531446e-01
4.140000 7.152268614015995e-01
4.150000 6.966748696681970e-01
4.160000 6.788667854066275e-01
4.170000 6.617553580811844e-01
4.180000 6.452880289518701e-01
4.190000 6.294098193595035e-01
4.200000 6.140662190108247e-01
4.210000 5.992060368103356e-01
4.220000 5.847832781423143e-01
4.230000 5.707565512070748e-01
4.240000 5.570875001012748e-01
4.250000 5.437392004743434e-01
4.260000 5.306745551849105e-01
4.270000 5.178546899572338e-01
4.280000 5.052373490376266e-01
4.290000 4.927752908508863e-01
4.300000 4.804146836567224e-01
4.310000 4.680935508815748e-01
4.320000 4.557415077072283e-01
4.330000 4.432827749839495e-01
4.340000 4.306404840213237e-01
4.350000 4.177410310165705e-01
4.360000 4.045184314828611e-01
4.370000 3.909186746776345e-01
4.380000 3.769040780309142e-01
4.390000 3.624576415736249e-01
4.400000 3.475874023659088e-01
4.410000 3.323307035202039e-01
4.420000 3.167562431949570e-01
4.430000 3.009604889331886e-01
4.440000 2.850618726051075e-01
4.450000 2.691949000088316e-01
4.460000 2.535042604711060e-01
4.470000 2.381389364480229e-01
4.480000 2.232463131257405e-01
4.490000 2.089662880212020e-01
4.500000 1.954253805828550e-01
4.510000 1.827308956556090e-01
4.520000 1.709664871055744e-01
4.530000 1.601912752041774e-01
4.540000 1.504403637841424e-01
4.550000 1.417254112209210e-01
4.560000 1.340352014141208e-01
4.570000 1.273362147689346e-01
4.580000 1.215731991775698e-01
4.590000 1.166697410006766e-01
4.600000 1.125288360487779e-01
4.610000 1.090335100290011e-01
4.620000 1.060487248131640e-01
4.630000 1.034265482752289e-01
4.640000 1.010126096045062e-01
4.650000 9.865260404959991e-02
4.660000 9.619879766235437e-02
4.670000 9.351653204179973e-02
4.680000 9.049072907809839e-02
4.690000 8.703239569649096e-02
4.700000 8.308512860124233e-02
4.710000 7.863150210000412e-02
4.720000 7.369641665254080e-02
4.730000 6.834273334014500e-02
4.740000 6.266386985118411e-02
4.750000 5.677627962624021e-02
4.760000 5.081193100324975e-02
4.770000 4.491078636264327e-02
4.780000 3.921328127248524e-02
4.790000 3.385280363361376e-02
4.800000 2.894817282478039e-02
4.810000 2.459621315375718e-02
4.820000 2.086677876880795e-02
4.830000 1.780400072311597e-02
4.840000 1.542998488121257e-02
4.850000 1.374860406953687e-02
4.860000 1.274929022699542e-02
4.870000 1.241082655552187e-02
4.880000 1.270513967063666e-02
4.890000 1.360109175200669e-02
4.900000 1.506827269400501e-02
4.910000 1.708073831163629e-02
4.920000 1.961934625972226e-02
4.930000 2.267053273538609e-02
4.940000 2.622368723591742e-02
4.950000 3.026847340621549e-02
4.960000 3.479214988623205e-02
4.970000 3.977689115841449e-02
4.980000 4.519710839514876e-02
4.990000 5.101677030620244e-02
5.000000 5.718672398616782e-02
5.010000 6.364207232850323e-02
5.020000 7.030102189380869e-02
5.030000 7.706746302969004e-02
5.040000 8.383502009826505e-02
5.050000 9.049115823560833e-02
5.060000 9.692129011119671e-02
5.070000 1.030128826873545e-01
5.080000 1.086595639786987e-01
5.090000 1.137652298115839e-01
5.100000 1.182481505835480e-01
5.110000 1.220450385252052e-01
5.120000 1.251140882126431e-01
5.130000 1.274354110121177e-01
5.140000 1.290104430087697e-01
5.150000 1.298613134611417e-01
5.160000 1.300302132556946e-01
5.170000 1.295787633613252e-01
5.180000 1.285873832838825e-01
5.190000 1.271546595206847e-01
5.200000 1.253967140150364e-01
5.210000 1.234465223472086e-01
5.220000 1.214519253026089e-01
5.230000 1.195703239916831e-01
5.240000 1.179620686333721e-01
5.250000 1.167837971036701e-01
5.260000 1.161817734841820e-01
5.270000 1.162852266106808e-01
5.280000 1.171996886216658e-01
5.290000 1.190003335069197e-01
5.300000 1.217253156560666e-01
5.310000 1.253692404743449e-01
5.320000 1.298800681666550e-01
5.330000 1.351647315682085e-01
5.340000 1.410981864194104e-01
5.350000 1.475325936355527e-01
5.360000 1.543065015765090e-01
5.370000 1.612540283164277e-01
5.380000 1.682140439134262e-01
5.390000 1.750393526792846e-01
5.400000 1.816058754491400e-01
5.410000 1.878217117757357e-01
5.420000 1.936330806681953e-01
5.430000 1.990223384389379e-01
5.440000 2.040028757276064e-01
5.450000 2.086138945128009e-01
5.460000 2.129151851238105e-01
5.470000 2.169819032523478e-01
5.480000 2.208993469642807e-01
5.490000 2.247577337113659e-01
5.500000 2.286469773429823e-01
5.510000 2.326514971826309e-01
5.520000 2.368458606587764e-01
5.530000 2.412925416756878e-01
5.540000 2.460405123766111e-01
5.550000 2.511238669555111e-01
5.560000 2.565604454688117e-01
5.570000 2.623504576471366e-01
5.580000 2.684751067070508e-01
5.590000 2.748952131628007e-01
5.600000 2.815498386380554e-01
5.610000 2.883549507444579e-01
5.620000 2.952031555383079e-01
5.630000 3.019661397311055e-01
5.640000 3.084981802795652e-01
5.650000 3.146396950225731e-01
5.660000 3.202207933181442e-01
5.670000 3.250648266803805e-01
5.680000 3.289919394164280e-01
5.690000 3.318226192634344e-01
5.700000 3.333812480255073e-01
5.710000 3.334996568274783e-01
5.720000 3.320208013885944e-01
5.730000 3.288027419350855e-01
5.740000 3.237227431113147e-01
5.750000 3.166813785056034e-01
5.760000 3.076066351760549e-01
5.770000 2.964580181763803e-01
5.780000 2.832306550817225e-01
5.790000 2.679594005144800e-01
5.800000 2.507229406701325e-01
5.810000 2.316477904233095e-01
5.820000 2.109094978990362e-01
5.830000 1.887267609026981e-01
5.840000 1.653527512886492e-01
5.850000 1.410663319564113e-01
5.860000 1.161632738468732e-01
5.870000 9.094747293848951e-02
5.880000 6.572216724348059e-02
5.890000 4.078115380403107e-02
5.900000 1.640000568848935e-02
5.910000 -7.172626508777019e-03
5.920000 -2.972151635593899e-02
5.930000 -5.106578720024235e-02
5.940000 -7.105764132725224e-02
5.950000 -8.958100465187198e-02
5.960000 -1.065501714093610e-01
5.970000 -1.219084488463535e-01
5.980000 -1.356268019118768e-01
5.990000 -1.477024979483693e-01
6.000000 -1.581577513826995e-01
6.010000 -1.670383607287720e-01
6.020000 -1.744121457158927e-01
6.030000 -1.803668770828773e-01
6.040000 -1.850080065285009e-01
6.050000 -1.884563889765935e-01
6.060000 -1.908460048411359e-01
6.070000 -1.923216822913554e-01
6.080000 -1.930368195168215e-01
6.090000 -1.931511069925415e-01
6.100000 -1.928282497440562e-01
6.110000 -1.922336759682624e-01
6.120000 -1.915318909441889e-01
6.130000 -1.908829305911325e-01
6.140000 -1.904384603680876e-01
6.150000 -1.903378605340362e-01
6.160000 -1.907043114082387e-01
6.170000 -1.916408786305232e-01
6.180000 -1.932265984215764e-01
6.190000 -1.955125628432334e-01
6.200000 -1.985180050587676e-01
6.210000 -2.022264818600763e-01
6.220000 -2.065845848580458e-01
6.230000 -2.115070701491427e-01
6.240000 -2.168845163001063e-01
6.250000 -2.225910795650280e-01
6.260000 -2.284922491024306e-01
6.270000 -2.344526021923476e-01
6.280000 -2.403435594534025e-01
6.290000 -2.460511400598883e-01
6.300000 -2.514837169588468e-01
6.310000 -2.565796535421663e-01
6.320000 -2.613118584652619e-01
6.330000 -2.656845178008538e-01
6.340000 -2.697267457344116e-01
6.350000 -2.734861167541263e-01
6.360000 -2.770221978408809e-01
6.370000 -2.804000806582228e-01
6.380000 -2.836839137423345e-01
6.390000 -2.869304346920057e-01
6.400000 -2.901825023586042e-01
6.410000 -2.934627140343405e-01
6.420000 -2.967692323841220e-01
6.430000 -3.000772213901526e-01
6.440000 -3.033424917751188e-01
6.450000 -3.065052313971628e-01
6.460000 -3.094937356448596e-01
6.470000 -3.122281378321927e-01
6.480000 -3.146241395935294e-01
6.490000 -3.165967412785963e-01
6.500000 -3.180639723474558e-01
6.510000 -3.189505910813565e-01
6.520000 -3.191909865776120e-01
6.530000 -3.187300558862168e-01
6.540000 -3.175232835195576e-01
6.550000 -3.155367902869102e-01
6.560000 -3.127473821289332e-01
6.570000 -3.091425989521644e-01
6.580000 -3.047207634635146e-01
6.590000 -2.994910300047642e-01
6.600000 -2.934734333870573e-01
6.610000 -2.866989305620017e-01
6.620000 -2.792092560598797e-01
6.630000 -2.710563047072744e-01
6.640000 -2.623013281310612e-01
6.650000 -2.530141241009293e-01
6.660000 -2.432722258719031e-01
6.670000 -2.331600915268631e-01
6.680000 -2.227682933190676e-01
6.690000 -2.121927070146739e-01
6.700000 -2.015337012352592e-01
6.710000 -1.908953169854440e-01
6.720000 -1.803841920125634e-01
6.730000 -1.701078374631179e-01
6.740000 -1.601726593955427e-01
6.750000 -1.506819704805067e-01
6.760000 -1.417340017012105e-01
6.770000 -1.334199140536851e-01
6.780000 -1.258218102470897e-01
6.790000 -1.190107464040109e-01
6.800000 -1.130447437607600e-01
6.810000 -1.079668074772549e-01
6.820000 -1.038031302832101e-01
6.830000 -1.005617653038134e-01
6.840000 -9.823148370565996e-02
6.850000 -9.678063945066392e-02
6.860000 -9.615603404996959e-02
6.870000 -9.628178131786315e-02
6.880000 -9.705817212568395e-02
6.890000 -9.836053915573605e-02
6.900000 -1.000381216551996e-01
6.910000 -1.019130250443905e-01
6.920000 -1.037816465830439e-01
6.930000 -1.054223607841031e-01
6.940000 -1.066056706917641e-01
6.950000 -1.071044539944910e-01
6.960000 -1.067042091380315e-01
6.970000 -1.052133014384329e-01
6.980000 -1.024732091950573e-01
6.990000 -9.836876980359752e-02
7.000000 -9.283842586909245e-02
7.010000 -8.588430534261626e-02
7.020000 -7.757798651618317e-02
7.030000 -6.805530958125325e-02
7.040000 -5.750687334882405e-02
7.050000 -4.616836602353225e-02
7.060000 -3.431089597775565e-02
7.070000 -2.223132252571481e-02
7.080000 -1.024258669757499e-02
7.090000 1.335957986452089e-03
7.100000 1.218821474200640e-02
7.110000 2.201098690843046e-02
7.120000 3.052294958072795e-02
7.130000 3.747191606791737e-02
7.140000 4.264143263716426e-02
7.150000 4.585734742403319e-02
7.160000 4.699437934273985e-02
7.170000 4.598268699640306e-02
7.180000 4.281443758729673e-02
7.190000 3.755037582710200e-02
7.200000 3.032639284715912e-02
7.210000 2.135988240051400e-02
7.220000 1.095056688848100e-02
7.230000 -5.327143731973647e-04
7.240000 -1.267074676636127e-02
7.250000 -2.501289466091856e-02
7.260000 -3.709605570533010e-02
7.270000 -4.846361511709457e-02
7.280000 -5.868439997323389e-02
7.290000 -6.737163350077804e-02
7.300000 -7.420188936725039e-02
7.310000 -7.893380708916656e-02
7.320000 -8.142059673492773e-02
7.330000 -8.160677834900880e-02
7.340000 -7.951871095307238e-02
7.350000 -7.525488269334991e-02
7.360000 -6.897620098802262e-02
7.370000 -6.089628267460288e-02
7.380000 -5.127174415731506e-02
7.390000 -4.039249155447675e-02
7.400000 -2.857201084587969e-02
7.410000 -1.613767570484054e-02
7.420000 -3.421515117966285e-03
7.430000 9.247851863370828e-03
7.440000 2.155282160095661e-02
7.450000 3.319439366470034e-02
7.460000 4.389975862760001e-02
7.470000 5.342988586070760e-02
7.480000 6.158711132809432e-02
7.490000 6.822272538181612e-02
7.500000 7.324456055687864e-02
7.510000 7.662441119559076e-02
7.520000 7.840108073726583e-02
7.530000 7.867233016523038e-02
7.540000 7.758245424575633e-02
7.550000 7.530968960903835e-02
7.560000 7.205362283017130e-02
7.570000 6.802259851012772e-02
7.580000 6.342112735673532e-02
7.590000 5.843729426565449e-02
7.600000 5.323016640135567e-02
7.610000 4.791739188406125e-02
7.620000 4.256775414978013e-02
7.630000 3.720630596582288e-02
7.640000 3.182445901693616e-02
7.650000 2.639026408715437e-02
7.660000 2.085869124165106e-02
7.670000 1.518191000859058e-02
7.680000 9.319569560979528e-03
7.690000 3.249078898518326e-03
7.700000 -3.024112970547237e-03
7.710000 -9.456403950348080e-03
7.720000 -1.596027040730397e-02
7.730000 -2.240952732521023e-02
7.740000 -2.864893303541167e-02
7.750000 -3.450396104435959e-02
7.760000 -3.979057186116885e-02
7.770000 -4.432498482517500e-02
7.780000 -4.793344993349136e-02
7.790000 -5.046201966856598e-02
7.800000 -5.178632082573896e-02
7.810000 -5.182119952946158e-02
7.820000 -5.052706916564356e-02
7.830000 -4.790788881070782e-02
7.840000 -4.400584459040850e-02
7.850000 -3.889590422867482e-02
7.860000 -3.268037159645483e-02
7.870000 -2.548344126055929e-02
7.880000 -1.744575303250546e-02
7.890000 -8.718946517360937e-03
7.900000 5.397843374125163e-04
7.910000 1.017309811544675e-02
7.920000 2.002790978225730e-02
7.930000 2.995724839622828e-02
7.940000 3.982111179275152e-02
7.950000 4.948728269028218e-02
7.960000 5.883214479639475e-02
7.970000 6.774149891383874e-02
7.980000 7.611137904659443e-02
7.990000 8.384886850592886e-02
8.000000 9.087291601645139e-02
8.010000 9.711513757392730e-02
8.020000 1.025202478451121e-01
8.030000 1.070455511684212e-01
8.040000 1.106600620920238e-01
8.050000 1.133436116632353e-01
8.060000 1.150859537179092e-01
8.070000 1.158858711698297e-01
8.080000 1.157502823001037e-01
8.090000 1.146933470465527e-01
8.100000 1.127355732931052e-01
8.110000 1.099029289389441e-01
8.120000 1.062261042437725e-01
8.130000 1.017401556471716e-01
8.140000 9.648429986718421e-02
8.150000 9.050171377896503e-02
8.160000 8.383933429342995e-02
8.170000 7.654765823590610e-02
8.180000 6.868054222478150e-02
8.190000 6.029500255015467e-02
8.200000 5.145101505248467e-02
8.210000 4.221132143915797e-02
8.220000 3.264140299078197e-02
8.230000 2.280987918601186e-02
8.240000 1.278907372094948e-02
8.250000 2.655586966944530e-03
8.260000 -7.509131571604534e-03
8.270000 -1.761821079944948e-02
8.280000 -2.757878557269127e-02
8.290000 -3.729142424097914e-02
8.300000 -4.664955618970951e-02
8.310000 -5.553894417227304e-02
8.320000 -6.383832121822669e-02
8.330000 -7.142298382767745e-02
8.340000 -7.816954978493837e-02
8.350000 -8.396076076656776e-02
8.360000 -8.869028494940766e-02
8.370000 -9.226751961862306e-02
8.380000 -9.462239377574062e-02
8.390000 -9.571017074668763e-02
8.400000 -9.551625078983082e-02
8.410000 -9.406088745840252e-02
8.420000 -9.140166149538277e-02
8.430000 -8.763026218128779e-02
8.440000 -8.286702611239793e-02
8.450000 -7.725538972317049e-02
8.460000 -7.095634180865298e-02
8.470000 -6.414287604689602e-02
8.480000 -5.699444352136667e-02
8.490000 -4.969140524336135e-02
8.500000 -4.240948467441910e-02
8.510000 -3.531424990244084e-02
8.520000 -2.855636684733815e-02
8.530000 -2.226880974810044e-02
8.540000 -1.656484272084570e-02
8.550000 -1.153603097472301e-02
8.560000 -7.250252027815180e-03
8.570000 -3.749706923041178e-03
8.580000 -1.048931444058739e-03
8.590000 8.671926688331147e-04
8.600000 2.045426502791503e-03
8.610000 2.566068720597725e-03
8.620000 2.542405253318629e-03
8.630000 2.113952121086935e-03
8.640000 1.437253046691681e-03
8.650000 6.765830180709485e-04
8.660000 -5.348149195430284e-06
8.670000 -4.566922493931973e-04
8.680000 -5.457591241809166e-04
8.690000 -1.703131000973029e-04
8.700000 7.331305739314804e-04
8.710000 2.180170772626451e-03
8.720000 4.133584348636300e-03
8.730000 6.509048874743944e-03
8.740000 9.185064489531235e-03
8.750000 1.201303725610668e-02
8.760000 1.482736252083320e-02
8.770000 1.745550827205595e-02
8.780000 1.972809849883004e-02
8.790000 2.148899654964829e-02
8.800000 2.260538849116903e-02
8.810000 2.297774938422090e-02
8.820000 2.254676521764196e-02
8.830000 2.129252659299374e-02
8.840000 1.923067782788380e-02
8.850000 1.640844895264279e-02
8.860000 1.290068770700127e-02
8.870000 8.805891536766872e-03
8.880000 4.242239590501191e-03
8.890000 -6.563752838032098e-04
8.900000 -5.744314542045800e-03
8.910000 -1.086816995949895e-02
8.920000 -1.587094797686707e-02
8.930000 -2.059678290847117e-02
8.940000 -2.489585849910556e-02
8.950000 -2.862933749486208e-02
8.960000 -3.167429121395406e-02
8.970000 -3.392862911754042e-02
8.980000 -3.531602838054974e-02
8.990000 -3.579086346250442e-02
9.000000 -3.534313567834456e-02
9.010000 -3.400329861660331e-02
9.020000 -3.184437538263448e-02
9.030000 -2.897720091693252e-02
9.040000 -2.554295588089099e-02
9.050000 -2.170559636415105e-02
9.060000 -1.764428359194968e-02
9.070000 -1.354581363246799e-02
9.080000 -9.597047104179648e-03
9.090000 -5.977338883199116e-03
9.100000 -2.850967810630003e-03
9.110000 -3.596299922461656e-04
9.120000 1.383414364409930e-03
9.130000 2.294996454797207e-03
9.140000 2.322040673758500e-03
9.150000 1.441502802473276e-03
9.160000 -3.396918045896349e-04
9.170000 -2.984710032719297e-03
9.180000 -6.426872820009936e-03
9.190000 -1.056971697040823e-02
9.200000 -1.528705696676057e-02
9.210000 -2.042312354519056e-02
9.220000 -2.579469824235917e-02
9.230000 -3.119831492600739e-02
9.240000 -3.641945752126970e-02
9.250000 -4.124183452060629e-02
9.260000 -4.545665349373548e-02
9.270000 -4.887189559756598e-02
9.280000 -5.132159008612933e-02
9.290000 -5.267508882051217e-02
9.300000 -5.284634077878861e-02
9.310000 -5.180301125489749e-02
9.320000 -4.957156258261996e-02
9.330000 -4.623208273157826e-02
9.340000 -4.190907494395592e-02
9.350000 -3.676209201172483e-02
9.360000 -3.097637055387225e-02
9.370000 -2.475346529362817e-02
9.380000 -1.830188333569217e-02
9.390000 -1.182771844346073e-02
9.400000 -5.525285316254177e-03
9.410000 4.321624612985265e-04
9.420000 5.899538770639231e-03
9.430000 1.076150802778360e-02
9.440000 1.493189227363428e-02
9.450000 1.835299456424121e-02
9.460000 2.099492236106186e-02
9.470000 2.285491092122161e-02
9.480000 2.395664668777395e-02
9.490000 2.434959067996086e-02
9.500000 2.410830188347305e-02
9.510000 2.333170682031355e-02
9.520000 2.214096963555664e-02
9.530000 2.067380940764361e-02
9.540000 1.907741778456429e-02
9.550000 1.750132278054095e-02
9.560000 1.609025257271210e-02
9.570000 1.497699929781642e-02
9.580000 1.427528284887658e-02
9.590000 1.407261467188314e-02
9.600000 1.442316156247838e-02
9.610000 1.534073656066200e-02
9.620000 1.679509477675244e-02
9.630000 1.871661926542891e-02
9.640000 2.100431230944508e-02
9.650000 2.353391384920635e-02
9.660000 2.616601991234700e-02
9.670000 2.875420104330734e-02
9.680000 3.115312073291095e-02
9.690000 3.322665384794183e-02
9.700000 3.485600506072157e-02
9.710000 3.594773693551486e-02
9.720000 3.643944880490322e-02
9.730000 3.629949181057323e-02
9.740000 3.552433437457153e-02
9.750000 3.413583729143808e-02
9.760000 3.217852882033922e-02
9.770000 2.971687977720092e-02
9.780000 2.683257862684189e-02
9.790000 2.362180657510686e-02
9.800000 2.019251266099963e-02
9.810000 1.666168084083058e-02
9.820000 1.315238883786694e-02
9.830000 9.790338354090693e-03
9.840000 6.700177013870393e-03
9.850000 4.001812296288322e-03
9.860000 1.806725467467706e-03
9.870000 2.142855128999123e-04
9.880000 -6.919369302284025e-04
9.890000 -8.478556407080633e-04
9.900000 -2.125548809802178e-04
9.910000 1.228081257428497e-03
9.920000 3.459214486719441e-03
9.930000 6.438642448638846e-03
9.940000 1.009986406866440e-02
9.950000 1.435520165744158e-02
9.960000 1.909892301221983e-02
9.970000 2.421036351828901e-02
9.980000 2.955704825041558e-02
9.990000 3.499781407427890e-02
10.000000 4.038593174790764e-02
10.010000 4.557224024334005e-02
10.020000 5.040859883931757e-02
10.030000 5.475214593525186e-02
10.040000 5.846987569274013e-02
10.050000 6.144322690295612e-02
10.060000 6.357267185404107e-02
10.070000 6.478230519849479e-02
10.080000 6.502443282056640e-02
10.090000 6.428416070364570e-02
10.100000 6.258398379765386e-02
10.110000 5.998825418525278e-02
10.120000 5.660451055005691e-02
10.130000 5.257683943926944e-02
10.140000 4.807609724414136e-02
10.150000 4.329001142083097e-02
10.160000 3.841328171126336e-02
10.170000 3.363768136398997e-02
10.180000 2.914215835504806e-02
10.190000 2.508293660882014e-02
10.200000 2.158361721889354e-02
10.210000 1.872542295819969e-02
10.220000 1.654116888980573e-02
10.230000 1.501869246020653e-02
10.240000 1.410801041760249e-02
10.250000 1.372861909189041e-02
10.260000 1.377679467465439e-02
10.270000 1.413289349915673e-02
10.280000 1.466865232032878e-02
10.290000 1.525448859476187e-02
10.300000 1.576680076069814e-02
10.310000 1.609519855997286e-02
10.320000 1.614791415578319e-02
10.330000 1.585259480269696e-02
10.340000 1.515527594379457e-02
10.350000 1.401928431289295e-02
10.360000 1.242414103676942e-02
10.370000 1.036446473738573e-02
10.380000 7.848874634111897e-03
10.390000 4.898893645950209e-03
10.400000 1.547851493759088e-03
10.410000 -2.160220378631644e-03
10.420000 -6.171906628027567e-03
10.430000 -1.042626593672656e-02
10.440000 -1.485690172697413e-02
10.450000 -1.939404106101515e-02
10.460000 -2.396661354114556e-02
10.470000 -2.850433020976410e-02
10.480000 -3.293976244942402e-02
10.490000 -3.721042088288472e-02
10.500000 -4.126083427316361e-02
10.510000 -4.504459942174668e-02
10.520000 -4.852567688669353e-02
10.530000 -5.167777203372420e-02
10.540000 -5.448296174187394e-02
10.550000 -5.693029209077404e-02
10.560000 -5.901437604793302e-02
10.570000 -6.073399115601754e-02
10.580000 -6.209067722013345e-02
10.590000 -6.308733399510674e-02
10.600000 -6.372681887276470e-02
10.610000 -6.401056314676284e-02
10.620000 -6.393767138151664e-02
10.630000 -6.350524726180140e-02
10.640000 -6.270920265635668e-02
10.650000 -6.154508527002638e-02
10.660000 -6.000890629589918e-02
10.670000 -5.809796806744889e-02
10.680000 -5.581169171067459e-02
10.690000 -5.315244479624098e-02
10.700000 -5.012636899161884e-02
10.710000 -4.674419832703425e-02
10.720000 -4.302183337442721e-02
10.730000 -3.898029574793648e-02
10.740000 -3.464543845984765e-02
10.750000 -3.004764688459566e-02
10.760000 -2.522153972276733e-02
10.770000 -2.020566996510405e-02
10.780000 -1.504222585650420e-02
10.790000 -9.776731860025816e-03
10.800000 -4.457749620889137e-03
10.810000 8.634324686010751e-04
10.820000 6.133406138078969e-03
10.830000 1.129800268612205e-02
10.840000 1.630394893354116e-02
10.850000 2.110053458298468e-02
10.860000 2.564127957854262e-02
10.870000 2.988560146535086e-02
10.880000 3.380048274919525e-02
10.890000 3.736213825611575e-02
10.900000 4.055768249201071e-02
10.910000 4.338676130723935e-02
10.920000 4.586225530385772e-02
10.930000 4.800862659998718e-02
10.940000 4.985933710261090e-02
10.950000 5.145423106194815e-02
10.960000 5.283691762582872e-02
10.970000 5.405215339406721e-02
10.980000 5.514322497283744e-02
10.990000 5.614933152904666e-02
11.000000 5.710296734471017e-02
11.010000 5.802733723050865e-02
11.020000 5.893462645620982e-02
11.030000 5.982644012188616e-02
11.040000 6.069509726866625e-02
11.050000 6.152495787093672e-02
11.060000 6.229374982854392e-02
11.070000 6.297389595899569e-02
11.080000 6.353384098966318e-02
11.090000 6.393937854998256e-02
11.100000 6.415497816365685e-02
11.110000 6.414511471084228e-02
11.120000 6.387566212374687e-02
11.130000 6.331545015819362e-02
11.140000 6.243788541586474e-02
11.150000 6.122257483825803e-02
11.160000 5.965694920064294e-02
11.170000 5.773788660601666e-02
11.180000 5.547333597906034e-02
11.190000 5.288394056009518e-02
11.200000 5.000466139903847e-02
11.210000 4.688634885340544e-02
11.220000 4.359596189177378e-02
11.230000 4.021335442783602e-02
11.240000 3.682670908518521e-02
11.250000 3.352791892867341e-02
11.260000 3.040796919576992e-02
11.270000 2.755231902791959e-02
11.280000 2.503628320190118e-02
11.290000 2.292041386118575e-02
11.300000 2.124588224729487e-02
11.310000 2.002994025682127e-02
11.320000 1.926345793954206e-02
11.330000 1.891373144509045e-02
11.340000 1.892936750319497e-02
11.350000 1.924524778882837e-02
11.360000 1.978749328735663e-02
11.370000 2.047842865968783e-02
11.380000 2.124154660742116e-02
11.390000 2.200647223799575e-02
11.400000 2.271392742983978e-02
11.410000 2.332063052718896e-02
11.420000 2.380251421128137e-02
11.430000 2.415367350012660e-02
11.440000 2.438363143074254e-02
11.450000 2.451454002167129e-02
11.460000 2.457838123549471e-02
11.470000 2.461416794135033e-02
11.480000 2.466514487744702e-02
11.490000 2.477598961358072e-02
11.500000 2.499001351365027e-02
11.510000 2.534637815859290e-02
11.520000 2.587771383733529e-02
11.530000 2.660875882601641e-02
11.540000 2.755540085662945e-02
11.550000 2.872373405822391e-02
11.560000 3.010911589810781e-02
11.570000 3.169522412304976e-02
11.580000 3.345311370048110e-02
11.590000 3.534027375969802e-02
11.600000 3.729968453306372e-02
11.610000 3.925892461121522e-02
11.620000 4.113058668705143e-02
11.630000 4.281601536333807e-02
11.640000 4.421035385501573e-02
11.650000 4.520764104610470e-02
11.660000 4.570590854661005e-02
11.670000 4.561227774942637e-02
11.680000 4.484805688724273e-02
11.690000 4.335383808944769e-02
11.700000 4.109459443903411e-02
11.710000 3.806469449738838e-02
11.720000 3.429077044731634e-02
11.730000 2.982913686091569e-02
11.740000 2.476106240207140e-02
11.750000 1.918795892847418e-02
11.760000 1.322657059363895e-02
11.770000 7.004162948923245e-03
11.780000 6.537120455457001e-04
11.790000 -5.690906463395518e-03
11.800000 -1.189972822090431e-02
11.810000 -1.785147652988002e-02
11.820000 -2.343744059329548e-02
11.830000 -2.856307352965514e-02
11.840000 -3.314869197135800e-02
11.850000 -3.713014109952455e-02
11.860000 -4.045945967882376e-02
11.870000 -4.310554509230002e-02
11.880000 -4.505481837619998e-02
11.890000 -4.631188925479961e-02
11.900000 -4.690022117523105e-02
11.910000 -4.686275289074070e-02
11.920000 -4.626139000034216e-02
11.930000 -4.517362743572954e-02
11.940000 -4.368804152597155e-02
11.950000 -4.189973857277535e-02
11.960000 -3.990580342575040e-02
11.970000 -3.780074805767222e-02
11.980000 -3.567196013974629e-02
11.990000 -3.359515161687176e-02
12.000000 -3.162980728290538e-02
12.010000 -2.981470335480040e-02
12.020000 -2.816524651736608e-02
12.030000 -2.667543495588663e-02
12.040000 -2.532164048436084e-02
12.050000 -2.406646073511689e-02
12.060000 -2.286257134842707e-02
12.070000 -2.165657816212267e-02
12.080000 -2.039286940120860e-02
12.090000 -1.901746786747830e-02
12.100000 -1.748188312912852e-02
12.110000 -1.574692005493054e-02
12.120000 -1.378535198761159e-02
12.130000 -1.158171134092266e-02
12.140000 -9.130944436732439e-03
12.150000 -6.437022646759519e-03
12.160000 -3.511553534304524e-03
12.170000 -3.723919959822065e-04
12.180000 2.957748596546361e-03
12.190000 6.452685254841667e-03
12.200000 1.008415423195363e-02
12.210000 1.382318177047189e-02
12.220000 1.764098384936041e-02
12.230000 2.150867009720735e-02
12.240000 2.539647653476167e-02
12.250000 2.927298019030258e-02
12.260000 3.310431371500883e-02
12.270000 3.685337999832818e-02
12.280000 4.047906678334666e-02
12.290000 4.393546128215797e-02
12.300000 4.717106479123294e-02
12.310000 5.012799311599034e-02
12.320000 5.274080792594606e-02
12.330000 5.493441106889355e-02
12.340000 5.662156967979323e-02
12.350000 5.770042708527630e-02
12.360000 5.805201370814855e-02
12.370000 5.753775797189436e-02
12.380000 5.599699720518050e-02
12.390000 5.324448854636003e-02
12.400000 4.906791984797622e-02
12.410000 4.322647861710573e-02
12.420000 3.547693817140740e-02
12.430000 2.566960833431836e-02
12.440000 1.387181370384850e-02
12.450000 4.924309930034627e-04
12.460000 -1.359357362979224e-02
12.470000 -2.692060720027222e-02
12.480000 -3.730791261790514e-02
12.490000 -4.173503130547162e-02
12.500000 -3.621726586864121e-02
