3.200000 2.125764433079725e+00
3.210000 4.156975604268853e+00
3.220000 5.443062757115108e+00
3.230000 6.191245153152606e+00
3.240000 6.564995011320376e+00
3.250000 6.689392422650652e+00
3.260000 6.656480264957210e+00
3.270000 6.530619117523680e+00
3.280000 6.353842175791844e+00
3.290000 6.151210166049967e+00
3.300000 5.936166260121120e+00
3.310000 5.715846860723471e+00
3.320000 5.495245369677497e+00
3.330000 5.278464845022484e+00
3.340000 5.068824072571834e+00
3.350000 4.868919551299538e+00
3.360000 4.680687478726668e+00
3.370000 4.505465736307857e+00
3.380000 4.344055874817780e+00
3.390000 4.196785099737644e+00
3.400000 4.063568256641670e+00
3.410000 3.943969690719690e+00
3.420000 3.837261834802268e+00
3.430000 3.742475494343446e+00
3.440000 3.658446862109938e+00
3.450000 3.583864407126832e+00
3.460000 3.517315763623288e+00
3.470000 3.457334619978245e+00
3.480000 3.402447607666117e+00
3.490000 3.351221190202504e+00
3.500000 3.302308552089882e+00
3.510000 3.254496018436627e+00
3.520000 3.206737275593894e+00
3.530000 3.158156630715908e+00
3.540000 3.108040076726556e+00
3.550000 3.055825888398121e+00
3.560000 3.001095218430027e+00
3.570000 2.943562693527570e+00
3.580000 2.883067010480671e+00
3.590000 2.819561532242602e+00
3.600000 2.753104884008733e+00
3.610000 2.683851515082671e+00
3.620000 2.612041371464920e+00
3.630000 2.537987311441559e+00
3.640000 2.462061632208025e+00
3.650000 2.384682562311524e+00
3.660000 2.306300754093444e+00
3.670000 2.227385776131784e+00
3.680000 2.148412605683562e+00
3.690000 2.069848121127244e+00
3.700000 1.992137594405153e+00
3.710000 1.915691290539621e+00
3.720000 1.840873850301638e+00
3.730000 1.768000736592684e+00
3.740000 1.697337463023891e+00
3.750000 1.629098929473410e+00
3.760000 1.563448757643778e+00
3.770000 1.500498626619294e+00
3.780000 1.440307608423382e+00
3.790000 1.382881503575965e+00
3.800000 1.328172176650828e+00
3.810000 1.276077006088486e+00
3.820000 1.226441303855860e+00
3.830000 1.179068272685295e+00
3.840000 1.133731932165704e+00
3.850000 1.090190158989725e+00
3.860000 1.048197727200893e+00
3.870000 1.007519348440795e+00
3.880000 9.679427121962421e-01
3.890000 9.292915260464242e-01
3.900000 8.914385559100823e-01
3.910000 8.543184464694979e-01
3.920000 8.179348276857773e-01
3.930000 7.823529191458307e-01
3.940000 7.476864223671583e-01
3.950000 7.140841934661198e-01
3.960000 6.817169158262073e-01
3.970000 6.507637727663158e-01
3.980000 6.213991202090131e-01
3.990000 5.937791593488122e-01
4.000000 5.680286093204420e-01
4.010000 5.442275356839491e-01
4.020000 5.224022291154958e-01
4.030000 5.025263637526731e-01
4.040000 4.845262044559442e-01
4.050000 4.682859697579672e-01
4.060000 4.536531948129133e-01
4.070000 4.404440943457888e-01
4.080000 4.284489256017547e-01
4.090000 4.174373512954467e-01
4.100000 4.071638025602968e-01
4.110000 3.973728550157444e-01
4.120000 3.878049458150385e-01
4.130000 3.782029561249179e-01
4.140000 3.683191344801329e-01
4.150000 3.579220332452855e-01
4.160000 3.468034450766695e-01
4.170000 3.347853393841093e-01
4.180000 3.217267987928001e-01
4.190000 3.075309556051483e-01
4.200000 2.921519282626100e-01
4.210000 2.756016061525646e-01
4.220000 2.579524923382233e-01
4.230000 2.393305409881962e-01
4.240000 2.199040539190401e-01
4.250000 1.998724256018315e-01
4.260000 1.794548881687412e-01
4.270000 1.588792564196073e-01
4.280000 1.383706728285096e-01
4.290000 1.181403525503436e-01
4.300000 9.837432842739374e-02
4.310000 7.922233538222301e-02
4.320000 6.079031800357691e-02
4.330000 4.314213411820129e-02
4.340000 2.630488049194949e-02
4.350000 1.027435781083206e-02
4.360000 -4.979464337933653e-03
4.370000 -1.950698248487376e-02
4.380000 -3.337349429720816e-02
4.390000 -4.665373359780087e-02
4.400000 -5.942640538411034e-02
4.410000 -7.176876521005543e-02
4.420000 -8.375235174041086e-02
4.430000 -9.544164617168426e-02
4.440000 -1.068938844965008e-01
4.450000 -1.181589140980010e-01
4.460000 -1.292790503442388e-01
4.470000 -1.402889331825792e-01
4.480000 -1.512153837340965e-01
4.490000 -1.620772608879722e-01
4.500000 -1.728853178958923e-01
4.510000 -1.836420646559574e-01
4.520000 -1.943417778910896e-01
4.530000 -2.049708866999323e-01
4.540000 -2.155085059612712e-01
4.550000 -2.259269754238736e-01
4.560000 -2.361923987963232e-01
4.570000 -2.462651828368580e-01
4.580000 -2.561005764432068e-01
4.590000 -2.656492097424265e-01
4.600000 -2.748576331807380e-01
4.610000 -2.836688801800021e-01
4.620000 -2.920236423950346e-01
4.630000 -2.998629998255940e-01
4.640000 -3.071317633645550e-01
4.650000 -3.137818408962537e-01
4.660000 -3.197756033948338e-01
4.670000 -3.250892510225912e-01
4.680000 -3.297161792283203e-01
4.690000 -3.336703448456597e-01
4.700000 -3.369896321914370e-01
4.710000 -3.397391411288681e-01
4.720000 -3.420124466397743e-01
4.730000 -3.439277098212235e-01
4.740000 -3.456217609196360e-01
4.750000 -3.472441043825885e-01
4.760000 -3.489509239106180e-01
4.770000 -3.508990875090249e-01
4.780000 -3.532401525396768e-01
4.790000 -3.561143707728129e-01
4.800000 -3.596446934388469e-01
4.810000 -3.639308302105859e-01
4.820000 -3.690447100933006e-01
4.830000 -3.750295005550957e-01
4.840000 -3.819000282115120e-01
4.850000 -3.896432534051805e-01
4.860000 -3.982187447854758e-01
4.870000 -4.075591538881707e-01
4.880000 -4.175706897150905e-01
4.890000 -4.281335933137668e-01
4.900000 -4.391026123570921e-01
4.910000 -4.503075405169182e-01
4.920000 -4.615554411514309e-01
4.930000 -4.726371460366646e-01
4.940000 -4.833354380008634e-01
4.950000 -4.934332983116959e-01
4.960000 -5.027221540634673e-01
4.970000 -5.110101255643353e-01
4.980000 -5.181302737235225e-01
4.990000 -5.239488474385298e-01
5.000000 -5.283735309823523e-01
5.010000 -5.313615517183703e-01
5.020000 -5.329241570196696e-01
5.030000 -5.331218756397020e-01
5.040000 -5.320561491431653e-01
5.050000 -5.298608237501412e-01
5.060000 -5.266936421802343e-01
5.070000 -5.227277354967117e-01
5.080000 -5.181431149506416e-01
5.090000 -5.131181638250316e-01
5.100000 -5.078211292789681e-01
5.110000 -5.024016977096220e-01
5.120000 -4.969847411837163e-01
5.130000 -4.916695744185681e-01
5.140000 -4.865313823388125e-01
5.150000 -4.816227311016210e-01
5.160000 -4.769750791219141e-01
5.170000 -4.726002880975783e-01
5.180000 -4.684921340346813e-01
5.190000 -4.646278182726873e-01
5.200000 -4.609694785096725e-01
5.210000 -4.574657241321078e-01
5.220000 -4.540538033525980e-01
5.230000 -4.506633739920569e-01
5.240000 -4.472209059313692e-01
5.250000 -4.436541078537713e-01
5.260000 -4.398963539872333e-01
5.270000 -4.358911108468402e-01
5.280000 -4.315963639771745e-01
5.290000 -4.269890446946962e-01
5.300000 -4.220694568301254e-01
5.310000 -4.168655942448686e-01
5.320000 -4.114346189517320e-01
5.330000 -4.058571322989057e-01
5.340000 -4.002286073570512e-01
5.350000 -3.946507121403152e-01
5.360000 -3.892226328273446e-01
5.370000 -3.840323969823009e-01
5.380000 -3.791481967758732e-01
5.390000 -3.746097122062940e-01
5.400000 -3.704194343203527e-01
5.410000 -3.665341609029968e-01
5.420000 -3.628609756233113e-01
5.430000 -3.592646071089609e-01
5.440000 -3.555792705685467e-01
5.450000 -3.516206817917015e-01
5.460000 -3.471980711491843e-01
5.470000 -3.421261975929770e-01
5.480000 -3.362373626563793e-01
5.490000 -3.293934244541039e-01
5.500000 -3.214978116823733e-01
5.510000 -3.125073613187505e-01
5.520000 -3.024395732278334e-01
5.530000 -2.913682318893766e-01
5.540000 -2.794144459230282e-01
5.550000 -2.667375114018797e-01
5.560000 -2.535257751660154e-01
5.570000 -2.399874981360623e-01
5.580000 -2.263417186267399e-01
5.590000 -2.128091156604095e-01
5.600000 -1.996028722806239e-01
5.610000 -1.869196139438744e-01
5.620000 -1.749322986538708e-01
5.630000 -1.637880610581787e-01
5.640000 -1.536080079241951e-01
5.650000 -1.444870886570035e-01
5.660000 -1.364939658172278e-01
5.670000 -1.296708856388867e-01
5.680000 -1.240335485472480e-01
5.690000 -1.195709796766831e-01
5.700000 -1.162453993885209e-01
5.710000 -1.139921310295514e-01
5.720000 -1.127204768096634e-01
5.730000 -1.123170509941652e-01
5.740000 -1.126500810430921e-01
5.750000 -1.135737459739479e-01
5.760000 -1.149325147244460e-01
5.770000 -1.165654845152511e-01
5.780000 -1.183107192127205e-01
5.790000 -1.200095876916454e-01
5.800000 -1.215111021979928e-01
5.810000 -1.226762245230840e-01
5.820000 -1.233813353886753e-01
5.830000 -1.235195798551714e-01
5.840000 -1.230013760826159e-01
5.850000 -1.217548919173067e-01
5.860000 -1.197265214784110e-01
5.870000 -1.168813617445807e-01
5.880000 -1.132036891405685e-01
5.890000 -1.086974361238424e-01
5.900000 -1.033866677712014e-01
5.910000 -9.731602745197838e-02
5.920000 -9.055037885620795e-02
5.930000 -8.317240816529631e-02
5.940000 -7.527942270726613e-02
5.950000 -6.698011871155002e-02
5.960000 -5.839134906378340e-02
5.970000 -4.963489106059789e-02
5.980000 -4.083421416441445e-02
5.990000 -3.211124775823658e-02
6.000000 -2.358314890044354e-02
6.010000 -1.535909015341992e-02
6.020000 -7.537569268048229e-03
6.030000 -2.050434778887317e-04
6.040000 6.564914430625441e-03
6.050000 1.271243998214166e-02
6.060000 1.819220087634109e-02
6.070000 2.297422085189197e-02
6.080000 2.704470355040295e-02
6.090000 3.040685638037632e-02
6.100000 3.308171438116137e-02
6.110000 3.510891322106841e-02
6.120000 3.654613983679290e-02
6.130000 3.746522655909803e-02
6.140000 3.794692307120183e-02
6.150000 3.807561752046457e-02
6.160000 3.793405763007613e-02
6.170000 3.759807181074335e-02
6.180000 3.713129027237737e-02
6.190000 3.657986613578106e-02
6.200000 3.596719654433630e-02
6.210000 3.528875584256715e-02
6.220000 3.450984217537068e-02
6.230000 3.357071918891382e-02
6.240000 3.239467075461182e-02
6.250000 3.089616772022406e-02
6.260000 2.898903466094957e-02
6.270000 2.659461663052287e-02
6.280000 2.364994591230955e-02
6.290000 2.011590877040196e-02
6.300000 1.598541220071493e-02
6.310000 1.129141311347024e-02
6.320000 6.111371098615261e-03
6.330000 5.626231760152419e-04
6.340000 -5.205817412934719e-03
6.350000 -1.102159993646040e-02
6.360000 -1.669737490355912e-02
6.370000 -2.203913279515040e-02
6.380000 -2.685454279522669e-02
6.390000 -3.096129152200407e-02
6.400000 -3.419542175907289e-02
6.410000 -3.641960166942868e-02
6.420000 -3.752958673779824e-02
6.430000 -3.745609429835281e-02
6.440000 -3.616487100745684e-02
6.450000 -3.365669082097041e-02
6.460000 -2.996735297155199e-02
6.470000 -2.516767994596116e-02
6.480000 -1.936351546236121e-02
6.490000 -1.269572244762182e-02
6.500000 -5.340181014621749e-03
6.510000 2.492315560848400e-03
6.520000 1.055881663668996e-02
6.530000 1.859370105034286e-02
6.540000 2.632081544205168e-02
6.550000 3.346571454892305e-02
6.560000 3.976790149898275e-02
6.570000 4.499306810523311e-02
6.580000 4.894533515971022e-02
6.590000 5.147949272754129e-02
6.600000 5.251324044100177e-02
6.610000 5.203921227319207e-02
6.620000 5.013139824527487e-02
6.630000 4.693734370031399e-02
6.640000 4.266474608995186e-02
6.650000 3.756783629863411e-02
6.660000 3.193375996783409e-02
6.670000 2.606895882027742e-02
6.680000 2.028555198416658e-02
6.690000 1.488771731740553e-02
6.700000 1.015807273182411e-02
6.710000 6.344183311495051e-03
6.720000 3.648338828579421e-03
6.730000 2.225632642692412e-03
6.740000 2.185310686732745e-03
6.750000 3.592246215697778e-03
6.760000 6.468414555498694e-03
6.770000 1.079436785177562e-02
6.780000 1.651070981871281e-02
6.790000 2.351957048785377e-02
6.800000 3.168608095691638e-02
6.810000 4.083990219753631e-02
6.820000 5.077815929749230e-02
6.830000 6.127194318939069e-02
6.840000 7.207421769177709e-02
6.850000 8.292778059697074e-02
6.860000 9.357322475889920e-02
6.870000 1.037568991809326e-01
6.880000 1.132388701037182e-01
6.890000 1.218008820930148e-01
6.900000 1.292543191275272e-01
6.910000 1.354480677216876e-01
6.920000 1.402738331171615e-01
6.930000 1.436649904412789e-01
6.940000 1.455928891343132e-01
6.950000 1.460630594317189e-01
6.960000 1.451114188463698e-01
6.970000 1.428004786507975e-01
6.980000 1.392155503594288e-01
6.990000 1.344609522108239e-01
7.000000 1.286562156499149e-01
7.010000 1.219323090673579e-01
7.020000 1.144283101986316e-01
7.030000 1.062892173886072e-01
7.040000 9.766420948432221e-02
7.050000 8.870492298171453e-02
7.060000 7.956372917235588e-02
7.070000 7.039201129018591e-02
7.080000 6.133844165824599e-02
7.090000 5.254725883541322e-02
7.100000 4.415654476313421e-02
7.110000 3.629650844834443e-02
7.120000 2.908793957877731e-02
7.130000 2.264109349172868e-02
7.140000 1.705474606466953e-02
7.150000 1.241525514099016e-02
7.160000 8.795621955744331e-03
7.170000 6.254552561393286e-03
7.180000 4.835519253549991e-03
7.190000 4.565821996723160e-03
7.200000 5.455649850061466e-03
7.210000 7.497160615536914e-03
7.220000 1.066403424917412e-02
7.230000 1.491222886922115e-02
7.240000 2.018121050189580e-02
7.250000 2.639520104702402e-02
7.260000 3.346442624367849e-02
7.270000 4.128636363581704e-02
7.280000 4.974699053792130e-02
7.290000 5.872203200063505e-02
7.300000 6.807820877640286e-02
7.310000 7.767450099852273e-02
7.320000 8.736382039410173e-02
7.330000 9.699571952102243e-02
7.340000 1.064195095202272e-01
7.350000 1.154873935795587e-01
7.360000 1.240576003976002e-01
7.370000 1.319975176475157e-01
7.380000 1.391868254408904e-01
7.390000 1.455206297915711e-01
7.400000 1.509125960795060e-01
7.410000 1.552980464830415e-01
7.420000 1.586361206189638e-01
7.430000 1.609095582156891e-01
7.440000 1.621235450290676e-01
7.450000 1.623045227301299e-01
7.460000 1.614989987928329e-01
7.470000 1.597723563818065e-01
7.480000 1.572076642400993e-01
7.490000 1.539044865769258e-01
7.500000 1.499776929554117e-01
7.510000 1.455562391753107e-01
7.520000 1.407811940423974e-01
7.530000 1.358018518779045e-01
7.540000 1.307710909364685e-01
7.550000 1.258407028212274e-01
7.560000 1.211567218989193e-01
7.570000 1.168547547149804e-01
7.580000 1.130553094086435e-01
7.590000 1.098591251280356e-01
7.600000 1.073425014452769e-01
7.610000 1.055527010892788e-01
7.620000 1.045052589072249e-01
7.630000 1.041861296642147e-01
7.640000 1.045557420321707e-01
7.650000 1.055531258925065e-01
7.660000 1.071000396387928e-01
7.670000 1.091050974794254e-01
7.680000 1.114678967402915e-01
7.690000 1.140831451674369e-01
7.700000 1.168447882297332e-01
7.710000 1.196501088815570e-01
7.720000 1.224031112929035e-01
7.730000 1.250160869696444e-01
7.740000 1.274104648501034e-01
7.750000 1.295176338625332e-01
7.760000 1.312797654825908e-01
7.770000 1.326506362908154e-01
7.780000 1.335964505301036e-01
7.790000 1.340966626631863e-01
7.800000 1.341447999301056e-01
7.810000 1.337492469649347e-01
7.820000 1.329330439561199e-01
7.830000 1.317311807304182e-01
7.840000 1.301869043845365e-01
7.850000 1.283479889764219e-01
7.860000 1.262630052165523e-01
7.870000 1.239775901592273e-01
7.880000 1.215307168938586e-01
7.890000 1.189509642362613e-01
7.900000 1.162527864199439e-01
7.910000 1.134328617940519e-01
7.920000 1.104684957010748e-01
7.930000 1.073212378216571e-01
7.940000 1.039425537076707e-01
7.950000 1.002795753227862e-01
7.960000 9.628085158304688e-02
7.970000 9.190209889744175e-02
7.980000 8.711195170847791e-02
7.990000 8.189771303275405e-02
8.000000 7.627110500153322e-02
8.010000 7.027391751788918e-02
8.020000 6.398100791846927e-02
8.030000 5.749657622064455e-02
8.040000 5.094779134141041e-02
8.050000 4.447831542957374e-02
8.060000 3.824182819794006e-02
8.070000 3.239555125550075e-02
8.080000 2.709377243962027e-02
8.090000 2.248137014822331e-02
8.100000 1.868733767198201e-02
8.110000 1.581836775025953e-02
8.120000 1.395400297062245e-02
8.130000 1.314576104312441e-02
8.140000 1.341782595053807e-02
8.150000 1.476779932558111e-02
8.160000 1.716745182814247e-02
8.170000 2.056347452250844e-02
8.180000 2.487823025458881e-02
8.190000 3.001050502914301e-02
8.200000 3.583625938700625e-02
8.210000 4.220942895871135e-02
8.220000 4.896400363401034e-02
8.230000 5.591935249566181e-02
8.240000 6.288682740613379e-02
8.250000 6.967641577440417e-02
8.260000 7.610339332276095e-02
8.270000 8.199497685360252e-02
8.280000 8.719697701623791e-02
8.290000 9.158045107368726e-02
8.300000 9.504835566948196e-02
8.310000 9.754209282032658e-02
8.320000 9.904527969849788e-02
8.330000 9.958047098011376e-02
8.340000 9.920310487980404e-02
8.350000 9.799534240090979e-02
8.360000 9.605990658568225e-02
8.370000 9.351392176548211e-02
8.380000 9.048275281097845e-02
8.390000 8.709384438234805e-02
8.400000 8.347056017947423e-02
8.410000 7.972608064632132e-02
8.420000 7.595882053917333e-02
8.430000 7.225170469859529e-02
8.440000 6.867296375440282e-02
8.450000 6.527698829172085e-02
8.460000 6.210518301704274e-02
8.470000 5.918682092428890e-02
8.480000 5.653989746086599e-02
8.490000 5.417198469372564e-02
8.500000 5.208108547542344e-02
8.510000 5.025649213618678e-02
8.520000 4.867976285727919e-02
8.530000 4.732599678183934e-02
8.540000 4.616522681334367e-02
8.550000 4.516381694071060e-02
8.560000 4.428585956340488e-02
8.570000 4.349457281654182e-02
8.580000 4.275369789599158e-02
8.590000 4.202889638348341e-02
8.600000 4.128914757171007e-02
8.610000 4.050812924637241e-02
8.620000 3.966516832733186e-02
8.630000 3.874509957978228e-02
8.640000 3.773769415784487e-02
8.650000 3.663707160243512e-02
8.660000 3.544111183912982e-02
8.670000 3.415086717603404e-02
8.680000 3.276997430164802e-02
8.690000 3.130406628273427e-02
8.700000 2.976018456218441e-02
8.710000 2.814619841504485e-02
8.720000 2.647041832757340e-02
8.730000 2.474170165975679e-02
8.740000 2.296975224449357e-02
8.750000 2.116542744629921e-02
8.760000 1.934104522001113e-02
8.770000 1.751069116949375e-02
8.780000 1.569052560634352e-02
8.790000 1.389909060859398e-02
8.800000 1.215761707942081e-02
8.810000 1.049031920265642e-02
8.820000 8.924361194754390e-03
8.830000 7.488992161211851e-03
8.840000 6.214353223690626e-03
8.850000 5.130272041372791e-03
8.860000 4.265057332316234e-03
8.870000 3.644293394810232e-03
8.880000 3.289634628731018e-03
8.890000 3.217600056897351e-03
8.900000 3.438367846426079e-03
8.910000 3.954584971848866e-03
8.920000 4.760570591372645e-03
8.930000 5.842518892213196e-03
8.940000 7.179095683267379e-03
8.950000 8.742050132966082e-03
8.960000 1.049682650712710e-02
8.970000 1.240317590680804e-02
8.980000 1.441576800615926e-02
8.990000 1.648480279027674e-02
9.000000 1.855662229305501e-02
9.010000 2.057433077487339e-02
9.020000 2.247863435264845e-02
9.030000 2.420923772777263e-02
9.040000 2.570646038729419e-02
9.050000 2.691286124701828e-02
9.060000 2.777486329460775e-02
9.070000 2.824437823268420e-02
9.080000 2.828043112192888e-02
9.090000 2.785078502418361e-02
9.100000 2.693356564555175e-02
9.110000 2.551885676956006e-02
9.120000 2.360953616908350e-02
9.130000 2.122018340314945e-02
9.140000 1.837522801397298e-02
9.150000 1.510706850619983e-02
9.160000 1.145419132614932e-02
9.170000 7.459289841057428e-03
9.180000 3.167383318319662e-03
9.190000 -1.376064095265922e-03
9.200000 -6.127024394255765e-03
9.210000 -1.104476080554800e-02
9.220000 -1.609300864512705e-02
9.230000 -2.123944456155599e-02
9.240000 -2.645448146993546e-02
9.250000 -3.171003754856357e-02
9.260000 -3.697830523559580e-02
9.270000 -4.223052022570494e-02
9.280000 -4.743573046674106e-02
9.290000 -5.255956515639134e-02
9.300000 -5.756300373884007e-02
9.310000 -6.240117352336648e-02
9.320000 -6.702289154473270e-02
9.330000 -7.137209576602688e-02
9.340000 -7.539002061256160e-02
9.350000 -7.901740113663666e-02
9.360000 -8.219667718230202e-02
9.370000 -8.487419755012052e-02
9.380000 -8.700242416193085e-02
9.390000 -8.854213622561020e-02
9.400000 -8.946463439983733e-02
9.410000 -8.975391095909080e-02
9.420000 -8.940793587410095e-02
9.430000 -8.843769853381848e-02
9.440000 -8.686536526948482e-02
9.450000 -8.472240286760334e-02
9.460000 -8.204770208290993e-02
9.470000 -7.888570115134443e-02
9.480000 -7.528450930302118e-02
9.490000 -7.129403027520025e-02
9.500000 -6.696408582525812e-02
9.510000 -6.234256433957084e-02
9.520000 -5.747422200735099e-02
9.530000 -5.240114061856403e-02
9.540000 -4.716383801586493e-02
9.550000 -4.180240365135322e-02
9.560000 -3.635763414332795e-02
9.570000 -3.087216883304273e-02
9.580000 -2.539162534146073e-02
9.590000 -1.996573512600969e-02
9.600000 -1.464947903733696e-02
9.610000 -9.504190592113701e-03
9.620000 -4.597819765911591e-03
9.630000 -3.065644337373374e-06
9.640000 4.205330527281712e-03
9.650000 7.953324590315556e-03
9.660000 1.117030871924868e-02
9.670000 1.379185066809786e-02
9.680000 1.576243301682969e-02
9.690000 1.703819241777813e-02
9.700000 1.758965884206211e-02
9.710000 1.740446000088221e-02
9.720000 1.648912020282563e-02
9.730000 1.486856029592421e-02
9.740000 1.258469190714153e-02
9.750000 9.694976842881248e-03
9.760000 6.270986489495417e-03
9.770000 2.396961213792758e-03
9.780000 -1.831630236452952e-03
9.790000 -6.309531331994629e-03
9.800000 -1.092313836160351e-02
9.810000 -1.555196382019899e-02
9.820000 -2.007069237802880e-02
9.830000 -2.435274121536927e-02
9.840000 -2.827441303386126e-02
9.850000 -3.171907186604279e-02
9.860000 -3.458131888488171e-02
9.870000 -3.677116821330818e-02
9.880000 -3.821822273374746e-02
9.890000 -3.887584989765241e-02
9.900000 -3.872535753503616e-02
9.910000 -3.778008605674994e-02
9.920000 -3.608732657323724e-02
9.930000 -3.372471971796964e-02
9.940000 -3.079448001868616e-02
9.950000 -2.741753662451087e-02
9.960000 -2.372767403307041e-02
9.970000 -1.986567281761146e-02
9.980000 -1.597345035411820e-02
9.990000 -1.218820154842993e-02
10.000000 -8.636539563358445e-03
10.010000 -5.428695639198808e-03
10.020000 -2.654255561064876e-03
10.030000 -3.817971919431115e-04
10.040000 1.339935074137906e-03
10.050000 2.480796738215742e-03
10.060000 3.028009622502366e-03
10.070000 2.984928296492405e-03
10.080000 2.369806503071383e-03
10.090000 1.214563584624004e-03
10.100000 -4.364490908576331e-04
10.110000 -2.527691687549015e-03
10.120000 -4.993939079184216e-03
10.130000 -7.762443122184347e-03
10.140000 -1.075535459672281e-02
10.150000 -1.389215513650586e-02
10.160000 -1.709208915855325e-02
10.170000 -2.027659579297879e-02
10.180000 -2.337174081277095e-02
10.190000 -2.631064856357344e-02
10.200000 -2.903593389346582e-02
10.210000 -3.150210224493610e-02
10.220000 -3.367712183511081e-02
10.230000 -3.554189400960700e-02
10.240000 -3.708889552370031e-02
10.250000 -3.832078896959083e-02
10.260000 -3.924903320366897e-02
10.270000 -3.989249377378144e-02
10.280000 -4.027605334649700e-02
10.290000 -4.042922213437248e-02
10.300000 -4.038474832321851e-02
10.310000 -4.017723729113976e-02
10.320000 -3.984199945076317e-02
10.330000 -3.941447850144405e-02
10.340000 -3.892990835099490e-02
10.350000 -3.842297883382183e-02
10.360000 -3.792750142906093e-02
10.370000 -3.747607497871490e-02
10.380000 -3.709975140578924e-02
10.390000 -3.682770143242892e-02
10.400000 -3.668688029805464e-02
10.410000 -3.670168895341711e-02
10.420000 -3.689351760866173e-02
10.430000 -3.727999061007856e-02
10.440000 -3.787409364604625e-02
10.450000 -3.868329642641241e-02
10.460000 -3.970867536187378e-02
10.470000 -4.094403624335646e-02
10.480000 -4.237503692139615e-02
10.490000 -4.397830998551837e-02
10.500000 -4.572058544361868e-02
10.510000 -4.755784597880075e-02
10.520000 -4.943532936865953e-02
10.530000 -5.128968162954465e-02
10.540000 -5.305195750897870e-02
10.550000 -5.465065357410379e-02
10.560000 -5.601474130012862e-02
10.570000 -5.707670015877520e-02
10.580000 -5.777555070672567e-02
10.590000 -5.805988767406917e-02
10.600000 -5.789091305274870e-02
10.610000 -5.724542713174700e-02
10.620000 -5.611772594850529e-02
10.630000 -5.451872240427158e-02
10.640000 -5.247397354690632e-02
10.650000 -5.002166577554911e-02
10.660000 -4.721060004528580e-02
10.670000 -4.409817707181566e-02
10.680000 -4.074838253611800e-02
10.690000 -3.722977228911935e-02
10.700000 -3.361345755636048e-02
10.710000 -2.997109311528203e-02
10.720000 -2.637294277517373e-02
10.730000 -2.288614111009260e-02
10.740000 -1.957303251266938e-02
10.750000 -1.648951322235623e-02
10.760000 -1.368337335367457e-02
10.770000 -1.119263892446265e-02
10.780000 -9.043913884123381e-03
10.790000 -7.250722141872014e-03
10.800000 -5.811849594983863e-03
10.810000 -4.709734526195550e-03
10.820000 -3.910115844615601e-03
10.830000 -3.364874703580688e-03
10.840000 -3.016134268976747e-03
10.850000 -2.800407887409169e-03
10.860000 -2.652747254372978e-03
10.870000 -2.510890582423033e-03
10.880000 -2.319410769344196e-03
10.890000 -2.033863566321538e-03
10.900000 -1.624935746110522e-03
10.910000 -1.082522958990621e-03
10.920000 -4.179791020898127e-04
10.930000 3.382764397848661e-04
10.940000 1.140980501284977e-03
10.950000 1.934318202008791e-03
10.960000 2.656215011989423e-03
10.970000 3.242628817182947e-03
10.980000 3.631841984956519e-03
10.990000 3.768753429576488e-03
11.000000 3.609170677696544e-03
11.010000 3.124047426926998e-03
11.020000 2.302303629082561e-03
11.030000 1.150046898062156e-03
11.040000 -3.116239269584494e-04
11.050000 -2.048869762189346e-03
11.060000 -4.017362259889224e-03
11.070000 -6.164534789028085e-03
11.080000 -8.431833415949974e-03
11.090000 -1.075696788503569e-02
11.100000 -1.307616259936553e-02
11.110000 -1.532640081334406e-02
11.120000 -1.744749229837823e-02
11.130000 -1.938369284145735e-02
11.140000 -2.108514716932635e-02
11.150000 -2.250932507987525e-02
11.160000 -2.362245757352867e-02
11.170000 -2.440097298463516e-02
11.180000 -2.483293311285674e-02
11.190000 -2.491946935455830e-02
11.200000 -2.467621883419699e-02
11.210000 -2.413471648483094e-02
11.220000 -2.334264155180433e-02
11.230000 -2.236115569080953e-02
11.240000 -2.126109517165537e-02
11.250000 -2.011911899940783e-02
11.260000 -1.901385703553041e-02
11.270000 -1.802205811902477e-02
11.280000 -1.721473818757121e-02
11.290000 -1.665332839866922e-02
11.300000 -1.638582325077800e-02
11.310000 -1.644298449708790e-02
11.320000 -1.683599599890081e-02
11.330000 -1.755780225895598e-02
11.340000 -1.858589830846372e-02
11.350000 -1.988517542817997e-02
11.360000 -2.141076686948095e-02
11.370000 -2.311089357543763e-02
11.380000 -2.492970990189037e-02
11.390000 -2.681014933852348e-02
11.400000 -2.869677022993981e-02
11.410000 -3.053857116625931e-02
11.420000 -3.229101759606928e-02
11.430000 -3.391606586366232e-02
11.440000 -3.538139823698210e-02
11.450000 -3.665962758192896e-02
11.460000 -3.772750203666528e-02
11.470000 -3.856510968592109e-02
11.480000 -3.915508323529945e-02
11.490000 -3.948180468558202e-02
11.500000 -3.953061000703455e-02
11.510000 -3.928701426157365e-02
11.520000 -3.873646849775255e-02
11.530000 -3.786546673437827e-02
11.540000 -3.666318487751541e-02
11.550000 -3.512314010140803e-02
11.560000 -3.324485022940172e-02
11.570000 -3.103549311486539e-02
11.580000 -2.851156602211324e-02
11.590000 -2.570054500732672e-02
11.600000 -2.264254429947641e-02
11.610000 -1.939192244682605e-02
11.620000 -1.601750402506648e-02
11.630000 -1.259928645682024e-02
11.640000 -9.223761963293111e-03
11.650000 -5.979186238559315e-03
11.660000 -2.950847123846836e-03
11.670000 -2.163332818226153e-04
11.680000 2.159197129122154e-03
11.690000 4.127747780586799e-03
11.700000 5.663215499875892e-03
11.710000 6.766031694030477e-03
11.720000 7.465465734511066e-03
11.730000 7.815992373848144e-03
11.740000 7.891320378288739e-03
11.750000 7.778331184293951e-03
11.760000 7.571017555036402e-03
11.770000 7.364422236897796e-03
11.780000 7.248576615966361e-03
11.790000 7.302439374534388e-03
11.800000 7.587835147595698e-03
11.810000 8.143480795296355e-03
11.820000 8.981290285681299e-03
11.830000 1.008846468701345e-02
11.840000 1.143186151496961e-02
11.850000 1.296245177024774e-02
11.860000 1.461977697617420e-02
11.870000 1.633640621631097e-02
11.880000 1.804239317206289e-02
11.890000 1.966973316028493e-02
11.900000 2.115682017088939e-02
11.910000 2.245285373836712e-02
11.920000 2.352094114546486e-02
11.930000 2.433788722295605e-02
11.940000 2.489267904444684e-02
11.950000 2.518492041138418e-02
11.960000 2.522326633806363e-02
11.970000 2.502385753663747e-02
11.980000 2.460875490212251e-02
11.990000 2.400437399740813e-02
12.000000 2.323991953826422e-02
12.010000 2.234582613948580e-02
12.020000 2.135236189530302e-02
12.030000 2.028864537926004e-02
12.040000 1.918182553426328e-02
12.050000 1.805626782935658e-02
12.060000 1.693274041649652e-02
12.070000 1.582760028732769e-02
12.080000 1.475197942995784e-02
12.090000 1.371097098573322e-02
12.100000 1.270281540601383e-02
12.110000 1.171811130168587e-02
12.120000 1.073966848442513e-02
12.130000 9.743991473576118e-03
12.140000 8.703405420571618e-03
12.150000 7.588206748668437e-03
12.160000 6.368813792683126e-03
12.170000 5.017917438727711e-03
12.180000 3.512631763945437e-03
12.190000 1.836644676246514e-03
12.200000 -1.763144595616332e-05
12.210000 -2.046940157170109e-03
12.220000 -4.235868702742855e-03
12.230000 -6.557585583850604e-03
12.240000 -8.975385767523030e-03
12.250000 -1.144426696888093e-02
12.260000 -1.391250593337388e-02
12.270000 -1.632323471901781e-02
12.280000 -1.861601697863271e-02
12.290000 -2.072842424208023e-02
12.300000 -2.259761219850133e-02
12.310000 -2.416191159304938e-02
12.320000 -2.536279921241549e-02
12.330000 -2.614783388871724e-02
12.340000 -2.647397273210587e-02
12.350000 -2.631090199186129e-02
12.360000 -2.564436791748740e-02
12.370000 -2.447950761980722e-02
12.380000 -2.284417993205804e-02
12.390000 -2.079229627098662e-02
12.400000 -1.840715149794439e-02
12.410000 -1.580403033570893e-02
12.420000 -1.311397256216011e-02
12.430000 -1.041970148289712e-02
12.440000 -7.672704088591201e-03
12.450000 -4.609586058852679e-03
12.460000 -6.684267660980927e-04
12.470000 5.094865720582725e-03
12.480000 1.409019963155957e-02
12.490000 2.827694449279476e-02
12.500000 5.024757612197604e-02
