1.940000 4.925440438045661e+01
1.950000 4.174232874101169e+01
1.960000 3.526254103687280e+01
1.970000 2.970642906055760e+01
1.980000 2.496538060458375e+01
1.990000 2.093078346146888e+01
2.000000 1.749402542373070e+01
2.010000 1.454649428388688e+01
2.020000 1.197957783445502e+01
2.030000 9.684663867952802e+00
2.040000 7.565767696108689e+00
2.050000 5.577414707494481e+00
2.060000 3.686757809892788e+00
2.070000 1.860949911086224e+00
2.080000 6.714391885740278e-02
2.090000 -1.727507259011065e+00
2.100000 -3.555850714736567e+00
2.110000 -5.450733540536488e+00
2.120000 -7.445002828628213e+00
2.130000 -9.571505671229133e+00
2.140000 -1.187566956173949e+01
2.150000 -1.445324359829099e+01
2.160000 -1.741255728019822e+01
2.170000 -2.086194010677578e+01
2.180000 -2.490972157733823e+01
2.190000 -2.966423119120018e+01
2.200000 -3.523379844767620e+01
2.210000 -4.172675284608089e+01
2.220000 -4.925142388572883e+01
2.230000 -5.791614106593458e+01
