3.300000 8.393469460913570e+00
3.310000 8.436756099740133e+00
3.320000 8.107733058246458e+00
3.330000 7.558151791926083e+00
3.340000 6.903266688086782e+00
3.350000 6.226500240293972e+00
3.360000 5.584108222814128e+00
3.370000 5.009844865058175e+00
3.380000 4.519628026024893e+00
3.390000 4.116204368744331e+00
3.400000 3.793814534721196e+00
3.410000 3.542819198846512e+00
3.420000 3.353308322576579e+00
3.430000 3.216129780548476e+00
3.440000 3.122901567966836e+00
3.450000 3.065984926709233e+00
3.460000 3.038457471431589e+00
3.470000 3.034086315673572e+00
3.480000 3.047301197963996e+00
3.490000 3.073167607926222e+00
3.500000 3.107359912383552e+00
3.510000 3.146134401454181e+00
3.520000 3.186300254986342e+00
3.530000 3.225185230828048e+00
3.540000 3.260599274202011e+00
3.550000 3.290798047146577e+00
3.560000 3.314446457956678e+00
3.570000 3.330582190624769e+00
3.580000 3.338579234281779e+00
3.590000 3.338111412638052e+00
3.600000 3.329115913424297e+00
3.610000 3.311756886394940e+00
3.620000 3.286390823441713e+00
3.630000 3.253536461712319e+00
3.640000 3.213846468198708e+00
3.650000 3.168079192823720e+00
3.660000 3.117070421527705e+00
3.670000 3.061705129355171e+00
3.680000 3.002889233541409e+00
3.690000 2.941521346599126e+00
3.700000 2.878464529405087e+00
3.710000 2.814518303740916e+00
3.720000 2.750397408747745e+00
3.730000 2.686727673541126e+00
3.740000 2.624048631371941e+00
3.750000 2.562816393004689e+00
3.760000 2.503406520095782e+00
3.770000 2.446116898571840e+00
3.780000 2.391170612007984e+00
3.790000 2.338718815006126e+00
3.800000 2.288843606573270e+00
3.810000 2.241560998866833e+00
3.820000 2.196826364802912e+00
3.830000 2.154546177084333e+00
3.840000 2.114592225242004e+00
3.850000 2.076815927958342e+00
3.860000 2.041062645390694e+00
3.870000 2.007185991494767e+00
3.880000 1.975062146348046e+00
3.890000 1.944604168473224e+00
3.900000 1.915776307161627e+00
3.910000 1.888608009761637e+00
3.920000 1.863200000178886e+00
3.930000 1.839710233817823e+00
3.940000 1.818331926386372e+00
3.950000 1.799271277930724e+00
3.960000 1.782725196870129e+00
3.970000 1.768859024031688e+00
3.980000 1.757784256685143e+00
3.990000 1.749536272577673e+00
4.000000 1.744052053968684e+00
4.010000 1.741148341768782e+00
4.020000 1.740510969470691e+00
4.030000 1.741712571925348e+00
4.040000 1.744241470264965e+00
4.050000 1.747530986565761e+00
4.060000 1.750988758510700e+00
4.070000 1.754026054052224e+00
4.080000 1.756087086074992e+00
4.090000 1.756678327058619e+00
4.100000 1.755397823740402e+00
4.110000 1.751964096867046e+00
4.120000 1.746234256001398e+00
4.130000 1.738194741510015e+00
4.140000 1.727941285031861e+00
4.150000 1.715658455378601e+00
4.160000 1.701599204434889e+00
4.170000 1.686064413058660e+00
4.180000 1.669382436981419e+00
4.190000 1.651888652708534e+00
4.200000 1.633905003419522e+00
4.210000 1.615719737645953e+00
4.220000 1.597572158926915e+00
4.230000 1.579650093670865e+00
4.240000 1.562092368445083e+00
4.250000 1.544991479887724e+00
4.260000 1.528396264619868e+00
4.270000 1.512314569157588e+00
4.280000 1.496715919823992e+00
4.290000 1.481534192661290e+00
4.300000 1.466670283342840e+00
4.310000 1.451994838241782e+00
4.320000 1.437352575187574e+00
4.330000 1.422570638976922e+00
4.340000 1.407468546094194e+00
4.350000 1.391868190540565e+00
4.360000 1.375603849663153e+00
4.370000 1.358532189984166e+00
4.380000 1.340542273030041e+00
4.390000 1.321565561160587e+00
4.400000 1.301585923398127e+00
4.410000 1.280649440842995e+00
4.420000 1.258869002554078e+00
4.430000 1.236415679160046e+00
4.440000 1.213504888459921e+00
4.450000 1.190382360762447e+00
4.460000 1.167310104225447e+00
4.470000 1.144552370195192e+00
4.480000 1.122361618545761e+00
4.490000 1.100964483018402e+00
4.500000 1.080547736560903e+00
4.510000 1.061244454045148e+00
4.520000 1.043125305650997e+00
4.530000 1.026202872398166e+00
4.540000 1.010441090886074e+00
4.550000 9.957648952660544e-01
4.560000 9.820698592135725e-01
4.570000 9.692318379004380e-01
4.580000 9.571166099670201e-01
4.590000 9.455895194944625e-01
4.600000 9.345251179768956e-01
4.610000 9.238166818609538e-01
4.620000 9.133824955491395e-01
4.630000 9.031639247902430e-01
4.640000 8.931202564259646e-01
4.650000 8.832234137940695e-01
4.660000 8.734526721315434e-01
4.670000 8.637893739777478e-01
4.680000 8.542116445775775e-01
4.690000 8.446891072846132e-01
4.700000 8.351775989642809e-01
4.710000 8.256139692257151e-01
4.720000 8.159130587336222e-01
4.730000 8.059702082909586e-01
4.740000 7.956659464186517e-01
4.750000 7.848707607057372e-01
4.760000 7.734498691594934e-01
4.770000 7.612679915555792e-01
4.780000 7.481941207881684e-01
4.790000 7.341062942200880e-01
4.800000 7.188963650329522e-01
4.810000 7.024747394876479e-01
4.820000 6.847742280376324e-01
4.830000 6.657516472831878e-01
4.840000 6.453885360081459e-01
4.850000 6.236918371499265e-01
4.860000 6.006945797695776e-01
4.870000 5.764565610218135e-01
4.880000 5.510650281250541e-01
4.890000 5.246353603314635e-01
4.900000 4.973117508969896e-01
4.910000 4.692678302399725e-01
4.920000 4.407057603093782e-01
4.930000 4.118514486641479e-01
4.940000 3.829482341456006e-01
4.950000 3.542505137767463e-01
4.960000 3.260173696616022e-01
4.970000 2.985061958845061e-01
4.980000 2.719663254094314e-01
4.990000 2.466326569793021e-01
5.000000 2.227192820153063e-01
5.010000 2.004131482464015e-01
5.020000 1.798686781385145e-01
5.030000 1.612048107522263e-01
5.040000 1.445029981686659e-01
5.050000 1.298052386224449e-01
5.060000 1.171121096345929e-01
5.070000 1.063808011454921e-01
5.080000 9.752314864781214e-02
5.090000 9.040366631944523e-02
5.100000 8.483758015644084e-02
5.110000 8.058900215380878e-02
5.120000 7.737277104413672e-02
5.130000 7.486559936277144e-02
5.140000 7.272088621252328e-02
5.150000 7.058367099040974e-02
5.160000 6.810558711439943e-02
5.170000 6.495981575015546e-02
5.180000 6.085603953777943e-02
5.190000 5.555539631855492e-02
5.200000 4.888543286169125e-02
5.210000 4.075481568653140e-02
5.220000 3.116172750729131e-02
5.230000 2.018623668261539e-02
5.240000 7.976353712989059e-03
5.250000 -5.266155023852019e-03
5.260000 -1.929995353751270e-02
5.270000 -3.385832248952900e-02
5.280000 -4.866334545795893e-02
5.290000 -6.344009520197315e-02
5.300000 -7.793081992644571e-02
5.310000 -9.190897554863395e-02
5.320000 -1.051892547154325e-01
5.330000 -1.176274548304422e-01
5.340000 -1.291163437017901e-01
5.350000 -1.395813712790564e-01
5.360000 -1.489763813902014e-01
5.370000 -1.572793234784916e-01
5.380000 -1.644879643394281e-01
5.390000 -1.706155998576720e-01
5.400000 -1.756867667439719e-01
5.410000 -1.797329908569757e-01
5.420000 -1.827894865730125e-01
5.430000 -1.848942701022564e-01
5.440000 -1.860882236540853e-01
5.450000 -1.864151961674451e-01
5.460000 -1.859221040412148e-01
5.470000 -1.846590318645716e-01
5.480000 -1.826793331473558e-01
5.490000 -1.800397310504353e-01
5.500000 -1.768004191160714e-01
5.510000 -1.730251637354808e-01
5.520000 -1.687814517762991e-01
5.530000 -1.641407528352089e-01
5.540000 -1.591788266414077e-01
5.550000 -1.539760321963671e-01
5.560000 -1.486176369135917e-01
5.570000 -1.431941257583781e-01
5.580000 -1.378015103875749e-01
5.590000 -1.325416382893411e-01
5.600000 -1.275225019229057e-01
5.610000 -1.228585012060541e-01
5.620000 -1.186694932301194e-01
5.630000 -1.150767636946382e-01
5.640000 -1.121977858027147e-01
5.650000 -1.101409325274323e-01
5.660000 -1.090001888782644e-01
5.670000 -1.088498641674865e-01
5.680000 -1.097393042765873e-01
5.690000 -1.116876039226802e-01
5.700000 -1.146783189249147e-01
5.710000 -1.186542967078841e-01
5.720000 -1.235155805145929e-01
5.730000 -1.291251153953377e-01
5.740000 -1.353175273408024e-01
5.750000 -1.419080205956137e-01
5.760000 -1.487012749718983e-01
5.770000 -1.555003431628388e-01
5.780000 -1.621155480562299e-01
5.790000 -1.683733800480357e-01
5.800000 -1.741253943559447e-01
5.810000 -1.792569848298237e-01
5.820000 -1.836929471324980e-01
5.830000 -1.873948925760726e-01
5.840000 -1.903554518922715e-01
5.850000 -1.925923555560421e-01
5.860000 -1.941425141091593e-01
5.870000 -1.950560984838302e-01
5.880000 -1.953906203262984e-01
5.890000 -1.952050123204480e-01
5.900000 -1.945537085114088e-01
5.910000 -1.934807956698789e-01
5.920000 -1.920160114680606e-01
5.930000 -1.901754303238817e-01
5.940000 -1.879639957480253e-01
5.950000 -1.853781237007960e-01
5.960000 -1.824083059489874e-01
5.970000 -1.790417134227489e-01
5.980000 -1.752647995724526e-01
5.990000 -1.710659037255609e-01
6.000000 -1.664378544434930e-01
6.010000 -1.613805598021005e-01
6.020000 -1.559032577291649e-01
6.030000 -1.500259034782619e-01
6.040000 -1.437802172136478e-01
6.050000 -1.372107185241539e-01
6.060000 -1.303757609370817e-01
6.070000 -1.233485664320975e-01
6.080000 -1.162182599551270e-01
6.090000 -1.090909039322501e-01
6.100000 -1.020905327835958e-01
6.110000 -9.536010761741634e-02
6.120000 -8.906039585867809e-02
6.130000 -8.336358380010062e-02
6.140000 -7.844481439998892e-02
6.150000 -7.447364529147359e-02
6.160000 -7.160550679175073e-02
6.170000 -6.997315991132186e-02
6.180000 -6.967815436323378e-02
6.190000 -7.078228657231878e-02
6.200000 -7.329905768443416e-02
6.210000 -7.718528627066615e-02
6.220000 -8.233674264325956e-02
6.230000 -8.859399115273175e-02
6.240000 -9.575225352511971e-02
6.250000 -1.035714268370316e-01
6.260000 -1.117861014906981e-01
6.270000 -1.201155791890240e-01
6.280000 -1.282738909106395e-01
6.290000 -1.359798148849516e-01
6.300000 -1.429668945671959e-01
6.310000 -1.489933895029490e-01
6.320000 -1.538504815053682e-01
6.330000 -1.573660523071210e-01
6.340000 -1.594067167584287e-01
6.350000 -1.598797889379102e-01
6.360000 -1.587352482634259e-01
6.370000 -1.559677056029210e-01
6.380000 -1.516183693852693e-01
6.390000 -1.457770117111173e-01
6.400000 -1.385839344637271e-01
6.410000 -1.302318112555505e-01
6.420000 -1.209643014276425e-01
6.430000 -1.110664705431899e-01
6.440000 -1.008519833386988e-01
6.450000 -9.065017255139277e-02
6.460000 -8.079310774661089e-02
6.470000 -7.160266414520629e-02
6.480000 -6.337759145094407e-02
6.490000 -5.638058267790004e-02
6.500000 -5.082534297785855e-02
6.510000 -4.686383354581770e-02
6.520000 -4.457806713001806e-02
6.530000 -4.398345693877381e-02
6.540000 -4.503671661906219e-02
6.550000 -4.764393525994343e-02
6.560000 -5.166865239598048e-02
6.570000 -5.693993301065890e-02
6.580000 -6.326044253980670e-02
6.590000 -7.041452187501408e-02
6.600000 -7.817626236705330e-02
6.610000 -8.631754040286836e-02
6.620000 -9.461500098677474e-02
6.630000 -1.028543735542602e-01
6.640000 -1.108337369042283e-01
6.650000 -1.183667437162343e-01
6.660000 -1.252858450677224e-01
6.670000 -1.314455149512615e-01
6.680000 -1.367254747917818e-01
6.690000 -1.410339179638116e-01
6.700000 -1.443107343087131e-01
6.710000 -1.465306656411997e-01
6.720000 -1.477046671211580e-01
6.730000 -1.478767145120251e-01
6.740000 -1.471188174844751e-01
6.750000 -1.455259639273871e-01
6.760000 -1.432110642588126e-01
6.770000 -1.402998957369441e-01
6.780000 -1.369260467710815e-01
6.790000 -1.332258612326009e-01
6.800000 -1.293333827659217e-01
6.810000 -1.253753405266428e-01
6.820000 -1.214672119468062e-01
6.830000 -1.177120193663749e-01
6.840000 -1.142002035927849e-01
6.850000 -1.110095388777615e-01
6.860000 -1.082050478941340e-01
6.870000 -1.058389167126513e-01
6.880000 -1.039504097787974e-01
6.890000 -1.025657848896063e-01
6.900000 -1.016982081704781e-01
6.910000 -1.013476930325352e-01
6.920000 -1.015016625823477e-01
6.930000 -1.021370945753567e-01
6.940000 -1.032232897695406e-01
6.950000 -1.047246642544098e-01
6.960000 -1.066035417800016e-01
6.970000 -1.088229460858748e-01
6.980000 -1.113493932301047e-01
6.990000 -1.141556839182779e-01
7.000000 -1.172236958324869e-01
7.010000 -1.205471168200603e-01
7.020000 -1.241326405279723e-01
7.030000 -1.279972591615968e-01
7.040000 -1.321640188048382e-01
7.050000 -1.366577156115682e-01
7.060000 -1.415005919970616e-01
7.070000 -1.467080328294327e-01
7.080000 -1.522842616210721e-01
7.090000 -1.582180367200819e-01
7.100000 -1.644783475017133e-01
7.110000 -1.710101881796649e-01
7.120000 -1.777323496258411e-01
7.130000 -1.845403336556398e-01
7.140000 -1.913112851867201e-01
7.150000 -1.979090020041341e-01
7.160000 -2.041889445254599e-01
7.170000 -2.100032455659340e-01
7.180000 -2.152057201035831e-01
7.190000 -2.196568750443569e-01
7.200000 -2.232289189872610e-01
7.210000 -2.258107420800525e-01
7.220000 -2.273121182660159e-01
7.230000 -2.276659336581651e-01
7.240000 -2.268296373500336e-01
7.250000 -2.247866623215814e-01
7.260000 -2.215478463451015e-01
7.270000 -2.171528528911263e-01
7.280000 -2.116715920343335e-01
7.290000 -2.052056413594535e-01
7.300000 -1.978896668671748e-01
7.310000 -1.898927473202335e-01
7.320000 -1.814171881349941e-01
7.330000 -1.726909627406696e-01
7.340000 -1.639576436099724e-01
7.350000 -1.554662367425425e-01
7.360000 -1.474610161483749e-01
7.370000 -1.401713583312478e-01
7.380000 -1.338015767721498e-01
7.390000 -1.285207564127079e-01
7.400000 -1.244525881386152e-01
7.410000 -1.216653586901465e-01
7.420000 -1.201659815418081e-01
7.430000 -1.199042854122953e-01
7.440000 -1.207813435746514e-01
7.450000 -1.226579585766200e-01
7.460000 -1.253631469609992e-01
7.470000 -1.287026239859939e-01
7.480000 -1.324672883455695e-01
7.490000 -1.364417068898048e-01
7.500000 -1.404125993452452e-01
7.510000 -1.441772697296759e-01
7.520000 -1.475506518588962e-01
7.530000 -1.503688368381736e-01
7.540000 -1.524912146920495e-01
7.550000 -1.538025626932001e-01
7.560000 -1.542151336912969e-01
7.570000 -1.536707444418682e-01
7.580000 -1.521428639351597e-01
7.590000 -1.496387017249949e-01
7.600000 -1.462012962576367e-01
7.610000 -1.419115144046280e-01
7.620000 -1.368877423454441e-01
7.630000 -1.312797161039358e-01
7.640000 -1.252600434924926e-01
7.650000 -1.190156372659758e-01
7.660000 -1.127391482756531e-01
7.670000 -1.066203986231322e-01
7.680000 -1.008378148142949e-01
7.690000 -9.554986091323053e-02
7.700000 -9.088647169617048e-02
7.710000 -8.694060261987664e-02
7.720000 -8.376281692523033e-02
7.730000 -8.136358232725190e-02
7.740000 -7.971860478953208e-02
7.750000 -7.877427910804015e-02
7.760000 -7.845313949493155e-02
7.770000 -7.865931016235600e-02
7.780000 -7.928395590626519e-02
7.790000 -8.021073269022087e-02
7.800000 -8.132123822920255e-02
7.810000 -8.250041938972227e-02
7.820000 -8.364085682142601e-02
7.830000 -8.464419949592250e-02
7.840000 -8.542147648648646e-02
7.850000 -8.589336556500751e-02
7.860000 -8.599046179893871e-02
7.870000 -8.565354614824552e-02
7.880000 -8.483385406235448e-02
7.890000 -8.349334407710204e-02
7.900000 -8.160496641168324e-02
7.910000 -7.915292374671645e-02
7.920000 -7.613272871131788e-02
7.930000 -7.255074532381790e-02
7.940000 -6.842352714148724e-02
7.950000 -6.377714759137909e-02
7.960000 -5.864653030117119e-02
7.970000 -5.307477943000798e-02
7.980000 -4.711250999934256e-02
7.990000 -4.081717822377887e-02
8.000000 -3.425241184191374e-02
8.010000 -2.748733569900762e-02
8.020000 -2.059577387637219e-02
8.030000 -1.365513843803768e-02
8.040000 -6.745194723104864e-03
8.050000 5.317811017752325e-05
8.060000 6.659226540335388e-03
8.070000 1.299356213859187e-02
8.080000 1.897940102478993e-02
8.090000 2.454380332331497e-02
8.100000 2.961891261901741e-02
8.110000 3.414320041272231e-02
8.120000 3.806284056774067e-02
8.130000 4.133341373629788e-02
8.140000 4.392174177913757e-02
8.150000 4.580772718492995e-02
8.160000 4.698619248968009e-02
8.170000 4.746871969613620e-02
8.180000 4.728548969319793e-02
8.190000 4.648712167532473e-02
8.200000 4.514651256194402e-02
8.210000 4.336060065330454e-02
8.220000 4.125015939436814e-02
8.230000 3.895459058100705e-02
8.240000 3.662474762482706e-02
8.250000 3.441568304949445e-02
8.260000 3.247939598706277e-02
8.270000 3.095757967429969e-02
8.280000 2.997436894901392e-02
8.290000 2.962908774638202e-02
8.300000 2.998899659527523e-02
8.310000 3.108216142262061e-02
8.320000 3.289347645104195e-02
8.330000 3.536869377487036e-02
8.340000 3.842160713492472e-02
8.350000 4.194135701187527e-02
8.360000 4.579973571960728e-02
8.370000 4.985849249858469e-02
8.380000 5.397663860921374e-02
8.390000 5.801775242520654e-02
8.400000 6.185728452694487e-02
8.410000 6.538977862059800e-02
8.420000 6.853390385365558e-02
8.430000 7.123193132830503e-02
8.440000 7.344702191972534e-02
8.450000 7.516042991098471e-02
8.460000 7.636870662793875e-02
8.470000 7.708090407412853e-02
8.480000 7.731577856567834e-02
8.490000 7.709899436619388e-02
8.500000 7.646032732166017e-02
8.510000 7.543089962818768e-02
8.520000 7.404122408629786e-02
8.530000 7.232130325719829e-02
8.540000 7.030153814620826e-02
8.550000 6.801366802309305e-02
8.560000 6.549171024239880e-02
8.570000 6.277290006378686e-02
8.580000 5.989863047236850e-02
8.590000 5.691539199903944e-02
8.600000 5.387571254081443e-02
8.610000 5.083906160459782e-02
8.620000 4.787182951697795e-02
8.630000 4.504495840213278e-02
8.640000 4.243064807161689e-02
8.650000 4.009902633217034e-02
8.660000 3.811481929352744e-02
8.670000 3.653402167622555e-02
8.680000 3.540056711941381e-02
8.690000 3.474299848866200e-02
8.700000 3.457113818376936e-02
8.710000 3.487282702906757e-02
8.720000 3.561244640399949e-02
8.730000 3.673396721194769e-02
8.740000 3.816578220862305e-02
8.750000 3.982560692487574e-02
8.760000 4.162538058950668e-02
8.770000 4.347616705207860e-02
8.780000 4.529305570572736e-02
8.790000 4.700006240997313e-02
8.800000 4.853503041353155e-02
8.810000 4.985445824745808e-02
8.820000 5.093642873263759e-02
8.830000 5.177871755770670e-02
8.840000 5.239500282842336e-02
8.850000 5.281100157307963e-02
8.860000 5.306060624791449e-02
8.870000 5.318202124252651e-02
8.880000 5.321389938528667e-02
8.890000 5.319147844875124e-02
8.900000 5.314271765507426e-02
8.910000 5.308449068678575e-02
8.920000 5.302024793533603e-02
8.930000 5.294140850912579e-02
8.940000 5.283022160215389e-02
8.950000 5.266268438031540e-02
8.960000 5.241145986769959e-02
8.970000 5.204879483288810e-02
8.980000 5.154943767525286e-02
8.990000 5.089355631125416e-02
9.000000 5.006965606073876e-02
9.010000 4.907745414731268e-02
9.020000 4.792962608165865e-02
9.030000 4.665068823140181e-02
9.040000 4.527475217015872e-02
9.050000 4.384323563028480e-02
9.060000 4.240257345562199e-02
9.070000 4.100192855424627e-02
9.080000 3.969090285121524e-02
9.090000 3.851724824131580e-02
9.100000 3.752457754181151e-02
9.110000 3.675010053089918e-02
9.120000 3.622301226694975e-02
9.130000 3.596453728050217e-02
9.140000 3.598862611249126e-02
9.150000 3.630267694472944e-02
9.160000 3.690825723038851e-02
9.170000 3.780182532448123e-02
9.180000 3.897545211434318e-02
9.190000 4.041754265011438e-02
9.200000 4.211355777522102e-02
9.210000 4.404672513206730e-02
9.220000 4.619847389916715e-02
9.230000 4.854816819304703e-02
9.240000 5.107256417155765e-02
9.250000 5.374525650939291e-02
9.260000 5.653612487360873e-02
9.270000 5.941078039914182e-02
9.280000 6.233001216432867e-02
9.290000 6.524923366642429e-02
9.300000 6.811792929712109e-02
9.310000 7.087913024632848e-02
9.320000 7.346965561238737e-02
9.330000 7.582229607308084e-02
9.340000 7.786876285265765e-02
9.350000 7.954266612607426e-02
9.360000 8.078249342323701e-02
9.370000 8.153458803324395e-02
9.380000 8.175612740862712e-02
9.390000 8.141810156959446e-02
9.400000 8.050829150827195e-02
9.410000 7.903419471437213e-02
9.420000 7.702457572000039e-02
9.430000 7.452752608954226e-02
9.440000 7.160714925623042e-02
9.450000 6.834019246289179e-02
9.460000 6.481267870269529e-02
9.470000 6.111653865989904e-02
9.480000 5.734624265059807e-02
9.490000 5.359543256347144e-02
9.500000 4.995355380052995e-02
9.510000 4.650251485999538e-02
9.520000 4.331406569153095e-02
9.530000 4.044900074949038e-02
9.540000 3.795708091468111e-02
9.550000 3.587698306787602e-02
9.560000 3.423624966332503e-02
9.570000 3.305123830226674e-02
9.580000 3.232707130643997e-02
9.590000 3.205758529159546e-02
9.600000 3.222528074100741e-02
9.610000 3.280128582046483e-02
9.620000 3.374569051384111e-02
9.630000 3.500882087002108e-02
9.640000 3.653288362304763e-02
9.650000 3.825362505901221e-02
9.660000 4.010198988294527e-02
9.670000 4.200578008570675e-02
9.680000 4.389131381087648e-02
9.690000 4.568508422164468e-02
9.700000 4.731541836770246e-02
9.710000 4.871413837015253e-02
9.720000 4.981828288220769e-02
9.730000 5.057198156917136e-02
9.740000 5.092838987327811e-02
9.750000 5.085162609746175e-02
9.760000 5.031870848912335e-02
9.770000 4.932149232389931e-02
9.780000 4.786860698942946e-02
9.790000 4.598739306912512e-02
9.800000 4.372583942593711e-02
9.810000 4.115445511737681e-02
9.820000 3.836644670775559e-02
9.830000 3.547359355473598e-02
9.840000 3.260042822387061e-02
9.850000 2.987835170747067e-02
9.860000 2.743974864347462e-02
9.870000 2.541210253431672e-02
9.880000 2.391211096579562e-02
9.890000 2.303980082594304e-02
9.900000 2.287264352389229e-02
9.910000 2.345974352519473e-02
9.920000 2.481793336981589e-02
9.930000 2.693270862774954e-02
9.940000 2.976106965614793e-02
9.950000 3.323443670478363e-02
9.960000 3.726156502151132e-02
9.970000 4.173145995772956e-02
9.980000 4.651629207384261e-02
9.990000 5.147431224472224e-02
10.000000 5.645276676516944e-02
10.010000 6.129082877090269e-02
10.020000 6.582295392282360e-02
10.030000 6.988331316185055e-02
10.040000 7.331064980153053e-02
10.050000 7.595315294362777e-02
10.060000 7.767333089371233e-02
10.070000 7.835288457674829e-02
10.080000 7.789758095268254e-02
10.090000 7.624212643203324e-02
10.100000 7.335504029147806e-02
10.110000 6.924343943318324e-02
10.120000 6.395551774213620e-02
10.130000 5.757717273091182e-02
10.140000 5.022632635833283e-02
10.150000 4.204715714945963e-02
10.160000 3.320433231558013e-02
10.170000 2.387723987419943e-02
10.180000 1.425422076902958e-02
10.190000 4.526800989979429e-03
10.200000 -5.116076306855701e-03
10.210000 -1.449378174294506e-02
10.220000 -2.343877017057621e-02
10.230000 -3.179891272347153e-02
10.240000 -3.943886819217985e-02
10.250000 -4.624141744473617e-02
10.260000 -5.210879784732130e-02
10.270000 -5.696403768492168e-02
10.280000 -6.075229058198906e-02
10.290000 -6.344216992310014e-02
10.300000 -6.502708327361657e-02
10.310000 -6.552651789658079e-02
10.320000 -6.498605456762145e-02
10.330000 -6.347415289935099e-02
10.340000 -6.107766470855563e-02
10.350000 -5.789729845410001e-02
10.360000 -5.404308367483203e-02
10.370000 -4.962983542748747e-02
10.380000 -4.477261872459482e-02
10.390000 -3.958221297237999e-02
10.400000 -3.416057640867106e-02
10.410000 -2.859637128684809e-02
10.420000 -2.296206872110803e-02
10.430000 -1.731506386034144e-02
10.440000 -1.170037105355562e-02
10.450000 -6.153379794366009e-03
10.460000 -7.026106654875637e-04
10.470000 4.627528716773912e-03
10.480000 9.813987758030308e-03
10.490000 1.483231694131988e-02
10.500000 1.965391188261585e-02
10.510000 2.424330397749659e-02
10.520000 2.855666262871279e-02
10.530000 3.254337335958156e-02
10.540000 3.614882777169352e-02
10.550000 3.931726012012279e-02
10.560000 4.199458388863727e-02
10.570000 4.413122836490865e-02
10.580000 4.568497521572262e-02
10.590000 4.662379506218897e-02
10.600000 4.692868405495174e-02
10.610000 4.659645563741153e-02
10.620000 4.564136698681833e-02
10.630000 4.409378699603618e-02
10.640000 4.199769867007406e-02
10.650000 3.940815668431855e-02
10.660000 3.638874494276671e-02
10.670000 3.300903413625864e-02
10.680000 2.934203930071031e-02
10.690000 2.546167737534622e-02
10.700000 2.144022476093217e-02
10.710000 1.734580498910056e-02
10.720000 1.324065942673083e-02
10.730000 9.181405917389234e-03
10.740000 5.220080641164524e-03
10.750000 1.405210103930242e-03
10.760000 -2.217116873392950e-03
10.770000 -5.602177165574934e-03
10.780000 -8.705541353813802e-03
10.790000 -1.148200173647354e-02
10.800000 -1.388450033982168e-02
10.810000 -1.586309293785453e-02
10.820000 -1.736484949003165e-02
10.830000 -1.833613192806530e-02
10.840000 -1.872580858770460e-02
10.850000 -1.848850467231578e-02
10.860000 -1.758785271646240e-02
10.870000 -1.599974304948568e-02
10.880000 -1.371557425908464e-02
10.890000 -1.074550365489643e-02
10.900000 -7.121697732076555e-03
10.910000 -2.901507634396381e-03
10.920000 1.831305786567882e-03
10.930000 6.970298558543279e-03
10.940000 1.239202106887015e-02
10.950000 1.796177059422402e-02
10.960000 2.353934383033762e-02
10.970000 2.898478942172293e-02
10.980000 3.416416049139308e-02
10.990000 3.895526717058438e-02
11.000000 4.325342912847834e-02
11.010000 4.697715063879748e-02
11.020000 5.007178118743940e-02
11.030000 5.250806179074859e-02
11.040000 5.427865633261630e-02
11.050000 5.539460538623332e-02
11.060000 5.588178003584244e-02
11.070000 5.577733569849141e-02
11.080000 5.512616594578545e-02
11.090000 5.397735632564002e-02
11.100000 5.238063818403354e-02
11.110000 5.038287970452089e-02
11.120000 4.802554481668210e-02
11.130000 4.534460933134389e-02
11.140000 4.237144520373242e-02
11.150000 3.913374204028682e-02
11.160000 3.565642860547241e-02
11.170000 3.196259432859419e-02
11.180000 2.807441081061020e-02
11.190000 2.401405333094490e-02
11.200000 1.980462235430249e-02
11.210000 1.547105592654131e-02
11.220000 1.104080513383643e-02
11.230000 6.543908024129624e-03
11.240000 2.012826526483103e-03
11.250000 -2.517725747044270e-03
11.260000 -7.010955699520766e-03
11.270000 -1.142816294726556e-02
11.280000 -1.572891201797254e-02
11.290000 -1.987120454883407e-02
11.300000 -2.381165148466478e-02
11.310000 -2.750565921486523e-02
11.320000 -3.090797820265557e-02
11.330000 -3.397417191779854e-02
11.340000 -3.666244836465680e-02
11.350000 -3.893550555939655e-02
11.360000 -4.076237700719119e-02
11.370000 -4.212027717942495e-02
11.380000 -4.299644699089644e-02
11.390000 -4.338999927702240e-02
11.400000 -4.331376427104121e-02
11.410000 -4.279609041838928e-02
11.420000 -4.188148368566292e-02
11.430000 -4.062829800130655e-02
11.440000 -3.910526385093137e-02
11.450000 -3.738797217581111e-02
11.460000 -3.555535827137777e-02
11.470000 -3.368618568571741e-02
11.480000 -3.185553011806585e-02
11.490000 -3.013126331730444e-02
11.500000 -2.857053698045586e-02
11.510000 -2.721630980729786e-02
11.520000 -2.609499688428490e-02
11.530000 -2.521696848706362e-02
11.540000 -2.457817155017199e-02
11.550000 -2.416179432664404e-02
11.560000 -2.393993104761450e-02
11.570000 -2.387524658192368e-02
11.580000 -2.392264109572212e-02
11.590000 -2.403091471207533e-02
11.600000 -2.414443217056856e-02
11.610000 -2.420480324495375e-02
11.620000 -2.415297297131068e-02
11.630000 -2.393235232536411e-02
11.640000 -2.349235883711553e-02
11.650000 -2.279197297619721e-02
11.660000 -2.180329453722633e-02
11.670000 -2.051509902515899e-02
11.680000 -1.893639404064431e-02
11.690000 -1.709997566537844e-02
11.700000 -1.506598484745868e-02
11.710000 -1.292535027222366e-02
11.720000 -1.080027910542612e-02
11.730000 -8.837252683265092e-03
11.740000 -7.197069136634521e-03
11.750000 -6.044772407046287e-03
11.760000 -5.539581262553319e-03
11.770000 -5.824818313672624e-03
11.780000 -7.017839029308416e-03
11.790000 -9.199960752675120e-03
11.800000 -1.240639171722053e-02
11.810000 -1.661633702739083e-02
11.820000 -2.174770692577658e-02
11.830000 -2.766350969218733e-02
11.840000 -3.418284833009778e-02
11.850000 -4.109209436803492e-02
11.860000 -4.815606166096537e-02
11.870000 -5.512918019168243e-02
11.880000 -6.176666987219333e-02
11.890000 -6.783571434510648e-02
11.900000 -7.312663478501870e-02
11.910000 -7.746394096975356e-02
11.920000 -8.071419051381107e-02
11.930000 -8.278574438931845e-02
11.940000 -8.362532954150931e-02
11.950000 -8.321447866728544e-02
11.960000 -8.156596999377888e-02
11.970000 -7.872026705691364e-02
11.980000 -7.474195847996787e-02
11.990000 -6.971619775213561e-02
12.000000 -6.374514300708883e-02
12.010000 -5.694440619610534e-02
12.020000 -4.943974658691368e-02
12.030000 -4.136438458029014e-02
12.040000 -3.285655993614420e-02
12.050000 -2.405709940254713e-02
12.060000 -1.510698434476055e-02
12.070000 -6.144918374265121e-03
12.080000 2.695105022210798e-03
12.090000 1.128623485366263e-02
12.100000 1.951119499578092e-02
12.110000 2.726469232822557e-02
12.120000 3.445519461873171e-02
12.130000 4.100510825284653e-02
12.140000 4.685032548913257e-02
12.150000 5.193974745853710e-02
12.160000 5.623480716376172e-02
12.170000 5.970899247863197e-02
12.180000 6.234736914746666e-02
12.190000 6.414610378444767e-02
12.200000 6.511198687298916e-02
12.210000 6.526195856660851e-02
12.220000 6.462270734977837e-02
12.230000 6.323045368429221e-02
12.240000 6.113080654181138e-02
12.250000 5.837862274053358e-02
12.260000 5.503786628186116e-02
12.270000 5.118146768706947e-02
12.280000 4.689118333397516e-02
12.290000 4.225745479360456e-02
12.300000 3.737926816686207e-02
12.310000 3.236402224643058e-02
12.320000 2.732762620225335e-02
12.330000 2.239518001098405e-02
12.340000 1.770188449347380e-02
12.350000 1.339396018593594e-02
12.360000 9.629566211110772e-03
12.370000 6.579719149430360e-03
12.380000 4.429211910183306e-03
12.390000 3.377532602679484e-03
12.400000 3.639783407414833e-03
12.410000 5.446045020045370e-03
12.420000 9.000313820936237e-03
12.430000 1.433679665530828e-02
12.440000 2.113576312516338e-02
12.450000 2.853784193263938e-02
12.460000 3.495831722336495e-02
12.470000 3.790142492981455e-02
12.480000 3.377464911466333e-02
12.490000 1.770301831414200e-02
12.500000 -1.665659811860818e-02
