3.210000 3.605828699393497e+00
3.220000 4.089706419136827e+00
3.230000 4.535224220062642e+00
3.240000 4.929202545137350e+00
3.250000 5.263735030283064e+00
3.260000 5.535404080195718e+00
3.270000 5.744496444163198e+00
3.280000 5.894218791883446e+00
3.290000 5.989913289282596e+00
3.300000 6.038273174333081e+00
3.310000 6.046558332871759e+00
3.320000 6.021818129488059e+00
3.330000 5.970302870232685e+00
3.340000 5.897354099947804e+00
3.350000 5.807483531417778e+00
3.360000 5.704459229589951e+00
3.370000 5.591391795795402e+00
3.380000 5.470820551969723e+00
3.390000 5.344799724873795e+00
3.400000 5.214984630314539e+00
3.410000 5.082717857365708e+00
3.420000 4.949114809926436e+00
3.430000 4.815132539062551e+00
3.440000 4.681596159642521e+00
3.450000 4.549208557756136e+00
3.460000 4.418559455470977e+00
3.470000 4.290134475588910e+00
3.480000 4.164324206402557e+00
3.490000 4.041433266451780e+00
3.500000 3.921689369280153e+00
3.510000 3.805252388191451e+00
3.520000 3.692223395375156e+00
3.530000 3.582653034626795e+00
3.540000 3.476548202424359e+00
3.550000 3.373878062599560e+00
3.560000 3.274580035378106e+00
3.570000 3.178565786419987e+00
3.580000 3.085727215859750e+00
3.590000 2.995942447346784e+00
3.600000 2.909081817085601e+00
3.610000 2.825013862876114e+00
3.620000 2.743611266376342e+00
3.630000 2.664755579148130e+00
3.640000 2.588338861382819e+00
3.650000 2.514264104409930e+00
3.660000 2.442445606428279e+00
3.670000 2.372809348237078e+00
3.680000 2.305293368967050e+00
3.690000 2.239848141811535e+00
3.700000 2.176436949757600e+00
3.710000 2.115036261317148e+00
3.720000 2.055636066303888e+00
3.730000 1.998239172802784e+00
3.740000 1.942857867166520e+00
3.750000 1.889509535204452e+00
3.760000 1.838212243417410e+00
3.770000 1.788980320232507e+00
3.780000 1.741819937237948e+00
3.790000 1.696724690417837e+00
3.800000 1.653671181386979e+00
3.810000 1.612614598625697e+00
3.820000 1.573484380300294e+00
3.830000 1.536181998310744e+00
3.840000 1.500584126992085e+00
3.850000 1.466547933043030e+00
3.860000 1.433916447040243e+00
3.870000 1.402523934952612e+00
3.880000 1.372201269655523e+00
3.890000 1.342781302445132e+00
3.900000 1.314104234552645e+00
3.910000 1.286022988658584e+00
3.920000 1.258408523453736e+00
3.930000 1.231153667413437e+00
3.940000 1.204173193651907e+00
3.950000 1.177402413989925e+00
3.960000 1.150795716069178e+00
3.970000 1.124325100466604e+00
3.980000 1.097978717808743e+00
3.990000 1.071759405886080e+00
4.000000 1.045683226767390e+00
4.010000 1.019778003914087e+00
4.020000 9.940818507986432e-01
4.030000 9.686414786288976e-01
4.040000 9.435099433411761e-01
4.050000 9.187441716992988e-01
4.060000 8.944024788976634e-01
4.070000 8.705420861643270e-01
4.080000 8.472166383640897e-01
4.090000 8.244737216015736e-01
4.100000 8.023523808243087e-01
4.110000 7.808806374258142e-01
4.120000 7.600730467037292e-01
4.130000 7.399292915492671e-01
4.140000 7.204354065700048e-01
4.150000 7.015660384439985e-01
4.160000 6.832867461289427e-01
4.170000 6.655563010713341e-01
4.180000 6.483289874156318e-01
4.190000 6.315569022134210e-01
4.200000 6.151922556325737e-01
4.210000 5.991896711664124e-01
4.220000 5.835084529120161e-01
4.230000 5.681139966463368e-01
4.240000 5.529770274659733e-01
4.250000 5.380719812247533e-01
4.260000 5.233753530404606e-01
4.270000 5.088640458015629e-01
4.280000 4.945137186739388e-01
4.290000 4.802971356076062e-01
4.300000 4.661825138434489e-01
4.310000 4.521318724199457e-01
4.320000 4.380994323348748e-01
4.330000 4.240313597364804e-01
4.340000 4.098689183432574e-01
4.350000 3.955529648931965e-01
4.360000 3.810284962480068e-01
4.370000 3.662491964973393e-01
4.380000 3.511819840630097e-01
4.390000 3.358115588032221e-01
4.400000 3.201449491167913e-01
4.410000 3.042160590473669e-01
4.420000 2.880901136822336e-01
4.430000 2.718654602101324e-01
4.440000 2.556686564212105e-01
4.450000 2.396469148659918e-01
4.460000 2.239604453089243e-01
4.470000 2.087747971819283e-01
4.480000 1.942532020379442e-01
4.490000 1.805489160044803e-01
4.500000 1.677975622371607e-01
4.510000 1.561094733732734e-01
4.520000 1.455621281004683e-01
4.530000 1.361950347193723e-01
4.540000 1.280108263061441e-01
4.550000 1.209788028689455e-01
4.560000 1.150385676195631e-01
4.570000 1.101036632450304e-01
4.580000 1.060652081792491e-01
4.590000 1.027955328746115e-01
4.600000 1.001518160736220e-01
4.610000 9.797972108051883e-02
4.620000 9.611704570578582e-02
4.630000 9.439772770579581e-02
4.640000 9.265675263317399e-02
4.650000 9.073541718229348e-02
4.660000 8.848660620766052e-02
4.670000 8.578006974229942e-02
4.680000 8.250770001613787e-02
4.690000 7.858880847439220e-02
4.700000 7.397540279595215e-02
4.710000 6.865746391176651e-02
4.720000 6.266810560841110e-02
4.730000 5.608568134642005e-02
4.740000 4.902814170070700e-02
4.750000 4.164433901574911e-02
4.760000 3.410521464595426e-02
4.770000 2.659498619602807e-02
4.780000 1.930233476134130e-02
4.790000 1.241159216829690e-02
4.800000 6.093928214697125e-03
4.810000 4.985379101108413e-04
4.820000 -4.256066208031642e-03
4.830000 -8.088029789422189e-03
4.840000 -1.095119738782710e-02
4.850000 -1.283142120911787e-02
4.860000 -1.374276478357428e-02
4.870000 -1.372370663818732e-02
4.880000 -1.283334396896235e-02
4.890000 -1.114759631322205e-02
4.900000 -8.755409221909483e-03
4.910000 -5.754957931891108e-03
4.920000 -2.249867999553295e-03
4.930000 1.654123071971370e-03
4.940000 5.851384760209708e-03
4.950000 1.023817145712370e-02
4.960000 1.471438344159285e-02
4.970000 1.918532785189648e-02
4.980000 2.356347965819602e-02
4.990000 2.777024263501745e-02
5.000000 3.173771033373345e-02
5.010000 3.541042705504589e-02
5.020000 3.874711434708002e-02
5.030000 4.172150116939013e-02
5.040000 4.432087874735547e-02
5.050000 4.654375909248752e-02
5.060000 4.839749904834916e-02
5.070000 4.989592433647395e-02
5.080000 5.105695360228529e-02
5.090000 5.190022246101566e-02
5.100000 5.244470754362580e-02
5.110000 5.270635054272400e-02
5.120000 5.269572825897026e-02
5.130000 5.241691866009014e-02
5.140000 5.186940297189754e-02
5.150000 5.105116378192737e-02
5.160000 4.996182914355301e-02
5.170000 4.860581668010377e-02
5.180000 4.699547768898238e-02
5.190000 4.515424124578268e-02
5.200000 4.311975830840686e-02
5.210000 4.094704582118323e-02
5.220000 3.871154652720394e-02
5.230000 3.650999719439330e-02
5.240000 3.445573358412217e-02
5.250000 3.267180383355270e-02
5.260000 3.128399754620340e-02
5.270000 3.041387488251424e-02
5.280000 3.017179565041179e-02
5.290000 3.064994839587433e-02
5.300000 3.191537949349686e-02
5.310000 3.400302223705636e-02
5.320000 3.690885619396868e-02
5.330000 4.058645342093619e-02
5.340000 4.495212209646349e-02
5.350000 4.989343701456369e-02
5.360000 5.527790034235676e-02
5.370000 6.096160237766773e-02
5.380000 6.679788230662488e-02
5.390000 7.264598896125816e-02
5.400000 7.837974157709721e-02
5.410000 8.389619055076987e-02
5.420000 8.912416101030593e-02
5.430000 9.402974951579021e-02
5.440000 9.861408639859306e-02
5.450000 1.029080512309502e-01
5.460000 1.069668711082478e-01
5.470000 1.108647189313077e-01
5.480000 1.146893116886730e-01
5.490000 1.185365087388933e-01
5.500000 1.225049100928095e-01
5.510000 1.266904546958399e-01
5.520000 1.311810524600651e-01
5.530000 1.360520937911263e-01
5.540000 1.413641866019522e-01
5.550000 1.471617708212985e-01
5.560000 1.534717666520877e-01
5.570000 1.603022228297489e-01
5.580000 1.676409648805569e-01
5.590000 1.754542433799729e-01
5.600000 1.836853822109835e-01
5.610000 1.922534268224407e-01
5.620000 2.010518502037399e-01
5.630000 2.099487594842888e-01
5.640000 2.187909118112951e-01
5.650000 2.274092308523434e-01
5.660000 2.356243810143127e-01
5.670000 2.432523416622927e-01
5.680000 2.501099813384995e-01
5.690000 2.560206319811927e-01
5.700000 2.608196631435916e-01
5.710000 2.643600562127917e-01
5.720000 2.665179226846671e-01
5.730000 2.671965678944221e-01
5.740000 2.663268624422481e-01
5.750000 2.638661590746286e-01
5.760000 2.597971536216309e-01
5.770000 2.541267459341984e-01
5.780000 2.468849008214411e-01
5.790000 2.381235089879285e-01
5.800000 2.279152479709801e-01
5.810000 2.163524430779582e-01
5.820000 2.035459165289667e-01
5.830000 1.896235299401698e-01
5.840000 1.747279483640607e-01
5.850000 1.590140976703487e-01
5.860000 1.426466101322553e-01
5.870000 1.257972700128088e-01
5.880000 1.086424591511398e-01
5.890000 9.136060254877702e-02
5.900000 7.412961395594236e-02
5.910000 5.712434145784630e-02
5.920000 4.051401784257123e-02
5.930000 2.445983529023970e-02
5.940000 9.112835646983021e-03
5.950000 -5.388074979805086e-03
5.960000 -1.891810684462706e-02
5.970000 -3.136856718704000e-02
5.980000 -4.264884085481413e-02
5.990000 -5.268837092709137e-02
6.000000 -6.143863933754382e-02
6.010000 -6.887514749753225e-02
6.020000 -7.499935746025990e-02
6.030000 -7.983960715080253e-02
6.040000 -8.344942130182456e-02
6.050000 -8.590479645517152e-02
6.060000 -8.730144650445773e-02
6.070000 -8.775204823765385e-02
6.080000 -8.738348687967484e-02
6.090000 -8.633410163496734e-02
6.100000 -8.475093123009747e-02
6.110000 -8.278695945633859e-02
6.120000 -8.059835187904039e-02
6.130000 -7.834146288331988e-02
6.140000 -7.616925972733687e-02
6.150000 -7.422751693189172e-02
6.160000 -7.265100183680406e-02
6.170000 -7.155966015729179e-02
6.180000 -7.105480154034993e-02
6.190000 -7.121528512112962e-02
6.200000 -7.209370507931705e-02
6.210000 -7.371257619551237e-02
6.220000 -7.606061285400385e-02
6.230000 -7.909143765181692e-02
6.240000 -8.272845746984617e-02
6.250000 -8.687216915026226e-02
6.260000 -9.140755862031419e-02
6.270000 -9.621150001613135e-02
6.280000 -1.011601548065258e-01
6.290000 -1.061363709167943e-01
6.300000 -1.110370818525206e-01
6.310000 -1.157807058233777e-01
6.320000 -1.203144302518536e-01
6.330000 -1.246185162900025e-01
6.340000 -1.287030387411792e-01
6.350000 -1.326016459897993e-01
6.360000 -1.363652053160220e-01
6.370000 -1.400554482104341e-01
6.380000 -1.437386156887329e-01
6.390000 -1.474791036064104e-01
6.400000 -1.513331079734357e-01
6.410000 -1.553422702689395e-01
6.420000 -1.595274086358707e-01
6.430000 -1.638844819549713e-01
6.440000 -1.683862219970186e-01
6.450000 -1.729859984543853e-01
6.460000 -1.776217698525733e-01
6.470000 -1.822200344617472e-01
6.480000 -1.866997812082678e-01
6.490000 -1.909764405862262e-01
6.500000 -1.949658355689772e-01
6.510000 -1.985881325206731e-01
6.520000 -2.017717538988701e-01
6.530000 -2.044562975250192e-01
6.540000 -2.065929340657447e-01
6.550000 -2.081438110820067e-01
6.560000 -2.090814188693367e-01
6.570000 -2.093879562980732e-01
6.580000 -2.090546966535972e-01
6.590000 -2.080813534765674e-01
6.600000 -2.064754464031562e-01
6.610000 -2.042516670052850e-01
6.620000 -2.014312485516940e-01
6.630000 -1.980414377107063e-01
6.640000 -1.941152250280609e-01
6.650000 -1.896911773464402e-01
6.660000 -1.848132741458312e-01
6.670000 -1.795307438838878e-01
6.680000 -1.738979003362917e-01
6.690000 -1.679739789371145e-01
6.700000 -1.618229731191792e-01
6.710000 -1.555134706544216e-01
6.720000 -1.491184768432472e-01
6.730000 -1.427148957777569e-01
6.740000 -1.363821436386405e-01
6.750000 -1.302004200659400e-01
6.760000 -1.242489663788074e-01
6.770000 -1.186043237952623e-01
6.780000 -1.133385916519501e-01
6.790000 -1.085176856238998e-01
6.800000 -1.041995959442821e-01
6.810000 -1.004326456241668e-01
6.820000 -9.725375393916708e-02
6.830000 -9.468683685511824e-02
6.840000 -9.274155506822908e-02
6.850000 -9.141219898426893e-02
6.860000 -9.067657896464007e-02
6.870000 -9.049491557245035e-02
6.880000 -9.080872981858576e-02
6.890000 -9.153973340778319e-02
6.900000 -9.258871898470263e-02
6.910000 -9.383445038000025e-02
6.920000 -9.513264104078614e-02
6.930000 -9.631722525510505e-02
6.940000 -9.720744954585868e-02
6.950000 -9.761725685875089e-02
6.960000 -9.736475893461785e-02
6.970000 -9.628170868175892e-02
6.980000 -9.422297254826673e-02
6.990000 -9.107600289435797e-02
7.000000 -8.677031036470362e-02
7.010000 -8.128693626075964e-02
7.020000 -7.466775091594019e-02
7.030000 -6.702022814470504e-02
7.040000 -5.851073587927516e-02
7.050000 -4.935330288026202e-02
7.060000 -3.979821145013996e-02
7.070000 -3.012059014671854e-02
7.080000 -2.060900649661462e-02
7.090000 -1.155405970872487e-02
7.100000 -3.236973387697994e-03
7.110000 4.081811752593068e-03
7.120000 1.017395560303309e-02
7.130000 1.485220748705942e-02
7.140000 1.797348320044329e-02
7.150000 1.943961316488352e-02
7.160000 1.919800100905492e-02
7.170000 1.724228214965653e-02
7.180000 1.361298237245982e-02
7.190000 8.398176413356963e-03
7.200000 1.734146539409089e-03
7.210000 -6.193958870105446e-03
7.220000 -1.515158297472258e-02
7.230000 -2.485724015789708e-02
7.240000 -3.499266702936987e-02
7.250000 -4.521599546160846e-02
7.260000 -5.517504185832706e-02
7.270000 -6.452059642300695e-02
7.280000 -7.291971242741647e-02
7.290000 -8.006899548013145e-02
7.300000 -8.570789279505506e-02
7.310000 -8.963198245993852e-02
7.320000 -9.170607349768982e-02
7.330000 -9.187238654020048e-02
7.340000 -9.014624682625284e-02
7.350000 -8.660685781194437e-02
7.360000 -8.138788557390136e-02
7.370000 -7.466804321249219e-02
7.380000 -6.666167525504069e-02
7.390000 -5.760934205903993e-02
7.400000 -4.776840421536530e-02
7.410000 -3.740360695148823e-02
7.420000 -2.677771805212711e-02
7.430000 -1.614355723327742e-02
7.440000 -5.739557667126225e-03
7.450000 4.213281039653992e-03
7.460000 1.351438635017425e-02
7.470000 2.198660630159768e-02
7.480000 2.947920300940829e-02
7.490000 3.587084617167978e-02
7.500000 4.107260657334418e-02
7.510000 4.503094959046066e-02
7.520000 4.773064595682563e-02
7.530000 4.919553135146076e-02
7.540000 4.948380530063601e-02
7.550000 4.868117890077082e-02
7.560000 4.689393980367620e-02
7.570000 4.424201720179730e-02
7.580000 4.085204681345554e-02
7.590000 3.685043586809104e-02
7.600000 3.235642809150496e-02
7.610000 2.747516869110185e-02
7.620000 2.229087703127518e-02
7.630000 1.686281925251754e-02
7.640000 1.122838843998542e-02
7.650000 5.408984735788665e-03
7.660000 -5.839968585767566e-04
7.670000 -6.743178679796067e-03
7.680000 -1.305921260030295e-02
7.690000 -1.951479222584688e-02
7.700000 -2.607866509306028e-02
7.710000 -3.269964486702596e-02
7.720000 -3.930073815135103e-02
7.730000 -4.577625122341628e-02
7.740000 -5.199646119507065e-02
7.750000 -5.781526709850129e-02
7.760000 -6.307795558461000e-02
7.770000 -6.762896662139017e-02
7.780000 -7.131965919230324e-02
7.790000 -7.401607699465551e-02
7.800000 -7.560671413797472e-02
7.810000 -7.601028084238688e-02
7.820000 -7.518335670326114e-02
7.830000 -7.312512067883473e-02
7.840000 -6.987466045155465e-02
7.850000 -6.550535851239893e-02
7.860000 -6.011916581146655e-02
7.870000 -5.384087540856700e-02
7.880000 -4.681239612381011e-02
7.890000 -3.918702618819574e-02
7.900000 -3.112372689420354e-02
7.910000 -2.278139624638271e-02
7.920000 -1.431318976582284e-02
7.930000 -5.862067295535408e-03
7.940000 2.440548038007266e-03
7.950000 1.047488486242245e-02
7.960000 1.813289144308637e-02
7.970000 2.531830356680339e-02
7.980000 3.194671242547529e-02
7.990000 3.794563249977068e-02
8.000000 4.325456944279412e-02
8.010000 4.782508796375586e-02
8.020000 5.162087031563957e-02
8.030000 5.461753048687521e-02
8.040000 5.680180825701013e-02
8.050000 5.817051895638373e-02
8.060000 5.872949382980124e-02
8.070000 5.849252040020800e-02
8.080000 5.748028283236325e-02
8.090000 5.571930229651437e-02
8.100000 5.324087733207065e-02
8.110000 5.008002421127771e-02
8.120000 4.627442612730080e-02
8.130000 4.186361181696173e-02
8.140000 3.688871659451713e-02
8.150000 3.139247282008988e-02
8.160000 2.541920919250999e-02
8.170000 1.901485004215564e-02
8.180000 1.222691462379430e-02
8.190000 5.104516409423651e-03
8.200000 -2.301637618887419e-03
8.210000 -9.939247676157710e-03
8.220000 -1.775441739042391e-02
8.230000 -2.569153324671996e-02
8.240000 -3.369284760995085e-02
8.250000 -4.169794497581573e-02
8.260000 -4.964320373050216e-02
8.270000 -5.746125791038022e-02
8.280000 -6.508045896169687e-02
8.290000 -7.242433750027012e-02
8.300000 -7.941106507118315e-02
8.310000 -8.595291590847870e-02
8.320000 -9.195577457980778e-02
8.330000 -9.731983663990020e-02
8.340000 -1.019433376910428e-01
8.350000 -1.057274754523795e-01
8.360000 -1.085813777141660e-01
8.370000 -1.104270702920243e-01
8.380000 -1.112044449811972e-01
8.390000 -1.108762275108033e-01
8.400000 -1.094329454980910e-01
8.410000 -1.068978964026939e-01
8.420000 -1.033320086244958e-01
8.430000 -9.883592433539178e-02
8.440000 -9.354502978939383e-02
8.450000 -8.762170736663233e-02
8.460000 -8.124748076096767e-02
8.470000 -7.461516016760225e-02
8.480000 -6.792098747069254e-02
8.490000 -6.135678143096109e-02
8.500000 -5.510208287330833e-02
8.510000 -4.931629987442487e-02
8.520000 -4.413093806227616e-02
8.530000 -3.964404382428506e-02
8.540000 -3.592026489913071e-02
8.550000 -3.299312387724512e-02
8.560000 -3.086737681318254e-02
8.570000 -2.952137183798897e-02
8.580000 -2.890940777157168e-02
8.590000 -2.896409273506856e-02
8.600000 -2.959870276321766e-02
8.610000 -3.070954041672667e-02
8.620000 -3.217832015407378e-02
8.630000 -3.387524944852661e-02
8.640000 -3.566387602763710e-02
8.650000 -3.740663085795459e-02
8.660000 -3.897039788917027e-02
8.670000 -4.023208379826151e-02
8.680000 -4.108418773363635e-02
8.690000 -4.144037105927797e-02
8.700000 -4.124102709888898e-02
8.710000 -4.045885088003603e-02
8.720000 -3.910429693791495e-02
8.730000 -3.722812666925888e-02
8.740000 -3.491656762122370e-02
8.750000 -3.228356233041613e-02
8.760000 -2.946290522154269e-02
8.770000 -2.660037950605863e-02
8.780000 -2.384589408081689e-02
8.790000 -2.134562042671711e-02
8.800000 -1.923412950735444e-02
8.810000 -1.762652866766865e-02
8.820000 -1.661068956234630e-02
8.830000 -1.624184285780972e-02
8.840000 -1.654318089792597e-02
8.850000 -1.750882714330261e-02
8.860000 -1.910689664033670e-02
8.870000 -2.128255649026394e-02
8.880000 -2.396108631820768e-02
8.890000 -2.705093874222803e-02
8.900000 -3.044679984237085e-02
8.910000 -3.403264962971695e-02
8.920000 -3.768483412932222e-02
8.930000 -4.127543942432943e-02
8.940000 -4.467643221689959e-02
8.950000 -4.776410235031488e-02
8.960000 -5.042351694497273e-02
8.970000 -5.255297453437984e-02
8.980000 -5.406845920114630e-02
8.990000 -5.490809471297974e-02
9.000000 -5.503659865867923e-02
9.010000 -5.444973658412960e-02
9.020000 -5.317867755228644e-02
9.030000 -5.129178672693131e-02
9.040000 -4.888991193984223e-02
9.050000 -4.609910728173402e-02
9.060000 -4.306325811718979e-02
9.070000 -3.993670609959224e-02
9.080000 -3.687687418605532e-02
9.090000 -3.403689165235547e-02
9.100000 -3.155821910786315e-02
9.110000 -2.956327351047430e-02
9.120000 -2.814813413590630e-02
9.130000 -2.737735336047335e-02
9.140000 -2.728411043192451e-02
9.150000 -2.787247005376133e-02
9.160000 -2.911972192391982e-02
9.170000 -3.097872027345264e-02
9.180000 -3.338022340521112e-02
9.190000 -3.623523323252746e-02
9.200000 -3.943733481789665e-02
9.210000 -4.286503591165877e-02
9.220000 -4.638413266466807e-02
9.230000 -4.985075586462916e-02
9.240000 -5.311614465558678e-02
9.250000 -5.603210078108273e-02
9.260000 -5.845646900129964e-02
9.270000 -6.025861751020503e-02
9.280000 -6.132491835269503e-02
9.290000 -6.156422784173851e-02
9.300000 -6.091336697552082e-02
9.310000 -5.934260185458780e-02
9.320000 -5.686101719896771e-02
9.330000 -5.351911046472147e-02
9.340000 -4.940433055904144e-02
9.350000 -4.463383715477864e-02
9.360000 -3.934715310494772e-02
9.370000 -3.369881685723204e-02
9.380000 -2.785103486848881e-02
9.390000 -2.196633401925405e-02
9.400000 -1.620021402824779e-02
9.410000 -1.069379986687901e-02
9.420000 -5.566573076930218e-03
9.430000 -9.111545709053810e-04
9.440000 3.206704957783332e-03
9.450000 6.746083141965258e-03
9.460000 9.688765144681501e-03
9.470000 1.203712286315518e-02
9.480000 1.381199413276173e-02
9.490000 1.505056193099919e-02
9.500000 1.580423358145840e-02
9.510000 1.613651995779336e-02
9.520000 1.612090318258007e-02
9.530000 1.583840519327916e-02
9.540000 1.537439697084654e-02
9.550000 1.481510863544782e-02
9.560000 1.424412803706129e-02
9.570000 1.373889934608090e-02
9.580000 1.336722164391929e-02
9.590000 1.318374751361078e-02
9.600000 1.322648163041436e-02
9.610000 1.351327935241668e-02
9.620000 1.403842047563852e-02
9.630000 1.477113726623111e-02
9.640000 1.565910334990046e-02
9.650000 1.663387687842182e-02
9.660000 1.761641886065742e-02
9.670000 1.852261149357433e-02
9.680000 1.926877649326223e-02
9.690000 1.977719342595130e-02
9.700000 1.998161803902991e-02
9.710000 1.983280059206256e-02
9.720000 1.930392559452067e-02
9.730000 1.839400811805292e-02
9.740000 1.712610295181703e-02
9.750000 1.554347033235092e-02
9.760000 1.370566308015694e-02
9.770000 1.168461373628600e-02
9.780000 9.560721698921812e-03
9.790000 7.418940359965071e-03
9.800000 5.344864241617633e-03
9.810000 3.420816132966756e-03
9.820000 1.721967164102435e-03
9.830000 3.133132560977263e-04
9.840000 -7.511745518204269e-04
9.850000 -1.428543399237410e-03
9.860000 -1.686818963983951e-03
9.870000 -1.504965821569161e-03
9.880000 -8.728478046135306e-04
9.890000 2.088116377180297e-04
9.900000 1.728469080283173e-03
9.910000 3.663800762529094e-03
9.920000 5.981752963028789e-03
9.930000 8.638871457218549e-03
9.940000 1.158233941710785e-02
9.950000 1.475129439419051e-02
9.960000 1.807815603632511e-02
9.970000 2.148995380461541e-02
9.980000 2.490965469029080e-02
9.990000 2.825749093158673e-02
10.000000 3.145228773062507e-02
10.010000 3.441279097029463e-02
10.020000 3.705900686285633e-02
10.030000 3.931385182339219e-02
10.040000 4.110558983708897e-02
10.050000 4.237058005136556e-02
10.060000 4.305603629972524e-02
10.070000 4.312278662560783e-02
10.080000 4.254803280624192e-02
10.090000 4.132810987649711e-02
10.100000 3.948124565273613e-02
10.110000 3.705032025666716e-02
10.120000 3.410553986482191e-02
10.130000 3.074488032430902e-02
10.140000 2.708886965988100e-02
10.150000 2.327314044727640e-02
10.160000 1.944089641218772e-02
10.170000 1.573537902922952e-02
10.180000 1.229233412090636e-02
10.190000 9.232478456580885e-03
10.200000 6.653966351441819e-03
10.210000 4.624856265472000e-03
10.220000 3.175703683896826e-03
10.230000 2.295437316124329e-03
10.240000 1.935569872394950e-03
10.250000 2.017692158923049e-03
10.260000 2.441093454518911e-03
10.270000 3.090381887210706e-03
10.280000 3.843104810866489e-03
10.290000 4.577369181816201e-03
10.300000 5.179461935473618e-03
10.310000 5.551470362958368e-03
10.320000 5.618805473581009e-03
10.330000 5.335202989768513e-03
10.340000 4.681321408953797e-03
10.350000 3.660817697905506e-03
10.360000 2.296325972920881e-03
10.370000 6.254361800186692e-04
10.380000 -1.303327224868009e-03
10.390000 -3.434526595698776e-03
10.400000 -5.709832416133109e-03
10.410000 -8.072044619337474e-03
10.420000 -1.046907345586101e-02
10.430000 -1.285686861129488e-02
10.440000 -1.519967849645903e-02
10.450000 -1.746925778737262e-02
10.460000 -1.964403451329282e-02
10.470000 -2.170827714475395e-02
10.480000 -2.365126168160626e-02
10.490000 -2.546643874105492e-02
10.500000 -2.715060064569901e-02
10.510000 -2.870304851157042e-02
10.520000 -3.012476230534594e-02
10.530000 -3.141764810006169e-02
10.540000 -3.258398129625627e-02
10.550000 -3.362592704161629e-02
10.560000 -3.454506361979499e-02
10.570000 -3.534190583923080e-02
10.580000 -3.601542842196618e-02
10.590000 -3.656258939246610e-02
10.600000 -3.697785346643668e-02
10.610000 -3.725271543964398e-02
10.620000 -3.737523519671672e-02
10.630000 -3.732987483954045e-02
10.640000 -3.709810273461350e-02
10.650000 -3.665929967999417e-02
10.660000 -3.599167669223216e-02
10.670000 -3.507319279329996e-02
10.680000 -3.388247279752431e-02
10.690000 -3.239972509851766e-02
10.700000 -3.060765945610945e-02
10.710000 -2.849240478327774e-02
10.720000 -2.604441981263723e-02
10.730000 -2.325921863140264e-02
10.740000 -2.013762626709667e-02
10.750000 -1.668584914173322e-02
10.760000 -1.291553840555715e-02
10.770000 -8.843853270784257e-03
10.780000 -4.493524345341116e-03
10.790000 1.070830333950201e-04
10.800000 4.923905464856371e-03
10.810000 9.917118151544729e-03
10.820000 1.504108668611964e-02
10.830000 2.024471198001659e-02
10.840000 2.547277316671805e-02
10.850000 3.066766364655464e-02
10.860000 3.577114225233424e-02
10.870000 4.072608441497112e-02
10.880000 4.547823332911522e-02
10.890000 4.997795111878121e-02
10.900000 5.418197000297761e-02
10.910000 5.805514346133609e-02
10.920000 6.157216934497065e-02
10.930000 6.471858356331857e-02
10.940000 6.748990215616640e-02
10.950000 6.989003394165727e-02
10.960000 7.192966510952861e-02
10.970000 7.362464381434987e-02
10.980000 7.499436476875991e-02
10.990000 7.606015383670489e-02
11.000000 7.684365262667556e-02
11.010000 7.736520308494518e-02
11.020000 7.764225177321936e-02
11.030000 7.768826594100707e-02
11.040000 7.751294876920650e-02
11.050000 7.712296640841243e-02
11.060000 7.652269470163532e-02
11.070000 7.571496590702093e-02
11.080000 7.470181542056943e-02
11.090000 7.348522849885521e-02
11.100000 7.206788698174590e-02
11.110000 7.045391601512212e-02
11.120000 6.864962501498835e-02
11.130000 6.666409890777292e-02
11.140000 6.450940930248990e-02
11.150000 6.220067593908986e-02
11.160000 5.975612237820224e-02
11.170000 5.719713169087769e-02
11.180000 5.454830214833053e-02
11.190000 5.183750291168128e-02
11.200000 4.909592972169874e-02
11.210000 4.635816058854273e-02
11.220000 4.366219540095026e-02
11.230000 4.104907744096265e-02
11.240000 3.856145358194883e-02
11.250000 3.624171639216939e-02
11.260000 3.413013015778461e-02
11.270000 3.226295690586238e-02
11.280000 3.067058242738619e-02
11.290000 2.937564230026312e-02
11.300000 2.839114791233176e-02
11.310000 2.771861248437026e-02
11.320000 2.734621990678864e-02
11.330000 2.724810673211640e-02
11.340000 2.738646987066232e-02
11.350000 2.771478744196956e-02
11.360000 2.818108243995510e-02
11.370000 2.873118639804928e-02
11.380000 2.931200305433524e-02
11.390000 2.987477201668842e-02
11.400000 3.037833242791603e-02
11.410000 3.079238663089661e-02
11.420000 3.110071305402485e-02
11.430000 3.130305882459854e-02
11.440000 3.141368092236541e-02
11.450000 3.145856706101179e-02
11.460000 3.147260578995691e-02
11.470000 3.149675659614687e-02
11.480000 3.157522000584895e-02
11.490000 3.175260768644574e-02
11.500000 3.207111254822920e-02
11.510000 3.256767884619496e-02
11.520000 3.327119481497329e-02
11.530000 3.420027116532107e-02
11.540000 3.536250676765213e-02
11.550000 3.675434019712880e-02
11.560000 3.836092381188994e-02
11.570000 4.015599783127928e-02
11.580000 4.210176441407374e-02
11.590000 4.414876173671154e-02
11.600000 4.623573807152051e-02
11.610000 4.828952586494636e-02
11.620000 5.022495816119979e-02
11.630000 5.194588600679549e-02
11.640000 5.334899065273940e-02
11.650000 5.432869673760799e-02
11.660000 5.478212781604625e-02
11.670000 5.461406188726600e-02
11.680000 5.374188692354367e-02
11.690000 5.210055639871877e-02
11.700000 4.964754481669165e-02
11.710000 4.636780323992195e-02
11.720000 4.227862704832890e-02
11.730000 3.743224168865854e-02
11.740000 3.191259563041836e-02
11.750000 2.582987131227846e-02
11.760000 1.931490831887498e-02
11.770000 1.251362655761367e-02
11.780000 5.581449435473432e-03
11.790000 -1.322272964190135e-03
11.800000 -8.039840704841254e-03
11.810000 -1.442078081996040e-02
11.820000 -2.032738414587736e-02
11.830000 -2.563920240515557e-02
11.840000 -3.025490592599112e-02
11.850000 -3.409310161216295e-02
11.860000 -3.709311092261974e-02
11.870000 -3.921574785106655e-02
11.880000 -4.044409690555183e-02
11.890000 -4.078429108805406e-02
11.900000 -4.026628987406858e-02
11.910000 -3.894465719219448e-02
11.920000 -3.689927880263746e-02
11.930000 -3.423450404753280e-02
11.940000 -3.107428792973417e-02
11.950000 -2.755575756342235e-02
11.960000 -2.382271802363009e-02
11.970000 -2.001915819576694e-02
11.980000 -1.628275662514408e-02
11.990000 -1.273838736649925e-02
12.000000 -9.491625833521467e-03
12.010000 -6.622254648376012e-03
12.020000 -4.177873305426411e-03
12.030000 -2.170207004084377e-03
12.040000 -5.782672186767729e-04
12.050000 6.457885625593943e-04
12.060000 1.570693284284780e-03
12.070000 2.280106770865474e-03
12.080000 2.866652173180796e-03
12.090000 3.425952415431073e-03
12.100000 4.050666641945422e-03
12.110000 4.824526663989553e-03
12.120000 5.816439967344628e-03
12.130000 7.076323299934840e-03
12.140000 8.635329270347887e-03
12.150000 1.050780352640423e-02
12.160000 1.269330849449746e-02
12.170000 1.517864711893467e-02
12.180000 1.793988660127683e-02
12.190000 2.094438213967917e-02
12.200000 2.415280066823151e-02
12.210000 2.752114459629868e-02
12.220000 3.100275358325058e-02
12.230000 3.454973523332651e-02
12.240000 3.811294612622389e-02
12.250000 4.164140176782145e-02
12.260000 4.508166457629183e-02
12.270000 4.837723186821430e-02
12.280000 5.146792384468749e-02
12.290000 5.428927157744218e-02
12.300000 5.677190499495387e-02
12.310000 5.884094086855571e-02
12.320000 6.041540197518415e-02
12.330000 6.140844685258712e-02
12.340000 6.172965721232050e-02
12.350000 6.128813594520683e-02
12.360000 5.999563630342723e-02
12.370000 5.776969108261324e-02
12.380000 5.453674180393871e-02
12.390000 5.023526789621179e-02
12.400000 4.481891587796655e-02
12.410000 3.825962853955518e-02
12.420000 3.055124772046511e-02
12.430000 2.172543056249973e-02
12.440000 1.189882304784340e-02
12.450000 1.332547012990581e-03
12.460000 -9.507839242099520e-03
12.470000 -1.989238034484832e-02
12.480000 -2.876676324090319e-02
12.490000 -3.469235658498282e-02
12.500000 -3.578625013172257e-02
12.510000 -2.966129412651982e-02
