3.210000 1.968129862633292e-02
3.220000 1.928419046879496e+00
3.230000 3.173807482015094e+00
3.240000 3.942017334137120e+00
3.250000 4.379294613414999e+00
3.260000 4.596900487364041e+00
3.270000 4.676051158125915e+00
3.280000 4.672857739749105e+00
3.290000 4.623266135469372e+00
3.300000 4.547996914990228e+00
3.310000 4.457485191763383e+00
3.320000 4.356779388655117e+00
3.330000 4.249371101645700e+00
3.340000 4.138311596997448e+00
3.350000 4.026259406455853e+00
3.360000 3.915486810836607e+00
3.370000 3.807886323612620e+00
3.380000 3.704977174501043e+00
3.390000 3.607911793050290e+00
3.400000 3.517482292227056e+00
3.410000 3.434126952003341e+00
3.420000 3.357937108470759e+00
3.430000 3.288674586664452e+00
3.440000 3.225815898188249e+00
3.450000 3.168606982549444e+00
3.460000 3.116118354020841e+00
3.470000 3.067300248502819e+00
3.480000 3.021037770385380e+00
3.490000 2.976206039410214e+00
3.500000 2.931725337532746e+00
3.510000 2.886616255784201e+00
3.520000 2.840054212337216e+00
3.530000 2.791407621864149e+00
3.540000 2.740234564330626e+00
3.550000 2.686263105081786e+00
3.560000 2.629370986132076e+00
3.570000 2.569565317455058e+00
3.580000 2.506962268273202e+00
3.590000 2.441766758347693e+00
3.600000 2.374252149268230e+00
3.610000 2.304739935742826e+00
3.620000 2.233579569102476e+00
3.630000 2.161131718392383e+00
3.640000 2.087760257644456e+00
3.650000 2.013827690736344e+00
3.660000 1.939690708465366e+00
3.670000 1.865695745622416e+00
3.680000 1.792174538065887e+00
3.690000 1.719439679795583e+00
3.700000 1.647780180026634e+00
3.710000 1.577457020263417e+00
3.720000 1.508698754608071e+00
3.730000 1.441698234168810e+00
3.740000 1.376612184952284e+00
3.750000 1.313561909855726e+00
3.760000 1.252634033893709e+00
3.770000 1.193881249424899e+00
3.780000 1.137323061378809e+00
3.790000 1.082946532482554e+00
3.800000 1.030707028487604e+00
3.810000 9.805289633965435e-01
3.820000 9.323066119903100e-01
3.830000 8.859066721682451e-01
3.840000 8.411752691206266e-01
3.850000 7.979467093139984e-01
3.860000 7.560523017769951e-01
3.870000 7.153291793861669e-01
3.880000 6.756291201518020e-01
3.890000 6.368273685037508e-01
3.900000 5.988314565772501e-01
3.910000 5.615900254987465e-01
3.920000 5.251014738190203e-01
3.930000 4.894181117760941e-01
3.940000 4.546389072799071e-01
3.950000 4.208977377267758e-01
3.960000 3.883514689611524e-01
3.970000 3.571680342373861e-01
3.980000 3.275145131814808e-01
3.990000 2.995452107528563e-01
4.000000 2.733897362061068e-01
4.010000 2.491410820527612e-01
4.020000 2.268438637538390e-01
4.030000 2.064867384131171e-01
4.040000 1.880054317029718e-01
4.050000 1.712899437909306e-01
4.060000 1.561919159970212e-01
4.070000 1.425319974511202e-01
4.080000 1.301072117503027e-01
4.090000 1.186983236161899e-01
4.100000 1.080772055522990e-01
4.110000 9.801420450139196e-02
4.120000 8.828546821093999e-02
4.130000 7.867922400961050e-02
4.140000 6.899939831942187e-02
4.150000 5.906818857892038e-02
4.160000 4.872859487447275e-02
4.170000 3.784695157155892e-02
4.180000 2.631545894606468e-02
4.190000 1.405471481557450e-02
4.200000 1.016246170664187e-03
4.210000 -1.281495919380637e-02
4.220000 -2.741800007786306e-02
4.230000 -4.273566406761449e-02
4.240000 -5.867924573697913e-02
4.250000 -7.513541964143960e-02
4.260000 -9.197319234225948e-02
4.270000 -1.090508544307001e-01
4.280000 -1.262229325522375e-01
4.290000 -1.433471414307792e-01
4.300000 -1.602913358928809e-01
4.310000 -1.769404628919636e-01
4.320000 -1.932034247784828e-01
4.330000 -2.090176349648728e-01
4.340000 -2.243477158233758e-01
4.350000 -2.391818889786476e-01
4.360000 -2.535282768463137e-01
4.370000 -2.674112041715267e-01
4.380000 -2.808674995675230e-01
4.390000 -2.939427970541809e-01
4.400000 -3.066878375965758e-01
4.410000 -3.191547706435391e-01
4.420000 -3.313934836969246e-01
4.430000 -3.434486606793370e-01
4.440000 -3.553586903287272e-01
4.450000 -3.671553033914469e-01
4.460000 -3.788632378460160e-01
4.470000 -3.904999041268883e-01
4.480000 -4.020750503482170e-01
4.490000 -4.135904275276220e-01
4.500000 -4.250394548099545e-01
4.510000 -4.364068846910648e-01
4.520000 -4.476684828091160e-01
4.530000 -4.587910864921805e-01
4.540000 -4.697336247640810e-01
4.550000 -4.804485171065139e-01
4.560000 -4.908830867887202e-01
4.570000 -5.009809741971574e-01
4.580000 -5.106835501651701e-01
4.590000 -5.199313293026626e-01
4.600000 -5.286653833257685e-01
4.610000 -5.368287543865247e-01
4.620000 -5.443678766660542e-01
4.630000 -5.512342128191225e-01
4.640000 -5.573864358106251e-01
4.650000 -5.627928256034451e-01
4.660000 -5.674336741098258e-01
4.670000 -5.713036901427420e-01
4.680000 -5.744144043672696e-01
4.690000 -5.767965742519618e-01
4.700000 -5.785025890202152e-01
4.710000 -5.796088746016458e-01
4.720000 -5.802182177166433e-01
4.730000 -5.804599874237359e-01
4.740000 -5.804850194571584e-01
4.750000 -5.804583980272274e-01
4.760000 -5.805521567539027e-01
4.770000 -5.809379796003464e-01
4.780000 -5.817799018064853e-01
4.790000 -5.832270108225701e-01
4.800000 -5.854061472427358e-01
4.810000 -5.884146057385634e-01
4.820000 -5.923129305648269e-01
4.830000 -5.971201699421279e-01
4.840000 -6.028153722039248e-01
4.850000 -6.093415408204513e-01
4.860000 -6.166096839948196e-01
4.870000 -6.245028642591237e-01
4.880000 -6.328802480705435e-01
4.890000 -6.415811554074505e-01
4.900000 -6.504291093655092e-01
4.910000 -6.592358857537833e-01
4.920000 -6.678055788932378e-01
4.930000 -6.759390886776298e-01
4.940000 -6.834396769927633e-01
4.950000 -6.901189453981336e-01
4.960000 -6.958028290109668e-01
4.970000 -7.003375903902636e-01
4.980000 -7.035958134208393e-01
4.990000 -7.054823971973684e-01
5.000000 -7.059405499084235e-01
5.010000 -7.049577827205191e-01
5.020000 -7.025717726396552e-01
5.030000 -6.988728187879245e-01
5.040000 -6.939976511952779e-01
5.050000 -6.881198330063527e-01
5.060000 -6.814400316648038e-01
5.070000 -6.741762900976342e-01
5.080000 -6.665542978995257e-01
5.090000 -6.587976625171698e-01
5.100000 -6.511181804335970e-01
5.110000 -6.437061083525104e-01
5.120000 -6.367205399436310e-01
5.130000 -6.302825271744845e-01
5.140000 -6.244751686693009e-01
5.150000 -6.193464426543520e-01
5.160000 -6.149121454643081e-01
5.170000 -6.111588300485912e-01
5.180000 -6.080467444777304e-01
5.190000 -6.055127704497180e-01
5.200000 -6.034733617963625e-01
5.210000 -6.018274829896463e-01
5.220000 -6.004595638970737e-01
5.230000 -5.992428770109207e-01
5.240000 -5.980439871112176e-01
5.250000 -5.967276234026307e-01
5.260000 -5.951615679003371e-01
5.270000 -5.932215438159031e-01
5.280000 -5.907961039431591e-01
5.290000 -5.877915190440772e-01
5.300000 -5.841366662346466e-01
5.310000 -5.797879173707514e-01
5.320000 -5.747339228264531e-01
5.330000 -5.689976754748626e-01
5.340000 -5.626316705678900e-01
5.350000 -5.557103458185801e-01
5.360000 -5.483224168758578e-01
5.370000 -5.405632127992712e-01
5.380000 -5.325270115337363e-01
5.390000 -5.242993753842817e-01
5.400000 -5.159494864907910e-01
5.410000 -5.075224823027487e-01
5.420000 -4.990319237303951e-01
5.430000 -4.904557128825979e-01
5.440000 -4.817407674479181e-01
5.450000 -4.728111446623936e-01
5.460000 -4.635762979537311e-01
5.470000 -4.539393335855011e-01
5.480000 -4.438052673013312e-01
5.490000 -4.330892809691003e-01
5.500000 -4.217249792251311e-01
5.510000 -4.096726461183861e-01
5.520000 -3.969273817410717e-01
5.530000 -3.835241185059842e-01
5.540000 -3.695347165271075e-01
5.550000 -3.550619386469503e-01
5.560000 -3.402333054502947e-01
5.570000 -3.251949502779456e-01
5.580000 -3.101054742404795e-01
5.590000 -2.951298012319942e-01
5.600000 -2.804330329438575e-01
5.610000 -2.661743038784566e-01
5.620000 -2.525006845062675e-01
5.630000 -2.395423361492461e-01
5.640000 -2.274108433233462e-01
5.650000 -2.161987978073598e-01
5.660000 -2.059794308550767e-01
5.670000 -1.968062454074452e-01
5.680000 -1.887126483047316e-01
5.690000 -1.817115824986812e-01
5.700000 -1.757951592646776e-01
5.710000 -1.709342904139035e-01
5.720000 -1.670783479149574e-01
5.730000 -1.641555361613555e-01
5.740000 -1.620750732631999e-01
5.750000 -1.607300849847317e-01
5.760000 -1.600005260913408e-01
5.770000 -1.597561016965762e-01
5.780000 -1.598591886091551e-01
5.790000 -1.601677566799738e-01
5.800000 -1.605382901491168e-01
5.810000 -1.608287089928673e-01
5.820000 -1.609012849190450e-01
5.830000 -1.606254182188878e-01
5.840000 -1.598800614086158e-01
5.850000 -1.585560037275391e-01
5.860000 -1.565581502844934e-01
5.870000 -1.538078012042758e-01
5.880000 -1.502449307740805e-01
5.890000 -1.458304665899350e-01
5.900000 -1.405485687031349e-01
5.910000 -1.344089087666809e-01
5.920000 -1.274488875198791e-01
5.930000 -1.197342490652404e-01
5.940000 -1.113556254642911e-01
5.950000 -1.024234781256808e-01
5.960000 -9.306297753145669e-02
5.970000 -8.340888296333671e-02
5.980000 -7.360042222898369e-02
5.990000 -6.377617138827890e-02
6.000000 -5.406893447959579e-02
6.010000 -4.460062324607372e-02
6.020000 -3.547719071595410e-02
6.030000 -2.678496498853801e-02
6.040000 -1.859053738826023e-02
6.050000 -1.094205082438489e-02
6.060000 -3.870542004763404e-03
6.070000 2.608716350407487e-03
6.080000 8.494873294827787e-03
6.090000 1.380015744233620e-02
6.100000 1.854853475315215e-02
6.110000 2.277436632011783e-02
6.120000 2.652105390971966e-02
6.130000 2.983936712737754e-02
6.140000 3.278496239818239e-02
6.150000 3.541558357190146e-02
6.160000 3.778825028276306e-02
6.170000 3.995644630924144e-02
6.180000 4.196730793384139e-02
6.190000 4.385881230288323e-02
6.200000 4.565696578628731e-02
6.210000 4.737299233735909e-02
6.220000 4.900059228817413e-02
6.230000 5.051503247057511e-02
6.240000 5.187688508679852e-02
6.250000 5.303759790571316e-02
6.260000 5.394513489465894e-02
6.270000 5.454961685128591e-02
6.280000 5.480896203539305e-02
6.290000 5.469452680076731e-02
6.300000 5.419674622702236e-02
6.310000 5.333077475143761e-02
6.320000 5.214201912095229e-02
6.330000 5.070887166819649e-02
6.340000 4.913833671776897e-02
6.350000 4.755885731655186e-02
6.360000 4.611303428418054e-02
6.370000 4.495034526351354e-02
6.380000 4.421986377110231e-02
6.390000 4.406297824766133e-02
6.400000 4.460611110853776e-02
6.410000 4.595343779418146e-02
6.420000 4.817968620000129e-02
6.430000 5.132502597026835e-02
6.440000 5.539526283152330e-02
6.450000 6.036412279003071e-02
6.460000 6.617561670861974e-02
6.470000 7.274640488352505e-02
6.480000 7.996816162122723e-02
6.490000 8.770993981529401e-02
6.500000 9.582053552322056e-02
6.510000 1.041308525432706e-01
6.520000 1.124563168059621e-01
6.530000 1.206005859463300e-01
6.540000 1.283625466427743e-01
6.550000 1.355446071366855e-01
6.560000 1.419610395667146e-01
6.570000 1.474463223030434e-01
6.580000 1.518634822816547e-01
6.590000 1.551124373386026e-01
6.600000 1.571383385442824e-01
6.610000 1.579399125377015e-01
6.620000 1.575776240173874e-01
6.630000 1.561771623049038e-01
6.640000 1.539210582465184e-01
6.650000 1.510356251874781e-01
6.660000 1.477777201029226e-01
6.670000 1.444215047287977e-01
6.680000 1.412452066927683e-01
6.690000 1.385178806451327e-01
6.700000 1.364861693897354e-01
6.710000 1.353610650148807e-01
6.720000 1.353048272878830e-01
6.730000 1.364219909041722e-01
6.740000 1.387607521364242e-01
6.750000 1.423184443382471e-01
6.760000 1.470471707115038e-01
6.770000 1.528594370736349e-01
6.780000 1.596337846249812e-01
6.790000 1.672204227161069e-01
6.800000 1.754468616151217e-01
6.810000 1.841235452750041e-01
6.820000 1.930494779188949e-01
6.830000 2.020176898926368e-01
6.840000 2.108202955033988e-01
6.850000 2.192533901255471e-01
6.860000 2.271219411244862e-01
6.870000 2.342446787805001e-01
6.880000 2.404589872125943e-01
6.890000 2.456257953023372e-01
6.900000 2.496344676177004e-01
6.910000 2.524076953369018e-01
6.920000 2.539062957087997e-01
6.930000 2.541316334636995e-01
6.940000 2.531220056367366e-01
6.950000 2.509466483416707e-01
6.960000 2.476996520812332e-01
6.970000 2.434938770574757e-01
6.980000 2.384548684821171e-01
6.990000 2.327147718868919e-01
7.000000 2.264062484338980e-01
7.010000 2.196563902259445e-01
7.020000 2.125807064501535e-01
7.030000 2.052789511861632e-01
7.040000 1.978356262090877e-01
7.050000 1.903223254570789e-01
7.060000 1.828001503321418e-01
7.070000 1.753221250009497e-01
7.080000 1.679356116956593e-01
7.090000 1.606847260147270e-01
7.100000 1.536127522237232e-01
7.110000 1.467645585561485e-01
7.120000 1.401889769647080e-01
7.130000 1.339402585845391e-01
7.140000 1.280771829267776e-01
7.150000 1.226612427840759e-01
7.160000 1.177547935865817e-01
7.170000 1.134192027579159e-01
7.180000 1.097129990711504e-01
7.190000 1.066900220047869e-01
7.200000 1.043975710987342e-01
7.210000 1.028745553102873e-01
7.220000 1.021496555445374e-01
7.230000 1.022398297200320e-01
7.240000 1.031496873469904e-01
7.250000 1.048712066407679e-01
7.260000 1.073834648097527e-01
7.270000 1.106523683432631e-01
7.280000 1.146303832994444e-01
7.290000 1.192562655931662e-01
7.300000 1.244547912839189e-01
7.310000 1.301364868637113e-01
7.320000 1.361973963089268e-01
7.330000 1.425198039951327e-01
7.340000 1.489753840332287e-01
7.350000 1.554293054685475e-01
7.360000 1.617443742439160e-01
7.370000 1.677851751627158e-01
7.380000 1.734222138519431e-01
7.390000 1.785360587252702e-01
7.400000 1.830214829461054e-01
7.410000 1.867916063906540e-01
7.420000 1.897819873583912e-01
7.430000 1.919534077152543e-01
7.440000 1.932913413660468e-01
7.450000 1.938041161595619e-01
7.460000 1.935210255411186e-01
7.470000 1.924904402050971e-01
7.480000 1.907779197474748e-01
7.490000 1.884643243183623e-01
7.500000 1.856439262745388e-01
7.510000 1.824225218319883e-01
7.520000 1.789155243150714e-01
7.530000 1.752455789182373e-01
7.540000 1.715389628457213e-01
7.550000 1.679215069637825e-01
7.560000 1.645144990495774e-01
7.570000 1.614305870400339e-01
7.580000 1.587696822807247e-01
7.590000 1.566148627747411e-01
7.600000 1.550282764315667e-01
7.610000 1.540470443159515e-01
7.620000 1.536792409965429e-01
7.630000 1.539018794882243e-01
7.640000 1.546639847784767e-01
7.650000 1.558916719474470e-01
7.660000 1.574933013877748e-01
7.670000 1.593646340244184e-01
7.680000 1.613939865344809e-01
7.690000 1.634673865670370e-01
7.700000 1.654737279629587e-01
7.710000 1.673099259747425e-01
7.720000 1.688860180804963e-01
7.730000 1.701288502461231e-01
7.740000 1.709821724021554e-01
7.750000 1.714053193687852e-01
7.760000 1.713718373750550e-01
7.770000 1.708681105780495e-01
7.780000 1.698919875820871e-01
7.790000 1.684514079579106e-01
7.800000 1.665630287618790e-01
7.810000 1.642508510551593e-01
7.820000 1.615448474476386e-01
7.830000 1.584796162846117e-01
7.840000 1.550931034651191e-01
7.850000 1.514253509030600e-01
7.860000 1.475172460130258e-01
7.870000 1.434092711961346e-01
7.880000 1.391402533258652e-01
7.890000 1.347461132338911e-01
7.900000 1.302586151959142e-01
7.910000 1.257041164174997e-01
7.920000 1.211023464592968e-01
7.930000 1.164659650863278e-01
7.940000 1.118020961168341e-01
7.950000 1.071146396951896e-01
7.960000 1.024066145042015e-01
7.970000 9.768249997741107e-02
7.980000 9.295057851139422e-02
7.990000 8.822527767806269e-02
8.000000 8.352951243696441e-02
8.010000 7.889702734758407e-02
8.020000 7.437468468790465e-02
8.030000 7.002334613570391e-02
8.040000 6.591518426296109e-02
8.050000 6.212958759300091e-02
8.060000 5.874901156389661e-02
8.070000 5.585482949187349e-02
8.080000 5.352318353471204e-02
8.090000 5.182083565515137e-02
8.100000 5.080101858429244e-02
8.110000 5.049928678500147e-02
8.120000 5.092942748165873e-02
8.130000 5.208093341489411e-02
8.140000 5.392043997513394e-02
8.150000 5.639472406113481e-02
8.160000 5.943376300486258e-02
8.170000 6.295379349637165e-02
8.180000 6.686037050868411e-02
8.190000 7.105142622266908e-02
8.200000 7.542032895192152e-02
8.210000 7.985894206764195e-02
8.220000 8.426067044649724e-02
8.230000 8.852318251601481e-02
8.240000 9.255030881679038e-02
8.250000 9.625361616222873e-02
8.260000 9.955396932126639e-02
8.270000 1.023830927010941e-01
8.280000 1.046851320298796e-01
8.290000 1.064182160394906e-01
8.300000 1.075560181482166e-01
8.310000 1.080893181434926e-01
8.320000 1.080275226485856e-01
8.330000 1.073991139723650e-01
8.340000 1.062493787007418e-01
8.350000 1.046370646711916e-01
8.360000 1.026309967312412e-01
8.370000 1.003066924969555e-01
8.380000 9.774297811142466e-02
8.390000 9.501860400325102e-02
8.400000 9.220886064503586e-02
8.410000 8.938219431186670e-02
8.420000 8.659686268576597e-02
8.430000 8.389862645515173e-02
8.440000 8.132107074778937e-02
8.450000 7.888696255875510e-02
8.460000 7.660964802436142e-02
8.470000 7.449444969608240e-02
8.480000 7.254006381447929e-02
8.490000 7.073995758312590e-02
8.500000 6.908376644253388e-02
8.510000 6.755869134407845e-02
8.520000 6.615088245583950e-02
8.530000 6.484647009825625e-02
8.540000 6.363170018623110e-02
8.550000 6.249271690104664e-02
8.560000 6.141533179419852e-02
8.570000 6.038479289122847e-02
8.580000 5.938555379555727e-02
8.590000 5.840104279231760e-02
8.600000 5.741343195218705e-02
8.610000 5.640340623522104e-02
8.620000 5.534994230278122e-02
8.630000 5.423033973994639e-02
8.640000 5.302089301222483e-02
8.650000 5.169781583274924e-02
8.660000 5.023817523756705e-02
8.670000 4.862082566093075e-02
8.680000 4.682734301058822e-02
8.690000 4.484295874307313e-02
8.700000 4.265749393899521e-02
8.710000 4.026629337833067e-02
8.720000 3.767114688662861e-02
8.730000 3.488087972503798e-02
8.740000 3.191110286080154e-02
8.750000 2.878363228157022e-02
8.760000 2.552589558063362e-02
8.770000 2.217033854215051e-02
8.780000 1.875383172637936e-02
8.790000 1.531707705490890e-02
8.800000 1.190401439588851e-02
8.810000 8.561228149258887e-03
8.820000 5.337345611073816e-03
8.830000 2.282221594197803e-03
8.840000 -5.544195309657323e-04
8.850000 -3.124555539370570e-03
8.860000 -5.383446275132446e-03
8.870000 -7.291213575333775e-03
8.880000 -8.814421193828418e-03
8.890000 -9.927654725046402e-03
8.900000 -1.061510152779866e-02
8.910000 -1.087213064908181e-02
8.920000 -1.070684263259896e-02
8.930000 -1.014083632989931e-02
8.940000 -9.207988102780618e-03
8.950000 -7.952448028310412e-03
8.960000 -6.426605988563238e-03
8.970000 -4.689057760357961e-03
8.980000 -2.802571104995034e-03
8.990000 -8.320518579938116e-04
9.000000 1.157489981170204e-03
9.010000 3.102974159328052e-03
9.020000 4.945264724528589e-03
9.030000 6.630681341812003e-03
9.040000 8.111233155787406e-03
9.050000 9.344349414072729e-03
9.060000 1.029259073538307e-02
9.070000 1.092336037761912e-02
9.080000 1.120861550595553e-02
9.090000 1.112457846092932e-02
9.100000 1.065144802652826e-02
9.110000 9.773110698279292e-03
9.120000 8.476856597055608e-03
9.130000 6.753216171571393e-03
9.140000 4.596103518314024e-03
9.150000 2.003080490163851e-03
9.160000 -1.024374549267279e-03
9.170000 -4.480597971297505e-03
9.180000 -8.355472127836416e-03
9.190000 -1.263415659704656e-02
9.200000 -1.729681942900485e-02
9.210000 -2.231836839136416e-02
9.220000 -2.766818657453380e-02
9.230000 -3.330998134435787e-02
9.240000 -3.920192102305655e-02
9.250000 -4.529688491766520e-02
9.260000 -5.154271770799242e-02
9.270000 -5.788248383457836e-02
9.280000 -6.425472188665263e-02
9.290000 -7.059369899009263e-02
9.300000 -7.682966519538169e-02
9.310000 -8.288910786556714e-02
9.320000 -8.869502409050690e-02
9.330000 -9.416766178461528e-02
9.340000 -9.922645051964429e-02
9.350000 -1.037924010409650e-01
9.360000 -1.077905228101364e-01
9.370000 -1.111522415474746e-01
9.380000 -1.138178167746223e-01
9.390000 -1.157387593571180e-01
9.400000 -1.168802490469646e-01
9.410000 -1.172235520251998e-01
9.420000 -1.167683925023810e-01
9.430000 -1.155341298249005e-01
9.440000 -1.135579034037918e-01
9.450000 -1.108915831493642e-01
9.460000 -1.075986739637547e-01
9.470000 -1.037512202334795e-01
9.480000 -9.942671032198583e-02
9.490000 -9.470498106220356e-02
9.500000 -8.966512224909653e-02
9.510000 -8.438238113221475e-02
9.520000 -7.892510664011253e-02
9.530000 -7.335272663330751e-02
9.540000 -6.771634746045696e-02
9.550000 -6.206038654307421e-02
9.560000 -5.642424469211231e-02
9.570000 -5.084397842454755e-02
9.580000 -4.535397227996280e-02
9.590000 -3.998861113713122e-02
9.600000 -3.478395253059961e-02
9.610000 -2.977939896727206e-02
9.620000 -2.501933694546052e-02
9.630000 -2.055391023808233e-02
9.640000 -1.643759553869163e-02
9.650000 -1.272691237165756e-02
9.660000 -9.478099704809617e-03
9.670000 -6.744792562082949e-03
9.680000 -4.575698636163778e-03
9.690000 -3.012274901134713e-03
9.700000 -2.086404225120098e-03
9.710000 -1.818071982931388e-03
9.720000 -2.213071828802849e-03
9.730000 -3.261469631477297e-03
9.740000 -4.937991975257181e-03
9.750000 -7.203172823405651e-03
9.760000 -1.000452934163807e-02
9.770000 -1.327773772161349e-02
9.780000 -1.694780900442611e-02
9.790000 -2.093026490409679e-02
9.800000 -2.513231363106452e-02
9.810000 -2.945402571567789e-02
9.820000 -3.378952881125472e-02
9.830000 -3.802869596591341e-02
9.840000 -4.206008654590167e-02
9.850000 -4.577438062769705e-02
9.860000 -4.906783236967559e-02
9.870000 -5.184572338378043e-02
9.880000 -5.402581610719045e-02
9.890000 -5.554180717398896e-02
9.900000 -5.634678078683227e-02
9.910000 -5.641666208861845e-02
9.920000 -5.575360441531362e-02
9.930000 -5.438765745888247e-02
9.940000 -5.237407158663554e-02
9.950000 -4.978888307068065e-02
9.960000 -4.672443319853182e-02
9.970000 -4.328488738371841e-02
9.980000 -3.958175427639414e-02
9.990000 -3.572940487394624e-02
10.000000 -3.184059163160437e-02
10.010000 -2.802196757304982e-02
10.020000 -2.436964919501335e-02
10.030000 -2.096591801558365e-02
10.040000 -1.787881252578076e-02
10.050000 -1.516285878484015e-02
10.060000 -1.285984480948563e-02
10.070000 -1.099959496320214e-02
10.080000 -9.600744345508748e-03
10.090000 -8.671513181231456e-03
10.100000 -8.210481209776129e-03
10.110000 -8.207362074401387e-03
10.120000 -8.643779782955012e-03
10.130000 -9.494099026662860e-03
10.140000 -1.072639221551233e-02
10.150000 -1.230346037168827e-02
10.160000 -1.418385609447250e-02
10.170000 -1.632290652514327e-02
10.180000 -1.867373631187469e-02
10.190000 -2.118829057463632e-02
10.200000 -2.381835787009250e-02
10.210000 -2.651659315650197e-02
10.220000 -2.923753530824072e-02
10.230000 -3.193848292053570e-02
10.240000 -3.458001038934860e-02
10.250000 -3.712634228147025e-02
10.260000 -3.954572225423864e-02
10.270000 -4.181078197525682e-02
10.280000 -4.389891004211081e-02
10.290000 -4.579262090208765e-02
10.300000 -4.747992377189320e-02
10.310000 -4.895469155737017e-02
10.320000 -5.021702036448070e-02
10.330000 -5.127334438316968e-02
10.340000 -5.213592979469437e-02
10.350000 -5.282212405183500e-02
10.360000 -5.335359575036977e-02
10.370000 -5.375557450054994e-02
10.380000 -5.405609079857494e-02
10.390000 -5.428521589806744e-02
10.400000 -5.447430168154840e-02
10.410000 -5.465522053191223e-02
10.420000 -5.485960032943203e-02
10.430000 -5.511793271255049e-02
10.440000 -5.545835962366467e-02
10.450000 -5.590533311869666e-02
10.460000 -5.647827030219399e-02
10.470000 -5.719020826243054e-02
10.480000 -5.804645900650696e-02
10.490000 -5.904326439545154e-02
10.500000 -6.016645107932068e-02
10.510000 -6.139008543229978e-02
10.520000 -6.267517088866904e-02
10.530000 -6.396944770127114e-02
10.540000 -6.520999115709709e-02
10.550000 -6.632691221537404e-02
10.560000 -6.724710054651795e-02
10.570000 -6.789796757108657e-02
10.580000 -6.821118949873252e-02
10.590000 -6.812645036715602e-02
10.600000 -6.759518508105793e-02
10.610000 -6.658432245109265e-02
10.620000 -6.507997122447153e-02
10.630000 -6.308962389847837e-02
10.640000 -6.064059798291578e-02
10.650000 -5.777699504546340e-02
10.660000 -5.455660274868684e-02
10.670000 -5.104779688704633e-02
10.680000 -4.732644342390572e-02
10.690000 -4.347280052854111e-02
10.700000 -3.956842061314968e-02
10.710000 -3.569305236985861e-02
10.720000 -3.192156347302626e-02
10.730000 -2.832140057914932e-02
10.740000 -2.495141323607654e-02
10.750000 -2.186121508982840e-02
10.760000 -1.909056575670908e-02
10.770000 -1.666875269541865e-02
10.780000 -1.461397307916508e-02
10.790000 -1.293271566777640e-02
10.800000 -1.161914267981270e-02
10.810000 -1.065447166467832e-02
10.820000 -1.000639271875082e-02
10.830000 -9.629404645951042e-03
10.840000 -9.467483823432678e-03
10.850000 -9.457672011712841e-03
10.860000 -9.533699508819609e-03
10.870000 -9.629608304439595e-03
10.880000 -9.683375234065490e-03
10.890000 -9.640535133143630e-03
10.900000 -9.457803991221521e-03
10.910000 -9.106702106095424e-03
10.920000 -8.577113905560480e-03
10.930000 -7.879201126828252e-03
10.940000 -7.041136057715205e-03
10.950000 -6.105188135498471e-03
10.960000 -5.123747213374229e-03
10.970000 -4.155346826916051e-03
10.980000 -3.260687460533269e-03
10.990000 -2.498659813929350e-03
11.000000 -1.922368068560224e-03
11.010000 -1.575153154092686e-03
11.020000 -1.486667321413891e-03
11.030000 -1.670282685971098e-03
11.040000 -2.123886003488165e-03
11.050000 -2.832007416012353e-03
11.060000 -3.768000504512275e-03
11.070000 -4.896222341475850e-03
11.080000 -6.174213543508261e-03
11.090000 -7.554878323929920e-03
11.100000 -8.988664545374401e-03
11.110000 -1.042574377238643e-02
11.120000 -1.181818011408104e-02
11.130000 -1.312180760839540e-02
11.140000 -1.429736775038304e-02
11.150000 -1.531135556210077e-02
11.160000 -1.613685445255670e-02
11.170000 -1.675437107765839e-02
11.180000 -1.715267020016091e-02
11.190000 -1.732960954961496e-02
11.200000 -1.729297468231490e-02
11.210000 -1.706131384124690e-02
11.220000 -1.666473940536985e-02
11.230000 -1.614486066154988e-02
11.240000 -1.555251147246181e-02
11.250000 -1.494460926714405e-02
11.260000 -1.438098062088647e-02
11.270000 -1.392118683511813e-02
11.280000 -1.362134951729514e-02
11.290000 -1.353097616078843e-02
11.300000 -1.368978572477153e-02
11.310000 -1.412453421410842e-02
11.320000 -1.484589244826555e-02
11.330000 -1.584668074485466e-02
11.340000 -1.710354807877691e-02
11.350000 -1.858000815599779e-02
11.360000 -2.022952767634634e-02
11.370000 -2.199861459631439e-02
11.380000 -2.382990639185572e-02
11.390000 -2.566525832118528e-02
11.400000 -2.744883168757842e-02
11.410000 -2.913018210217008e-02
11.420000 -3.066730890853832e-02
11.430000 -3.202869481368049e-02
11.440000 -3.319278219675496e-02
11.450000 -3.414643962421546e-02
11.460000 -3.488338952672981e-02
11.470000 -3.540263587609843e-02
11.480000 -3.570689186217311e-02
11.490000 -3.580100756977562e-02
11.500000 -3.569039765561629e-02
11.510000 -3.537946902521279e-02
11.520000 -3.487007593272183e-02
11.530000 -3.416068807651376e-02
11.540000 -3.324736860701671e-02
11.550000 -3.212546513030379e-02
11.560000 -3.079132813459314e-02
11.570000 -2.924402941674816e-02
11.580000 -2.748708050877773e-02
11.590000 -2.553015110433632e-02
11.600000 -2.339078748522423e-02
11.610000 -2.109613094788779e-02
11.620000 -1.868458917690951e-02
11.630000 -1.620628424023915e-02
11.640000 -1.372039508576647e-02
11.650000 -1.129127665963491e-02
11.660000 -8.984531971545055e-03
11.670000 -6.863084160058247e-03
11.680000 -4.983248557900180e-03
11.690000 -3.390804757264454e-03
11.700000 -2.117068675116142e-03
11.710000 -1.174964618495396e-03
11.720000 -5.551761608328706e-04
11.730000 -2.243461045741174e-04
11.740000 -1.284779705883208e-04
11.750000 -1.983865738860894e-04
11.760000 -3.552274103491279e-04
11.770000 -5.160260434599195e-04
11.780000 -5.992074910313973e-04
11.790000 -5.301256119366360e-04
11.800000 -2.465924928385074e-04
11.810000 2.955921650806240e-04
11.820000 1.117200478320893e-03
11.830000 2.212445105490231e-03
11.840000 3.551710021219824e-03
11.850000 5.086590582303011e-03
11.860000 6.755022412765866e-03
11.870000 8.486410288937766e-03
11.880000 1.020675702452200e-02
11.890000 1.184379235566631e-02
11.900000 1.333210182603351e-02
11.910000 1.461825567187203e-02
11.920000 1.566586560222247e-02
11.930000 1.645876685265877e-02
11.940000 1.699944131800166e-02
11.950000 1.730556595856674e-02
11.960000 1.740648910154842e-02
11.970000 1.733970674240388e-02
11.980000 1.714733884623703e-02
11.990000 1.687260564918249e-02
12.000000 1.655630395978948e-02
12.010000 1.623328346040591e-02
12.020000 1.592896655201916e-02
12.030000 1.565700032897850e-02
12.040000 1.541978242187768e-02
12.050000 1.521011897031909e-02
12.060000 1.501292613913489e-02
12.070000 1.480693163460801e-02
12.080000 1.456637622069333e-02
12.090000 1.426271523523876e-02
12.100000 1.386632010620627e-02
12.110000 1.334817986789304e-02
12.120000 1.268159128700273e-02
12.130000 1.184355284482107e-02
12.140000 1.081540696950257e-02
12.150000 9.583186124461575e-03
12.160000 8.137947506613473e-03
12.170000 6.476107744615890e-03
12.180000 4.599777597109918e-03
12.190000 2.517096650961320e-03
12.200000 2.425680195017323e-04
12.210000 -2.202606959230103e-03
12.220000 -4.790204829389254e-03
12.230000 -7.484937057920301e-03
12.240000 -1.024512021453215e-02
12.250000 -1.302362708536773e-02
12.260000 -1.576884859181572e-02
12.270000 -1.842565570932238e-02
12.280000 -2.093636138620324e-02
12.290000 -2.324168246245496e-02
12.300000 -2.528170158856700e-02
12.310000 -2.699682914433348e-02
12.320000 -2.832877937334531e-02
12.330000 -2.922191612517297e-02
12.340000 -2.962553683245617e-02
12.350000 -2.949652609568414e-02
12.360000 -2.880202348365633e-02
12.370000 -2.752209133394311e-02
12.380000 -2.565238255334643e-02
12.390000 -2.320680841836056e-02
12.400000 -2.022020637563276e-02
12.410000 -1.675100784242395e-02
12.420000 -1.288334366544556e-02
12.430000 -8.714528697473703e-03
12.440000 -4.305431826782040e-03
12.450000 3.837748756488835e-04
12.460000 5.558429350546268e-03
12.470000 1.165419274475972e-02
12.480000 1.940186260567590e-02
12.490000 2.989218607563315e-02
12.500000 4.464067308633617e-02
12.510000 6.565240955327067e-02
