3.310000 6.277657339435957e+00
3.320000 6.243532808122254e+00
3.330000 6.031811129369613e+00
3.340000 5.732204716883308e+00
3.350000 5.409622770574733e+00
3.360000 5.107619037206250e+00
3.370000 4.851839571036055e+00
3.380000 4.653470494463023e+00
3.390000 4.512685758671575e+00
3.400000 4.422094904276530e+00
3.410000 4.370190821967956e+00
3.420000 4.344766157293298e+00
3.430000 4.335514463008273e+00
3.440000 4.334561864486987e+00
3.450000 4.336183472700834e+00
3.460000 4.336488441334662e+00
3.470000 4.333105023902938e+00
3.480000 4.324865630865898e+00
3.490000 4.311491886745721e+00
3.500000 4.293279687242679e+00
3.510000 4.270784256351312e+00
3.520000 4.244508430546690e+00
3.530000 4.214674846793667e+00
3.540000 4.181211117183631e+00
3.550000 4.143818907394254e+00
3.560000 4.102046242219316e+00
3.570000 4.055359811098564e+00
3.580000 4.003217273647551e+00
3.590000 3.945139565187482e+00
3.600000 3.880783202275055e+00
3.610000 3.810012588232313e+00
3.620000 3.732971201851015e+00
3.630000 3.650123748634877e+00
3.640000 3.562224601560997e+00
3.650000 3.470257204379148e+00
3.660000 3.375372358085594e+00
3.670000 3.278826507396908e+00
3.680000 3.181920027223804e+00
3.690000 3.085935509144942e+00
3.700000 2.992076047880765e+00
3.710000 2.901403527767306e+00
3.720000 2.814777681103966e+00
3.730000 2.732815215223872e+00
3.740000 2.655899883244679e+00
3.750000 2.584212623541980e+00
3.760000 2.517762471096646e+00
3.770000 2.456417468842179e+00
3.780000 2.399935579012053e+00
3.790000 2.347995594487071e+00
3.800000 2.300228050142702e+00
3.810000 2.256246134196440e+00
3.820000 2.215676316989586e+00
3.830000 2.178181633064606e+00
3.840000 2.143466313915810e+00
3.850000 2.111273074035601e+00
3.860000 2.081380114395165e+00
3.870000 2.053598125925152e+00
3.880000 2.027767292996374e+00
3.890000 2.003754296900488e+00
3.900000 1.981449319330684e+00
3.910000 1.960763045862377e+00
3.920000 1.941623640678029e+00
3.930000 1.923972973639474e+00
3.940000 1.907760949473141e+00
3.950000 1.892939089302783e+00
3.960000 1.879454083426329e+00
3.970000 1.867241344092754e+00
3.980000 1.856218558278931e+00
3.990000 1.846279240466494e+00
4.000000 1.837286285418701e+00
4.010000 1.829065520957289e+00
4.020000 1.821399448174983e+00
4.030000 1.814025854974769e+00
4.040000 1.806648800361729e+00
4.050000 1.798954472061653e+00
4.060000 1.790627231575289e+00
4.070000 1.781365659232597e+00
4.080000 1.770898599246998e+00
4.090000 1.759001204769628e+00
4.100000 1.745510982943589e+00
4.110000 1.730343839958205e+00
4.120000 1.713509823314565e+00
4.130000 1.695120991584810e+00
4.140000 1.675379300117021e+00
4.150000 1.654556614233861e+00
4.160000 1.632974419642485e+00
4.170000 1.610983532844480e+00
4.180000 1.588943811545782e+00
4.190000 1.567203865066602e+00
4.200000 1.546080764751355e+00
4.210000 1.525839754378583e+00
4.220000 1.506674221169213e+00
4.230000 1.488692442351455e+00
4.240000 1.471921531215634e+00
4.250000 1.456318158725657e+00
4.260000 1.441779535728815e+00
4.270000 1.428154395165590e+00
4.280000 1.415253974279453e+00
4.290000 1.402862996826666e+00
4.300000 1.390750655286088e+00
4.310000 1.378681593068976e+00
4.320000 1.366426825997577e+00
4.330000 1.353773084772331e+00
4.340000 1.340528149179381e+00
4.350000 1.326524603286681e+00
4.360000 1.311623529908905e+00
4.370000 1.295718205072352e+00
4.380000 1.278737792479851e+00
4.390000 1.260651037975671e+00
4.400000 1.241469964010418e+00
4.410000 1.221253564105952e+00
4.420000 1.200111367617724e+00
4.430000 1.178203632230669e+00
4.440000 1.155732976086352e+00
4.450000 1.132932637643658e+00
4.460000 1.110054605836923e+00
4.470000 1.087357750234060e+00
4.480000 1.065095951194694e+00
4.490000 1.043506230028286e+00
4.500000 1.022796879152269e+00
4.510000 1.003135592250173e+00
4.520000 9.846377677431475e-01
4.530000 9.673593184095599e-01
4.540000 9.513009196882033e-01
4.550000 9.364167641295873e-01
4.560000 9.226234891606153e-01
4.570000 9.098091048492633e-01
4.580000 8.978419216692571e-01
4.590000 8.865794782647544e-01
4.600000 8.758774692150170e-01
4.610000 8.655986727990955e-01
4.620000 8.556217740681502e-01
4.630000 8.458474659165717e-01
4.640000 8.361976404577353e-01
4.650000 8.266118583985522e-01
4.660000 8.170437137216663e-01
4.670000 8.074571983676486e-01
4.680000 7.978230669171956e-01
4.690000 7.881152012733248e-01
4.700000 7.783069753435703e-01
4.710000 7.683676197221808e-01
4.720000 7.582586309481215e-01
4.730000 7.479313397340610e-01
4.740000 7.373274211986184e-01
4.750000 7.263805640695941e-01
4.760000 7.150181844630082e-01
4.770000 7.031631396621379e-01
4.780000 6.907354418965534e-01
4.790000 6.776539721211577e-01
4.800000 6.638381937952229e-01
4.810000 6.492098666614279e-01
4.820000 6.336947737823623e-01
4.830000 6.172247932711477e-01
4.840000 5.997408450148169e-01
4.850000 5.811961820918139e-01
4.860000 5.615596954469563e-01
4.870000 5.408192185664003e-01
4.880000 5.189848321526036e-01
4.890000 4.960921687992920e-01
4.900000 4.722057176664198e-01
4.910000 4.474221291551369e-01
4.920000 4.218734291992918e-01
4.930000 3.957278835869909e-01
4.940000 3.691848969738322e-01
4.950000 3.424675619261941e-01
4.960000 3.158151175810640e-01
4.970000 2.894754083058665e-01
4.980000 2.636973423582931e-01
4.990000 2.387233505461303e-01
5.000000 2.147818448870887e-01
5.010000 1.920796772686317e-01
5.020000 1.707946592735397e-01
5.030000 1.510696723146047e-01
5.040000 1.330108147078828e-01
5.050000 1.166871390550776e-01
5.060000 1.021304507916582e-01
5.070000 8.933510673497742e-02
5.080000 7.825781363239086e-02
5.090000 6.881742670937482e-02
5.100000 6.089474821764496e-02
5.110000 5.433232598327464e-02
5.120000 4.893434804708722e-02
5.130000 4.446903570416747e-02
5.140000 4.067737863344494e-02
5.150000 3.728436842639664e-02
5.160000 3.401032820802329e-02
5.170000 3.058224225782589e-02
5.180000 2.674508563078207e-02
5.190000 2.227315377832258e-02
5.200000 1.698139216930754e-02
5.210000 1.073672591100308e-02
5.220000 3.469201645644193e-03
5.230000 -4.821751387750158e-03
5.240000 -1.407345010284583e-02
5.250000 -2.417096715021011e-02
5.260000 -3.495832822594204e-02
5.270000 -4.624970938030251e-02
5.280000 -5.784063432634443e-02
5.290000 -6.951917174854293e-02
5.300000 -8.107713261142543e-02
5.310000 -9.232126746820196e-02
5.320000 -1.030843362499301e-01
5.330000 -1.132328625485883e-01
5.340000 -1.226664716154528e-01
5.350000 -1.313139128533840e-01
5.360000 -1.391289547896462e-01
5.370000 -1.460862800487282e-01
5.380000 -1.521773803251638e-01
5.390000 -1.574064513563521e-01
5.400000 -1.617862878953779e-01
5.410000 -1.653341786838322e-01
5.420000 -1.680678505284642e-01
5.430000 -1.700026890774663e-01
5.440000 -1.711522004496687e-01
5.450000 -1.715297495633678e-01
5.460000 -1.711503475689854e-01
5.470000 -1.700324392817281e-01
5.480000 -1.681996906142467e-01
5.490000 -1.656827760092964e-01
5.500000 -1.625211658723950e-01
5.510000 -1.587649140044839e-01
5.520000 -1.544764128288163e-01
5.530000 -1.497313112678236e-01
5.540000 -1.446173070391518e-01
5.550000 -1.392321016016751e-01
5.560000 -1.336813228957384e-01
5.570000 -1.280764480834009e-01
5.580000 -1.225327262886784e-01
5.590000 -1.171671013377875e-01
5.600000 -1.120961344993872e-01
5.610000 -1.074339272248229e-01
5.620000 -1.032900370683827e-01
5.630000 -9.976721628790530e-02
5.640000 -9.695870032627923e-02
5.650000 -9.494531897329435e-02
5.660000 -9.379260070750572e-02
5.670000 -9.354787703809836e-02
5.680000 -9.423738684675145e-02
5.690000 -9.586338072950289e-02
5.700000 -9.840122533861342e-02
5.710000 -1.017965077244315e-01
5.720000 -1.059622319724609e-01
5.730000 -1.107784155157277e-01
5.740000 -1.160977769305954e-01
5.750000 -1.217538234078794e-01
5.760000 -1.275690305191642e-01
5.770000 -1.333630219831213e-01
5.780000 -1.389607494318269e-01
5.790000 -1.442006721770797e-01
5.800000 -1.489429369767184e-01
5.810000 -1.530775578009397e-01
5.820000 -1.565324639202485e-01
5.830000 -1.592781243558685e-01
5.840000 -1.613234815579334e-01
5.850000 -1.627084614461367e-01
5.860000 -1.634963517720158e-01
5.870000 -1.637661804812355e-01
5.880000 -1.636050940758708e-01
5.890000 -1.631007359766915e-01
5.900000 -1.623336248854444e-01
5.910000 -1.613695331471380e-01
5.920000 -1.602519717135265e-01
5.930000 -1.589974467378355e-01
5.940000 -1.575977518487885e-01
5.950000 -1.560250320558738e-01
5.960000 -1.542369542558131e-01
5.970000 -1.521818777390296e-01
5.980000 -1.498040246961165e-01
5.990000 -1.470486507243053e-01
6.000000 -1.438672153339345e-01
6.010000 -1.402225524549179e-01
6.020000 -1.360939860272014e-01
6.030000 -1.314810177749362e-01
6.040000 -1.264033905239245e-01
6.050000 -1.208997237027820e-01
6.060000 -1.150260939280882e-01
6.070000 -1.088546155895370e-01
6.080000 -1.024720214350873e-01
6.090000 -9.597824315611356e-02
6.100000 -8.948499197255642e-02
6.110000 -8.311433921807336e-02
6.120000 -7.699726078670320e-02
6.130000 -7.127124197889449e-02
6.140000 -6.607549720745712e-02
6.150000 -6.154525010287792e-02
6.160000 -5.780597748015002e-02
6.170000 -5.496765330560235e-02
6.180000 -5.311899266372895e-02
6.190000 -5.232169572401864e-02
6.200000 -5.260469170778418e-02
6.210000 -5.395838285499197e-02
6.220000 -5.632900589760795e-02
6.230000 -5.961604870237586e-02
6.240000 -6.367742234369232e-02
6.250000 -6.833768834591429e-02
6.260000 -7.339640343218294e-02
6.270000 -7.863646427324764e-02
6.280000 -8.383245223628999e-02
6.290000 -8.875897813374771e-02
6.300000 -9.319902697213851e-02
6.310000 -9.695230270088441e-02
6.320000 -9.984350449694324e-02
6.330000 -1.017288229804480e-01
6.340000 -1.024979177936714e-01
6.350000 -1.020741151109976e-01
6.360000 -1.004145366847022e-01
6.370000 -9.751022889073166e-02
6.380000 -9.338629177448331e-02
6.390000 -8.810200809658490e-02
6.400000 -8.175097237867435e-02
6.410000 -7.446121994917969e-02
6.420000 -6.639528177069294e-02
6.430000 -5.774830958879973e-02
6.440000 -4.874130266614085e-02
6.450000 -3.961240483792931e-02
6.460000 -3.060812734906151e-02
6.470000 -2.197457169122873e-02
6.480000 -1.394865244002830e-02
6.490000 -6.749320092075090e-03
6.500000 -5.687839021126791e-04
6.510000 4.436265279875245e-03
6.520000 8.153313896903248e-03
6.530000 1.051960943231523e-02
6.540000 1.151993803019666e-02
6.550000 1.118132697487934e-02
6.560000 9.567628895795981e-03
6.570000 6.774105972334726e-03
6.580000 2.922014138693625e-03
6.590000 -1.846812711264805e-03
6.600000 -7.375378519159054e-03
6.610000 -1.349694085723412e-02
6.620000 -2.004040280819545e-02
6.630000 -2.683508304694322e-02
6.640000 -3.371390751174588e-02
6.650000 -4.051597927731399e-02
6.660000 -4.708912451256265e-02
6.670000 -5.329243843837374e-02
6.680000 -5.899883128535822e-02
6.690000 -6.409757425161866e-02
6.700000 -6.849684546051137e-02
6.710000 -7.212627591840882e-02
6.720000 -7.493945444712331e-02
6.730000 -7.691536595752450e-02
6.740000 -7.805712205080327e-02
6.750000 -7.838962496092942e-02
6.760000 -7.795719047177076e-02
6.770000 -7.682117083421212e-02
6.780000 -7.505757768327428e-02
6.790000 -7.275470495523320e-02
6.800000 -7.001075180473894e-02
6.810000 -6.693144552193468e-02
6.820000 -6.362766439259190e-02
6.830000 -6.021305907666216e-02
6.840000 -5.680167022588711e-02
6.850000 -5.350554461982528e-02
6.860000 -5.043235124489483e-02
6.870000 -4.768299737341651e-02
6.880000 -4.534924464265628e-02
6.890000 -4.351132513386829e-02
6.900000 -4.223555745133759e-02
6.910000 -4.157196280142300e-02
6.920000 -4.155192340006737e-02
6.930000 -4.218694142046266e-02
6.940000 -4.347019161956908e-02
6.950000 -4.537917450478927e-02
6.960000 -4.787841182910969e-02
6.970000 -5.092214208624213e-02
6.980000 -5.445701600576526e-02
6.990000 -5.842479204826614e-02
7.000000 -6.276503190048158e-02
7.010000 -6.741779597043988e-02
7.020000 -7.232630878565703e-02
7.030000 -7.743884187076133e-02
7.040000 -8.270861022674267e-02
7.050000 -8.809288628963001e-02
7.060000 -9.355208379222386e-02
7.070000 -9.904884162582847e-02
7.080000 -1.045471077019841e-01
7.090000 -1.100112228141997e-01
7.100000 -1.154050044996849e-01
7.110000 -1.206908309010825e-01
7.120000 -1.258287362627860e-01
7.130000 -1.307758089264669e-01
7.140000 -1.354863572092125e-01
7.150000 -1.399123777808746e-01
7.160000 -1.440040356760022e-01
7.170000 -1.477101443057747e-01
7.180000 -1.509786454699352e-01
7.190000 -1.537570893687236e-01
7.200000 -1.559931146148095e-01
7.210000 -1.576349282452259e-01
7.220000 -1.586318091837359e-01
7.230000 -1.589352214144901e-01
7.240000 -1.585014748843407e-01
7.250000 -1.572949961164453e-01
7.260000 -1.552916222743057e-01
7.270000 -1.524818952258056e-01
7.280000 -1.488743556072486e-01
7.290000 -1.444988368873970e-01
7.300000 -1.394097594315090e-01
7.310000 -1.336894245653780e-01
7.320000 -1.274512110136312e-01
7.330000 -1.208402330688284e-01
7.340000 -1.140275554618170e-01
7.350000 -1.072018699628861e-01
7.360000 -1.005610743571817e-01
7.370000 -9.430385142012208e-02
7.380000 -8.862124789281306e-02
7.390000 -8.368825345746331e-02
7.400000 -7.965537971279960e-02
7.410000 -7.664023914948223e-02
7.420000 -7.471923863458060e-02
7.430000 -7.392225013161836e-02
7.440000 -7.423483901860291e-02
7.450000 -7.560346964162411e-02
7.460000 -7.794082537751369e-02
7.470000 -8.113112869650460e-02
7.480000 -8.503546122489015e-02
7.490000 -8.949708380768356e-02
7.500000 -9.434675657127681e-02
7.510000 -9.940805898610044e-02
7.520000 -1.045026989204102e-01
7.530000 -1.094555354633935e-01
7.540000 -1.140988751627018e-01
7.550000 -1.182764820313021e-01
7.560000 -1.218475765454573e-01
7.570000 -1.246908346427045e-01
7.580000 -1.267083867198349e-01
7.590000 -1.278298166308738e-01
7.600000 -1.280161606850591e-01
7.610000 -1.272639066448214e-01
7.620000 -1.256088941387630e-01
7.630000 -1.231276518646293e-01
7.640000 -1.199322281822615e-01
7.650000 -1.161624584965412e-01
7.660000 -1.119781340553347e-01
7.670000 -1.075511707474380e-01
7.680000 -1.030577779005206e-01
7.690000 -9.867062707907046e-02
7.700000 -9.455102088233799e-02
7.710000 -9.084106174228117e-02
7.720000 -8.765591110072356e-02
7.730000 -8.507839844608381e-02
7.740000 -8.315959537824423e-02
7.750000 -8.192173953299037e-02
7.760000 -8.136124888566428e-02
7.770000 -8.145173605481820e-02
7.780000 -8.214702260586805e-02
7.790000 -8.338415335474701e-02
7.800000 -8.508641067155889e-02
7.810000 -8.716632878423192e-02
7.820000 -8.952870079460455e-02
7.830000 -9.207339621776031e-02
7.840000 -9.469769754191572e-02
7.850000 -9.729844731155651e-02
7.860000 -9.977418792300689e-02
7.870000 -1.020273014199984e-01
7.880000 -1.039661492892390e-01
7.890000 -1.055072122559820e-01
7.900000 -1.065772300795952e-01
7.910000 -1.071153413491296e-01
7.920000 -1.070751975790057e-01
7.930000 -1.064264091077312e-01
7.940000 -1.051542948043195e-01
7.950000 -1.032589635777396e-01
7.960000 -1.007543701864836e-01
7.970000 -9.766737104813372e-02
7.980000 -9.403678004892957e-02
7.990000 -8.991242435333528e-02
8.000000 -8.535420021360658e-02
8.010000 -8.043112877935833e-02
8.020000 -7.522039878915301e-02
8.030000 -6.980606819465766e-02
8.040000 -6.427689999824045e-02
8.050000 -5.872385702313535e-02
8.060000 -5.323758356562823e-02
8.070000 -4.790588704724311e-02
8.080000 -4.281121966692843e-02
8.090000 -3.802816005324320e-02
8.100000 -3.362089491654328e-02
8.110000 -2.964070070116759e-02
8.120000 -2.612345605125140e-02
8.130000 -2.308795543084366e-02
8.140000 -2.053625644341132e-02
8.150000 -1.845482830564771e-02
8.160000 -1.681573113490802e-02
8.170000 -1.557779523664470e-02
8.180000 -1.468780039184295e-02
8.190000 -1.408165514445617e-02
8.200000 -1.368557608884136e-02
8.210000 -1.341726715719468e-02
8.220000 -1.318712472988392e-02
8.230000 -1.290011414110764e-02
8.240000 -1.245935049576713e-02
8.250000 -1.177035088166501e-02
8.260000 -1.074531240460083e-02
8.270000 -9.307390223466733e-03
8.280000 -7.394975585343156e-03
8.290000 -4.965973860594448e-03
8.300000 -2.002082577964542e-03
8.310000 1.486930540327376e-03
8.320000 5.459047332097222e-03
8.330000 9.838361452462816e-03
8.340000 1.451989467910787e-02
8.350000 1.937695572130252e-02
8.360000 2.426859681752994e-02
8.370000 2.904707033311275e-02
8.380000 3.356528535783972e-02
8.390000 3.768426430359228e-02
8.400000 4.128059950197099e-02
8.410000 4.425390980192223e-02
8.420000 4.653419315795514e-02
8.430000 4.808647497371227e-02
8.440000 4.890859182451421e-02
8.450000 4.902627093525754e-02
8.460000 4.848810564890347e-02
8.470000 4.736053089496634e-02
8.480000 4.572279865800207e-02
8.490000 4.366195344609691e-02
8.500000 4.126780775935569e-02
8.510000 3.862791755839067e-02
8.520000 3.582261352127158e-02
8.530000 3.292148280048222e-02
8.540000 2.998353281835398e-02
8.550000 2.705880556250556e-02
8.560000 2.419004766974463e-02
8.570000 2.141438050996914e-02
8.580000 1.876497027006907e-02
8.590000 1.627269803782784e-02
8.600000 1.396782988582384e-02
8.610000 1.188168695533201e-02
8.620000 1.004827941220223e-02
8.630000 8.505001074136227e-03
8.640000 7.290939588437927e-03
8.650000 6.444247281162177e-03
8.660000 5.999475878240427e-03
8.670000 5.984911226606380e-03
8.680000 6.419908015321655e-03
8.690000 7.312224496701442e-03
8.700000 8.655357207440163e-03
8.710000 1.042587568973712e-02
8.720000 1.258082210049323e-02
8.730000 1.505679791035547e-02
8.740000 1.777333321545177e-02
8.750000 2.063794313897370e-02
8.760000 2.355124912083026e-02
8.770000 2.641210020730163e-02
8.780000 2.912269434069291e-02
8.790000 3.159369964898792e-02
8.800000 3.374937573550293e-02
8.810000 3.553269496854045e-02
8.820000 3.691038011142843e-02
8.830000 3.787576680258151e-02
8.840000 3.844614450100260e-02
8.850000 3.865792228180644e-02
8.860000 3.856171097212856e-02
8.870000 3.821740528703424e-02
8.880000 3.768926596542745e-02
8.890000 3.704100190595997e-02
8.900000 3.633085230294020e-02
8.910000 3.560666878224224e-02
8.920000 3.490106843703288e-02
8.930000 3.422843025876702e-02
8.940000 3.358657095617265e-02
8.950000 3.296026416950420e-02
8.960000 3.232483058461413e-02
8.970000 3.164972804702427e-02
8.980000 3.090214167599742e-02
8.990000 3.005057397860874e-02
9.000000 2.906843496381723e-02
9.010000 2.793763225653727e-02
9.020000 2.665211106278541e-02
9.030000 2.522009026278750e-02
9.040000 2.366298867506161e-02
9.050000 2.201304744846109e-02
9.060000 2.031090230529312e-02
9.070000 1.860315578443713e-02
9.080000 1.693994948446331e-02
9.090000 1.537253630675109e-02
9.100000 1.395085269860759e-02
9.110000 1.272109089638617e-02
9.120000 1.172329590409501e-02
9.130000 1.098960559475010e-02
9.140000 1.054412335407918e-02
9.150000 1.040343384697001e-02
9.160000 1.057714351940882e-02
9.170000 1.106842110041878e-02
9.180000 1.187453810399840e-02
9.190000 1.298740933106005e-02
9.200000 1.439413337136831e-02
9.210000 1.607753310547852e-02
9.220000 1.801669232333926e-02
9.230000 2.018739137616155e-02
9.240000 2.256228652811871e-02
9.250000 2.511098834131282e-02
9.260000 2.780013617740536e-02
9.270000 3.059347269924772e-02
9.280000 3.345191837251179e-02
9.290000 3.633364596732067e-02
9.300000 3.919415505987898e-02
9.310000 4.198634653410377e-02
9.320000 4.466061254607885e-02
9.330000 4.716532852193391e-02
9.340000 4.944836570210821e-02
9.350000 5.145900571903897e-02
9.360000 5.314987063767346e-02
9.370000 5.447885299598127e-02
9.380000 5.541104584546655e-02
9.390000 5.592067279168025e-02
9.400000 5.599301803473227e-02
9.410000 5.562635640980380e-02
9.420000 5.483384479484197e-02
9.430000 5.364440906499965e-02
9.440000 5.210108128112020e-02
9.450000 5.025833242496733e-02
9.460000 4.817936650163743e-02
9.470000 4.593341464197166e-02
9.480000 4.359302920496846e-02
9.490000 4.123137788019578e-02
9.500000 3.891953779020328e-02
9.510000 3.672378959293474e-02
9.520000 3.470293790288231e-02
9.530000 3.290631599953341e-02
9.540000 3.137352757279100e-02
9.550000 3.013487275568657e-02
9.560000 2.921180047583502e-02
9.570000 2.861736080688965e-02
9.580000 2.835665731999703e-02
9.590000 2.842729943525200e-02
9.600000 2.881985477315257e-02
9.610000 2.951830150605487e-02
9.620000 3.050048129186153e-02
9.630000 3.173856734578006e-02
9.640000 3.319957093948937e-02
9.650000 3.484586303837633e-02
9.660000 3.663569652100580e-02
9.670000 3.852372839859056e-02
9.680000 4.046154203446127e-02
9.690000 4.239816936353657e-02
9.700000 4.428061311179291e-02
9.710000 4.605436901573474e-02
9.720000 4.766396517165534e-02
9.730000 4.905394675946694e-02
9.740000 5.017099133274360e-02
9.750000 5.096646948333299e-02
9.760000 5.139902263575937e-02
9.770000 5.143714084162643e-02
9.780000 5.106174057402022e-02
9.790000 5.026874252191219e-02
9.800000 4.907164938456175e-02
9.810000 4.750412366591960e-02
9.820000 4.562249470669808e-02
9.830000 4.350642589580267e-02
9.840000 4.125491156783272e-02
9.850000 3.898043407994313e-02
9.860000 3.680305012637346e-02
9.870000 3.484447705297716e-02
9.880000 3.322217917175084e-02
9.890000 3.204345407536349e-02
9.900000 3.139951895168565e-02
9.910000 3.135959689831870e-02
9.920000 3.196508044380537e-02
9.930000 3.322570244255470e-02
9.940000 3.512080261073425e-02
9.950000 3.760260143587695e-02
9.960000 4.059955129316912e-02
9.970000 4.401968756173861e-02
9.980000 4.775397974094280e-02
9.990000 5.167968256665680e-02
10.000000 5.566368712756140e-02
10.010000 5.956587198143132e-02
10.020000 6.324245866147661e-02
10.030000 6.654948132407573e-02
10.040000 6.934654614003985e-02
10.050000 7.150070482726885e-02
10.060000 7.289033257346046e-02
10.070000 7.340900595881973e-02
10.080000 7.296938087876818e-02
10.090000 7.150707046665333e-02
10.100000 6.898452301645766e-02
10.110000 6.539489990550830e-02
10.120000 6.076587317673682e-02
10.130000 5.516133426925703e-02
10.140000 4.867780027928768e-02
10.150000 4.143873136939313e-02
10.160000 3.358876783727434e-02
10.170000 2.528796718455999e-02
10.180000 1.670604118559769e-02
10.190000 8.016592956245067e-03
10.200000 -6.086459773390944e-04
10.210000 -9.005578609903680e-03
10.220000 -1.702345672312430e-02
10.230000 -2.452932985668632e-02
10.240000 -3.140928237683786e-02
10.250000 -3.756840525000683e-02
10.260000 -4.293071915122811e-02
10.270000 -4.743909757257062e-02
10.280000 -5.105518993156449e-02
10.290000 -5.375934467962833e-02
10.300000 -5.555053241049605e-02
10.310000 -5.644626896864447e-02
10.320000 -5.648251061548417e-02
10.330000 -5.571282269741928e-02
10.340000 -5.420570412634135e-02
10.350000 -5.204118536199152e-02
10.360000 -4.930739845208679e-02
10.370000 -4.609714707244639e-02
10.380000 -4.250447656711800e-02
10.390000 -3.862124398850411e-02
10.400000 -3.453368813748827e-02
10.410000 -3.031899960356142e-02
10.420000 -2.604194081888322e-02
10.430000 -2.175276647465495e-02
10.440000 -1.748844485720627e-02
10.450000 -1.327517954639362e-02
10.460000 -9.130981127933648e-03
10.470000 -5.068238905736598e-03
10.480000 -1.096292614239822e-03
10.490000 2.775995869258851e-03
10.500000 6.537670812267653e-03
10.510000 1.017311091476745e-02
10.520000 1.365950090787475e-02
10.530000 1.696542923841188e-02
10.540000 2.005234427924183e-02
10.550000 2.287713662551027e-02
10.560000 2.539476470188401e-02
10.570000 2.756088036978962e-02
10.580000 2.933445453465175e-02
10.590000 3.068040275313179e-02
10.600000 3.157221084036621e-02
10.610000 3.199456047720523e-02
10.620000 3.194590988646583e-02
10.630000 3.143990630356779e-02
10.640000 3.050383300214068e-02
10.650000 2.917588811401368e-02
10.660000 2.750241851821987e-02
10.670000 2.553515373000074e-02
10.680000 2.332843978981056e-02
10.690000 2.093647315232086e-02
10.700000 1.841053457542472e-02
10.710000 1.579622300924136e-02
10.720000 1.313073544927117e-02
10.730000 1.044134185747156e-02
10.740000 7.746893717284613e-03
10.750000 5.060527656585508e-03
10.760000 2.392415034781618e-03
10.770000 -2.474884700883608e-04
10.780000 -2.846693274255277e-03
10.790000 -5.387426301120396e-03
10.800000 -7.843881394156264e-03
10.810000 -1.017946972980759e-02
10.820000 -1.234413541479689e-02
10.830000 -1.427336587795428e-02
10.840000 -1.589150443276262e-02
10.850000 -1.711675763442686e-02
10.860000 -1.786626782134818e-02
10.870000 -1.806118565659822e-02
10.880000 -1.763174266939313e-02
10.890000 -1.652232379656780e-02
10.900000 -1.469653992404995e-02
10.910000 -1.214230042833436e-02
10.920000 -8.876797466312657e-03
10.930000 -4.949195722352066e-03
10.940000 -4.374975468515809e-04
10.950000 4.556886447953136e-03
10.960000 9.914655043829188e-03
10.970000 1.550413407238581e-02
10.980000 2.118679407091378e-02
10.990000 2.682276793822486e-02
11.000000 3.227636859049115e-02
11.010000 3.742160661708446e-02
11.020000 4.214765175516236e-02
11.030000 4.636283365166238e-02
11.040000 4.999493466256435e-02
11.050000 5.299002193956075e-02
11.060000 5.531122333547399e-02
11.070000 5.693750330967334e-02
11.080000 5.786243883349203e-02
11.090000 5.809299529564439e-02
11.100000 5.764830240764263e-02
11.110000 5.655843010921427e-02
11.120000 5.486316301503846e-02
11.130000 5.261073693579009e-02
11.140000 4.985647912627202e-02
11.150000 4.666141060785475e-02
11.160000 4.309084703223551e-02
11.170000 3.921299954519756e-02
11.180000 3.509757565036926e-02
11.190000 3.081438007298336e-02
11.200000 2.643191562363606e-02
11.210000 2.201598406204633e-02
11.220000 1.762829939828568e-02
11.230000 1.332542456824735e-02
11.240000 9.158528982183840e-03
11.250000 5.173469447483815e-03
11.260000 1.410883528919633e-03
11.270000 -2.093717091105127e-03
11.280000 -5.309853252308084e-03
11.290000 -8.211984956280539e-03
11.300000 -1.077941800623988e-02
11.310000 -1.299621064678207e-02
11.320000 -1.485108383321571e-02
11.330000 -1.633742587001832e-02
11.340000 -1.745353660167983e-02
11.350000 -1.820296597266833e-02
11.360000 -1.859485621697732e-02
11.370000 -1.864428404767315e-02
11.380000 -1.837260284644229e-02
11.390000 -1.780778485313869e-02
11.400000 -1.698476335533112e-02
11.410000 -1.594577487785048e-02
11.420000 -1.474067598074281e-02
11.430000 -1.342659987576853e-02
11.440000 -1.206593719767305e-02
11.450000 -1.072365659400365e-02
11.460000 -9.464599923331965e-03
11.470000 -8.350777453476508e-03
11.480000 -7.438663059725143e-03
11.490000 -6.776489423057600e-03
11.500000 -6.401543228367959e-03
11.510000 -6.337460362687162e-03
11.520000 -6.591564373675701e-03
11.530000 -7.153329695141507e-03
11.540000 -7.995700050391104e-03
11.550000 -9.077531622606017e-03
11.560000 -1.034607948548938e-02
11.570000 -1.173948403391255e-02
11.580000 -1.318925741456173e-02
11.590000 -1.462276995658456e-02
11.600000 -1.596573660223674e-02
11.610000 -1.714470333752867e-02
11.620000 -1.808953392766974e-02
11.630000 -1.873590457725411e-02
11.640000 -1.902781870709749e-02
11.650000 -1.892012965581539e-02
11.660000 -1.838106368619899e-02
11.670000 -1.739474299159110e-02
11.680000 -1.596370870226211e-02
11.690000 -1.411144389178594e-02
11.700000 -1.188489658341590e-02
11.710000 -9.357002756460685e-03
11.720000 -6.629109807468873e-03
11.730000 -3.830811836436104e-03
11.740000 -1.113214950377410e-03
11.750000 1.360385608077941e-03
11.760000 3.423927877283034e-03
11.770000 4.918005593169907e-03
11.780000 5.699290605846114e-03
11.790000 5.649955296191336e-03
11.800000 4.687094992453976e-03
11.810000 2.772150386847749e-03
11.820000 -7.984043775379019e-05
11.830000 -3.795420118575131e-03
11.840000 -8.249135857230576e-03
11.850000 -1.327439340146870e-02
11.860000 -1.867448141681897e-02
11.870000 -2.423359585823817e-02
11.880000 -2.972786434175705e-02
11.890000 -3.493637051612687e-02
11.900000 -3.965217843446583e-02
11.910000 -4.369335692590579e-02
11.920000 -4.691387151523316e-02
11.930000 -4.921103259038660e-02
11.940000 -5.052420173759031e-02
11.950000 -5.083005432434379e-02
11.960000 -5.013770963040601e-02
11.970000 -4.848386097877953e-02
11.980000 -4.592790586669484e-02
11.990000 -4.254707609659435e-02
12.000000 -3.843156790711669e-02
12.010000 -3.367967210408095e-02
12.020000 -2.839294222250582e-02
12.030000 -2.267235149554271e-02
12.040000 -1.661695987172784e-02
12.050000 -1.032356983914819e-02
12.060000 -3.886420280642452e-03
12.070000 2.603119670997912e-03
12.080000 9.056856777827669e-03
12.090000 1.539007984154678e-02
12.100000 2.152186584829938e-02
12.110000 2.737538611347277e-02
12.120000 3.287821480178877e-02
12.130000 3.796269920499692e-02
12.140000 4.256648678886445e-02
12.150000 4.663311399776825e-02
12.160000 5.011259743457911e-02
12.170000 5.296202504054589e-02
12.180000 5.514614727517986e-02
12.190000 5.663796829613899e-02
12.200000 5.741933713911202e-02
12.210000 5.748153889770292e-02
12.220000 5.682588811579269e-02
12.230000 5.546437970432069e-02
12.240000 5.342048588159198e-02
12.250000 5.073001063800405e-02
12.260000 4.744194641325131e-02
12.270000 4.361933077352939e-02
12.280000 3.934010308873961e-02
12.290000 3.469796120969341e-02
12.300000 2.980321814531662e-02
12.310000 2.478365873985403e-02
12.320000 1.978533096311529e-02
12.330000 1.497163713980252e-02
12.340000 1.051810963958297e-02
12.350000 6.605486506243298e-03
12.360000 3.412721699885262e-03
12.370000 1.109995339121551e-03
12.380000 -1.482760567284909e-04
12.390000 -2.304293254430593e-04
12.400000 9.654555802978385e-04
12.410000 3.504565835108191e-03
12.420000 7.406910137572860e-03
12.430000 1.260102112343233e-02
12.440000 1.878157197451498e-02
12.450000 2.522914104417480e-02
12.460000 3.062852063721006e-02
12.470000 3.288702578978188e-02
12.480000 2.895280304933285e-02
12.490000 1.463313925450572e-02
12.500000 -1.558722968493798e-02
12.510000 -6.872781000819944e-02
