3.200000 2.277749924991808e+00
3.210000 4.287026653120181e+00
3.220000 5.544278730053890e+00
3.230000 6.259680892719182e+00
3.240000 6.598993950128301e+00
3.250000 6.689001831832503e+00
3.260000 6.622948636375089e+00
3.270000 6.465975679744411e+00
3.280000 6.260558543826888e+00
3.290000 6.031944124860027e+00
3.300000 5.793587681885446e+00
3.310000 5.552545084445384e+00
3.320000 5.313700591240070e+00
3.330000 5.081039225088288e+00
3.340000 4.857755117007372e+00
3.350000 4.646315093352549e+00
3.360000 4.448522262956304e+00
3.370000 4.265579604267720e+00
3.380000 4.098153552491835e+00
3.390000 3.946437586728998e+00
3.400000 3.810215817114214e+00
3.410000 3.688926427224716e+00
3.420000 3.581721354568979e+00
3.430000 3.487516423347472e+00
3.440000 3.405037716679254e+00
3.450000 3.332867804235232e+00
3.460000 3.269491969871419e+00
3.470000 3.213344439262189e+00
3.480000 3.162854607533538e+00
3.490000 3.116493266896336e+00
3.500000 3.072818834279590e+00
3.510000 3.030523128992111e+00
3.520000 2.988465454489956e+00
3.530000 2.945676995906801e+00
3.540000 2.901353525897540e+00
3.550000 2.854847660931030e+00
3.560000 2.805661117582830e+00
3.570000 2.753436968827970e+00
3.580000 2.697951900333672e+00
3.590000 2.639108466752126e+00
3.600000 2.576927348013220e+00
3.610000 2.511539540468136e+00
3.620000 2.443176854631102e+00
3.630000 2.372158115041173e+00
3.640000 2.298873667317365e+00
3.650000 2.223769820124127e+00
3.660000 2.147333287136828e+00
3.670000 2.070075629007248e+00
3.680000 1.992517695329049e+00
3.690000 1.915174066603267e+00
3.700000 1.838537496203792e+00
3.710000 1.763063475515523e+00
3.720000 1.689158000682706e+00
3.730000 1.617173465126859e+00
3.740000 1.547407752576080e+00
3.750000 1.480103453157158e+00
3.760000 1.415447079487675e+00
3.770000 1.353568282768109e+00
3.780000 1.294539068873946e+00
3.790000 1.238373014447782e+00
3.800000 1.185024482991424e+00
3.810000 1.134387965820401e+00
3.820000 1.086300668570961e+00
3.830000 1.040553335037450e+00
3.840000 9.969043154751530e-01
3.850000 9.550937596568279e-01
3.860000 9.148578099292389e-01
3.870000 8.759427942696895e-01
3.880000 8.381194193425578e-01
3.890000 8.011969635558284e-01
3.900000 7.650374701176291e-01
3.910000 7.295697019361184e-01
3.920000 6.947969060648245e-01
3.930000 6.607888664840097e-01
3.940000 6.276677684496744e-01
3.950000 5.955938248881344e-01
3.960000 5.647509027906017e-01
3.970000 5.353321496077642e-01
3.980000 5.075256196443637e-01
3.990000 4.814999004537754e-01
4.000000 4.573897392325881e-01
4.010000 4.352818373305938e-01
4.020000 4.152050146481049e-01
4.030000 3.971314650581129e-01
4.040000 3.809823803244252e-01
4.050000 3.666337419960808e-01
4.060000 3.539221133017630e-01
4.070000 3.426504310442145e-01
4.080000 3.325937974946517e-01
4.090000 3.235052722871779e-01
4.100000 3.151216643131989e-01
4.110000 3.071693381829339e-01
4.120000 2.993703993375135e-01
4.130000 2.914498402019671e-01
4.140000 2.831430648713667e-01
4.150000 2.742034283523248e-01
4.160000 2.644097758044932e-01
4.170000 2.535739817820618e-01
4.180000 2.415484894752568e-01
4.190000 2.282338499518395e-01
4.200000 2.135862613986045e-01
4.210000 1.976249424154287e-01
4.220000 1.804351917175435e-01
4.230000 1.621604996037506e-01
4.240000 1.429903471349483e-01
4.250000 1.231478394954166e-01
4.260000 1.028773393541026e-01
4.270000 8.243210022590604e-02
4.280000 6.206189983296396e-02
4.290000 4.200067346593646e-02
4.300000 2.245414734529187e-02
4.310000 3.587625829818611e-03
4.320000 -1.448222228644929e-02
4.330000 -3.168542743546397e-02
4.340000 -4.799278502206649e-02
4.350000 -6.340976744107113e-02
4.360000 -7.797043609434993e-02
4.370000 -9.173135340791687e-02
4.380000 -1.047654948490124e-01
4.390000 -1.171561609431879e-01
4.400000 -1.289908892913897e-01
4.410000 -1.403554171893718e-01
4.420000 -1.513289596073254e-01
4.430000 -1.619828256844618e-01
4.440000 -1.723803502085154e-01
4.450000 -1.825768756600449e-01
4.460000 -1.926197342567340e-01
4.470000 -2.025482299976932e-01
4.480000 -2.123936207077606e-01
4.490000 -2.221791000818029e-01
4.500000 -2.319197797290167e-01
4.510000 -2.416226745634640e-01
4.520000 -2.512867751774135e-01
4.530000 -2.609033409866051e-01
4.540000 -2.704562803342190e-01
4.550000 -2.799225339386724e-01
4.560000 -2.892724583414144e-01
4.570000 -2.984702093547212e-01
4.580000 -3.074741255094917e-01
4.590000 -3.162371115030430e-01
4.600000 -3.247070216469053e-01
4.610000 -3.328270694967536e-01
4.620000 -3.405369180714951e-01
4.630000 -3.477754974895599e-01
4.640000 -3.544845030114199e-01
4.650000 -3.606119192459482e-01
4.660000 -3.661155443567816e-01
4.670000 -3.709665142686802e-01
4.680000 -3.751528268738887e-01
4.690000 -3.786828662384975e-01
4.700000 -3.815889268088029e-01
4.710000 -3.839306595548365e-01
4.720000 -3.857964889032466e-01
4.730000 -3.872998792680004e-01
4.740000 -3.885735728990712e-01
4.750000 -3.897637497211591e-01
4.760000 -3.910241871724102e-01
4.770000 -3.925104200431357e-01
4.780000 -3.943739003145323e-01
4.790000 -3.967561569974010e-01
4.800000 -3.997829559708673e-01
4.810000 -4.035585086656940e-01
4.820000 -4.081609504507700e-01
4.830000 -4.136410417057441e-01
4.840000 -4.200221382765627e-01
4.850000 -4.273002107435714e-01
4.860000 -4.354438636896185e-01
4.870000 -4.443943549681569e-01
4.880000 -4.540656149713480e-01
4.890000 -4.643442658981626e-01
4.900000 -4.750896410224859e-01
4.910000 -4.861338749523015e-01
4.920000 -4.972838392967956e-01
4.930000 -5.083277622590012e-01
4.940000 -5.190436931861282e-01
4.950000 -5.292080380659550e-01
4.960000 -5.386040950232180e-01
4.970000 -5.470305898160039e-01
4.980000 -5.543102113321404e-01
4.990000 -5.602981470855853e-01
5.000000 -5.648906187128203e-01
5.010000 -5.680332764270158e-01
5.020000 -5.697259270658734e-01
5.030000 -5.700179562049317e-01
5.040000 -5.690000847287353e-01
5.050000 -5.667959844461965e-01
5.060000 -5.635538937059579e-01
5.070000 -5.594382330117569e-01
5.080000 -5.546212206377875e-01
5.090000 -5.492744882440641e-01
5.100000 -5.435606964917831e-01
5.110000 -5.376252335859038e-01
5.120000 -5.315900695330524e-01
5.130000 -5.255530819775542e-01
5.140000 -5.195895372625049e-01
5.150000 -5.137536543690328e-01
5.160000 -5.080801688555573e-01
5.170000 -5.025858967970503e-01
5.180000 -4.972712987242965e-01
5.190000 -4.921220435631530e-01
5.200000 -4.871105725738106e-01
5.210000 -4.821976835912845e-01
5.220000 -4.773346430053591e-01
5.230000 -4.724666372400317e-01
5.240000 -4.675367518567460e-01
5.250000 -4.624899709472919e-01
5.260000 -4.572771765267039e-01
5.270000 -4.518591479261609e-01
5.280000 -4.462105611858854e-01
5.290000 -4.403239884480418e-01
5.300000 -4.342138973496362e-01
5.310000 -4.279205442669408e-01
5.320000 -4.215111081652037e-01
5.330000 -4.150738205696720e-01
5.340000 -4.087093367238425e-01
5.350000 -4.025220006574339e-01
5.360000 -3.966111102543602e-01
5.370000 -3.910621823207024e-01
5.380000 -3.859382176526797e-01
5.390000 -3.812709661046230e-01
5.400000 -3.770521916569469e-01
5.410000 -3.732251172758536e-01
5.420000 -3.696805436003344e-01
5.430000 -3.662648307579261e-01
5.440000 -3.627925530607262e-01
5.450000 -3.590593333984339e-01
5.460000 -3.548546776313921e-01
5.470000 -3.499748089836299e-01
5.480000 -3.442355024359040e-01
5.490000 -3.374849191187403e-01
5.500000 -3.296164407054776e-01
5.510000 -3.205813135680550e-01
5.520000 -3.103963475332928e-01
5.530000 -2.991390621527270e-01
5.540000 -2.869378885341046e-01
5.550000 -2.739621810317440e-01
5.560000 -2.604122289368953e-01
5.570000 -2.465092681681007e-01
5.580000 -2.324854929615552e-01
5.590000 -2.185740675614664e-01
5.600000 -2.049991379104154e-01
5.610000 -1.919659284196926e-01
5.620000 -1.796530504897024e-01
5.630000 -1.682104249504361e-01
5.640000 -1.577594158404363e-01
5.650000 -1.483930492245782e-01
5.660000 -1.401762320118516e-01
5.670000 -1.331459707731429e-01
5.680000 -1.273115905590168e-01
5.690000 -1.226549537174982e-01
5.700000 -1.191306787118543e-01
5.710000 -1.166663950004536e-01
5.720000 -1.151639353972612e-01
5.730000 -1.145029079792815e-01
5.740000 -1.145452053079368e-01
5.750000 -1.151395496958528e-01
5.760000 -1.161260384736451e-01
5.770000 -1.173406892567046e-01
5.780000 -1.186199852119838e-01
5.790000 -1.198054203247827e-01
5.800000 -1.207480446655341e-01
5.810000 -1.213129713406122e-01
5.820000 -1.213828873628246e-01
5.830000 -1.208590362246978e-01
5.840000 -1.196612045603298e-01
5.850000 -1.177276705081534e-01
5.860000 -1.150151520736987e-01
5.870000 -1.114987554923558e-01
5.880000 -1.071719235921385e-01
5.890000 -1.020463841564462e-01
5.900000 -9.615209828682723e-02
5.910000 -8.953718673843994e-02
5.920000 -8.226728361955687e-02
5.930000 -7.442343659393980e-02
5.940000 -6.609943453961116e-02
5.950000 -5.739911318955904e-02
5.960000 -4.843366077244204e-02
5.970000 -3.931892365329430e-02
5.980000 -3.017271197423033e-02
5.990000 -2.111210529515003e-02
6.000000 -1.225075823444362e-02
6.010000 -3.696217565945920e-03
6.020000 4.452462858086086e-03
6.030000 1.210635122193073e-02
6.040000 1.918796908090533e-02
6.050000 2.563261124417761e-02
6.060000 3.138966565757696e-02
6.070000 3.642393328640590e-02
6.080000 4.071694799825127e-02
6.090000 4.426829644579563e-02
6.100000 4.709693794962860e-02
6.110000 4.924246425793204e-02
6.120000 5.076479628588425e-02
6.130000 5.173991347534234e-02
6.140000 5.225402036047091e-02
6.150000 5.239765303286716e-02
6.160000 5.225978560668627e-02
6.170000 5.192193668376641e-02
6.180000 5.145227581875406e-02
6.190000 5.089972998422918e-02
6.200000 5.028809003583039e-02
6.210000 4.961024164312285e-02
6.220000 4.882563197647940e-02
6.230000 4.786594967567223e-02
6.240000 4.664404013290339e-02
6.250000 4.506294519742080e-02
6.260000 4.302494288013407e-02
6.270000 4.044058705823056e-02
6.280000 3.723774717979113e-02
6.290000 3.337064796840609e-02
6.300000 2.882890912779127e-02
6.310000 2.364643302581666e-02
6.320000 1.790634024863516e-02
6.330000 1.173587346813899e-02
6.340000 5.297349686166669e-03
6.350000 -1.221039491212157e-03
6.360000 -7.614427579411696e-03
6.370000 -1.367047294104505e-02
6.380000 -1.917855851163933e-02
6.390000 -2.393899152535062e-02
6.400000 -2.777220324067913e-02
6.410000 -3.052787037316997e-02
6.420000 -3.209200110504520e-02
6.430000 -3.238885456148975e-02
6.440000 -3.138082510797023e-02
6.450000 -2.906824837894924e-02
6.460000 -2.548920730660001e-02
6.470000 -2.071933814952094e-02
6.480000 -1.487163652145000e-02
6.490000 -8.096263419979368e-03
6.500000 -5.803512552698754e-04
6.510000 7.452294799078174e-03
6.520000 1.574421683598289e-02
6.530000 2.401423197972655e-02
6.540000 3.197008122777065e-02
6.550000 3.932118294002911e-02
6.560000 4.579138632814099e-02
6.570000 5.113172494474368e-02
6.580000 5.513317017274571e-02
6.590000 5.763938471459991e-02
6.600000 5.855947608157620e-02
6.610000 5.788052796563404e-02
6.620000 5.567435703652124e-02
6.630000 5.208961196067072e-02
6.640000 4.733809844233339e-02
6.650000 4.168088220701104e-02
6.660000 3.541439198488933e-02
6.670000 2.885652249427083e-02
6.680000 2.233273742500801e-02
6.690000 1.616217242193625e-02
6.700000 1.064373806830677e-02
6.710000 6.042346528405738e-03
6.720000 2.578353084363239e-03
6.730000 4.251581700925350e-04
6.740000 -2.899760063665100e-04
6.750000 5.150147881033496e-04
6.760000 2.877937062647610e-03
6.770000 6.793279853390805e-03
6.780000 1.221315497438736e-02
6.790000 1.904823726857241e-02
6.800000 2.716870485871262e-02
6.810000 3.640524215020538e-02
6.820000 4.655167426858230e-02
6.830000 5.737174265143186e-02
6.840000 6.860751193334477e-02
6.850000 7.998783956853932e-02
6.860000 9.123684545348699e-02
6.870000 1.020823815495379e-01
6.880000 1.122645015055464e-01
6.890000 1.215439302804964e-01
6.900000 1.297105337661269e-01
6.910000 1.365916904544376e-01
6.920000 1.420581164321687e-01
6.930000 1.460232259977343e-01
6.940000 1.484399458052331e-01
6.950000 1.492974310733493e-01
6.960000 1.486177817942537e-01
6.970000 1.464527589425043e-01
6.980000 1.428805006839478e-01
6.990000 1.380022385846195e-01
7.000000 1.319390138196457e-01
7.010000 1.248283983162421e-01
7.020000 1.168213441760658e-01
7.030000 1.080793587183201e-01
7.040000 9.877180779319288e-02
7.050000 8.907322402849151e-02
7.060000 7.916061507627824e-02
7.070000 6.921077185950504e-02
7.080000 5.939757681864878e-02
7.090000 4.988931215834647e-02
7.100000 4.084596809403018e-02
7.110000 3.241656756068270e-02
7.120000 2.473691891548325e-02
7.130000 1.792845505278411e-02
7.140000 1.209750048642788e-02
7.150000 7.334554891530176e-03
7.160000 3.713576646262268e-03
7.170000 1.291266373633802e-03
7.180000 1.063504832754921e-04
7.190000 1.788647132217596e-04
7.200000 1.509437671693486e-03
7.210000 4.078594360420423e-03
7.220000 7.846579195654233e-03
7.230000 1.275449771863907e-02
7.240000 1.872597777584345e-02
7.250000 2.566885067793901e-02
7.260000 3.347683235877932e-02
7.270000 4.203120453437855e-02
7.280000 5.120249586189034e-02
7.290000 6.085216309858645e-02
7.300000 7.083427226083562e-02
7.310000 8.099718997748767e-02
7.320000 9.118553988815142e-02
7.330000 1.012428318324383e-01
7.340000 1.110143560720424e-01
7.350000 1.203500877060202e-01
7.360000 1.291075910860703e-01
7.370000 1.371549242318133e-01
7.380000 1.443735432460719e-01
7.390000 1.506612067301501e-01
7.400000 1.559348801991132e-01
7.410000 1.601336062380596e-01
7.420000 1.632204839506997e-01
7.430000 1.651823874227949e-01
7.440000 1.660287935110559e-01
7.450000 1.657905753763486e-01
7.460000 1.645187960168996e-01
7.470000 1.622835018015019e-01
7.480000 1.591725160027202e-01
7.490000 1.552902323300972e-01
7.500000 1.507564084633585e-01
7.510000 1.457049309135253e-01
7.520000 1.402818344268660e-01
7.530000 1.346414291019069e-01
7.540000 1.289416820708628e-01
7.550000 1.233395705111325e-01
7.560000 1.179864346567935e-01
7.570000 1.130233308100977e-01
7.580000 1.085763843529664e-01
7.590000 1.047521427584856e-01
7.600000 1.016329286024011e-01
7.610000 9.927226355868110e-02
7.620000 9.769213795029080e-02
7.630000 9.688496512245619e-02
7.640000 9.681738133297708e-02
7.650000 9.743411662279192e-02
7.660000 9.866186568654178e-02
7.670000 1.004131587431352e-01
7.680000 1.025902324063125e-01
7.690000 1.050889005552099e-01
7.700000 1.078024252049242e-01
7.710000 1.106253659517667e-01
7.720000 1.134568723659658e-01
7.730000 1.162025623366691e-01
7.740000 1.187758433713055e-01
7.750000 1.210992124703279e-01
7.760000 1.231055560019559e-01
7.770000 1.247394495769187e-01
7.780000 1.259584579231974e-01
7.790000 1.267344347607682e-01
7.800000 1.270548226763449e-01
7.810000 1.269239062843279e-01
7.820000 1.263628508331314e-01
7.830000 1.254066577176944e-01
7.840000 1.240999054423920e-01
7.850000 1.224924438706562e-01
7.860000 1.206350884745959e-01
7.870000 1.185753145846178e-01
7.880000 1.163529516390464e-01
7.890000 1.139958774337446e-01
7.900000 1.115157123717339e-01
7.910000 1.089036046949729e-01
7.920000 1.061283812600732e-01
7.930000 1.031407031687322e-01
7.940000 9.987958695188802e-02
7.950000 9.627901673700916e-02
7.960000 9.227455641538511e-02
7.970000 8.780996180941644e-02
7.980000 8.284379283990519e-02
7.990000 7.735602569334528e-02
8.000000 7.135466498921265e-02
8.010000 6.488224027487891e-02
8.020000 5.801929500887822e-02
8.030000 5.088024104417250e-02
8.040000 4.360620556245538e-02
8.050000 3.635776233234835e-02
8.060000 2.930766296759633e-02
8.070000 2.263356818526387e-02
8.080000 1.651077906393093e-02
8.090000 1.110496830188882e-02
8.100000 6.564911475336090e-03
8.110000 3.015284365740074e-03
8.120000 5.511781139220891e-04
8.130000 -7.630249437042641e-04
8.140000 -8.930575766489974e-04
8.150000 1.658921108561758e-04
8.160000 2.389840451059717e-03
8.170000 5.726667983892196e-03
8.180000 1.009677922816820e-02
8.190000 1.539376245278824e-02
8.200000 2.148504944794062e-02
8.210000 2.821263204450234e-02
8.220000 3.539525412078315e-02
8.230000 4.283434913135656e-02
8.240000 5.032145316594933e-02
8.250000 5.764567476080162e-02
8.260000 6.460116471002708e-02
8.270000 7.099458587697283e-02
8.280000 7.665258300557946e-02
8.290000 8.142925253174142e-02
8.300000 8.521361239466663e-02
8.310000 8.793695385565856e-02
8.320000 8.957712541851186e-02
8.330000 9.015502886291614e-02
8.340000 8.972804726528148e-02
8.350000 8.838335501556693e-02
8.360000 8.623122783410821e-02
8.370000 8.339835278844630e-02
8.380000 8.002113831015539e-02
8.390000 7.623902421167109e-02
8.400000 7.218779170311858e-02
8.410000 6.799293506026567e-02
8.420000 6.376463628006143e-02
8.430000 5.959680895106506e-02
8.440000 5.556774518438531e-02
8.450000 5.174082420303731e-02
8.460000 4.816522093129956e-02
8.470000 4.487661458407064e-02
8.480000 4.189789725622620e-02
8.490000 3.923988251197580e-02
8.500000 3.690201397421974e-02
8.510000 3.487308311598453e-02
8.520000 3.313218631619240e-02
8.530000 3.165028929506726e-02
8.540000 3.039203082673893e-02
8.550000 2.931753565521211e-02
8.560000 2.838422741033555e-02
8.570000 2.754864152377115e-02
8.580000 2.676823814496301e-02
8.590000 2.600321505710651e-02
8.600000 2.521832059311747e-02
8.610000 2.438464381743361e-02
8.620000 2.348081359012470e-02
8.630000 2.249269705493458e-02
8.640000 2.141250697296089e-02
8.650000 2.023788631849999e-02
8.660000 1.897099287489198e-02
8.670000 1.761758383036568e-02
8.680000 1.618610037388363e-02
8.690000 1.468675229098707e-02
8.700000 1.313060255964092e-02
8.710000 1.152866299008817e-02
8.720000 9.891277025099746e-03
8.730000 8.228231511468649e-03
8.740000 6.549155652089488e-03
8.750000 4.863931004066294e-03
8.760000 3.183101476820391e-03
8.770000 1.518283330198269e-03
8.780000 -1.174248274205794e-04
8.790000 -1.709032041015786e-03
8.800000 -3.239245010818253e-03
8.810000 -4.688070421211977e-03
8.820000 -6.032737792035831e-03
8.830000 -7.248435995637130e-03
8.840000 -8.309370321511966e-03
8.850000 -9.189831870473911e-03
8.860000 -9.865266948822692e-03
8.870000 -1.031334646251290e-02
8.880000 -1.051503531132268e-02
8.890000 -1.045566178302243e-02
8.900000 -1.012598694754348e-02
8.910000 -9.523262352066410e-03
8.920000 -8.651983518884722e-03
8.930000 -7.523871216780774e-03
8.940000 -6.157548508756805e-03
8.950000 -4.578206098043555e-03
8.960000 -2.817267674108861e-03
8.970000 -9.120552586662861e-04
8.980000 1.094545448316289e-03
8.990000 3.154419722608039e-03
9.000000 5.214558469706595e-03
9.010000 7.217407036265373e-03
9.020000 9.101582142867335e-03
9.030000 1.080352332312232e-02
9.040000 1.225951251912808e-02
9.050000 1.340770783786915e-02
9.060000 1.419017730761555e-02
9.070000 1.455493263432161e-02
9.080000 1.445796295802473e-02
9.090000 1.386526860924418e-02
9.100000 1.275489486537983e-02
9.110000 1.111892921235566e-02
9.120000 8.964549664135586e-03
9.130000 6.312664104616072e-03
9.140000 3.195600589273752e-03
9.150000 -3.452388577540525e-04
9.160000 -4.261724446588796e-03
9.170000 -8.501344824530178e-03
9.180000 -1.300955327897559e-02
9.190000 -1.773211394033962e-02
9.200000 -2.261744798497351e-02
9.210000 -2.761894874348118e-02
9.220000 -3.269648827712216e-02
9.230000 -3.781587141245723e-02
9.240000 -4.294748115379315e-02
9.250000 -4.806489299199516e-02
9.260000 -5.314348921329953e-02
9.270000 -5.815907320812602e-02
9.280000 -6.308648377989040e-02
9.290000 -6.789820945381700e-02
9.300000 -7.256300278575119e-02
9.310000 -7.704452192052014e-02
9.320000 -8.130068070653097e-02
9.330000 -8.528479756098718e-02
9.340000 -8.894745297632771e-02
9.350000 -9.223837428471239e-02
9.360000 -9.510832042250771e-02
9.370000 -9.751096669477241e-02
9.380000 -9.940478953974313e-02
9.390000 -1.007549512933199e-01
9.400000 -1.015351849535522e-01
9.410000 -1.017296514174165e-01
9.420000 -1.013340809237906e-01
9.430000 -1.003550973649052e-01
9.440000 -9.880882671221695e-02
9.450000 -9.671947790539634e-02
9.460000 -9.411792374131599e-02
9.470000 -9.104028176303891e-02
9.480000 -8.752649514880627e-02
9.490000 -8.361891360102584e-02
9.500000 -7.936087423525984e-02
9.510000 -7.479530178689578e-02
9.520000 -6.996381113240660e-02
9.530000 -6.490708500388984e-02
9.540000 -5.966575408675516e-02
9.550000 -5.428129644195043e-02
9.560000 -4.879693692818757e-02
9.570000 -4.325854662416856e-02
9.580000 -3.771554225081144e-02
9.590000 -3.222178559347620e-02
9.600000 -2.683648292419079e-02
9.610000 -2.162505383351969e-02
9.620000 -1.665920462103086e-02
9.630000 -1.201498234221654e-02
9.640000 -7.770033298865759e-03
9.650000 -4.000830927564740e-03
9.660000 -7.799036881973370e-04
9.670000 1.826937047554560e-03
9.680000 3.763369107710586e-03
9.690000 4.985331631491514e-03
9.700000 5.463797180818822e-03
9.710000 5.187508230423206e-03
9.720000 4.164787388400658e-03
9.730000 2.422996137230972e-03
9.740000 7.067163496058277e-06
9.750000 -3.021998947967549e-03
9.760000 -6.588637019916281e-03
9.770000 -1.060422058854703e-02
9.780000 -1.496856520934470e-02
9.790000 -1.957143176292973e-02
9.800000 -2.429402976090564e-02
9.810000 -2.901054506753480e-02
9.820000 -3.359030251486713e-02
9.830000 -3.790154030045768e-02
9.840000 -4.181581938094756e-02
9.850000 -4.521245729171415e-02
9.860000 -4.798296196652144e-02
9.870000 -5.003546555717018e-02
9.880000 -5.129915825314810e-02
9.890000 -5.172872210128027e-02
9.900000 -5.130876482537923e-02
9.910000 -5.005816333874670e-02
9.920000 -4.803205895228044e-02
9.930000 -4.531789099678597e-02
9.940000 -4.202908174267717e-02
9.950000 -3.829863097270677e-02
9.960000 -3.427271055469688e-02
9.970000 -3.010425901426951e-02
9.980000 -2.594657610757683e-02
9.990000 -2.194691739403189e-02
10.000000 -1.824008880903896e-02
10.010000 -1.494210715421012e-02
10.020000 -1.214557468606628e-02
10.030000 -9.919405264723890e-03
10.040000 -8.310264905916607e-03
10.050000 -7.344078280987888e-03
10.060000 -7.027535216883739e-03
10.070000 -7.349597196145374e-03
10.080000 -8.283003856901908e-03
10.090000 -9.785779492863040e-03
10.100000 -1.180273955331176e-02
10.110000 -1.426700715869957e-02
10.120000 -1.710179006068247e-02
10.130000 -2.022281879187498e-02
10.140000 -2.354104530851923e-02
10.150000 -2.696535165360408e-02
10.160000 -3.040525861998415e-02
10.170000 -3.377363441349894e-02
10.180000 -3.698940331609194e-02
10.190000 -3.998025434892965e-02
10.200000 -4.268534993552065e-02
10.210000 -4.505799769767733e-02
10.220000 -4.706736355631141e-02
10.230000 -4.869775098489449e-02
10.240000 -4.994692138138788e-02
10.250000 -5.082437755437813e-02
10.260000 -5.134964720921262e-02
10.270000 -5.155056643413531e-02
10.280000 -5.146156318642225e-02
10.290000 -5.112194077851732e-02
10.300000 -5.057416136416774e-02
10.310000 -4.986214034746742e-02
10.320000 -4.902982483354090e-02
10.330000 -4.812049318107011e-02
10.340000 -4.717633865402786e-02
10.350000 -4.623806400207550e-02
10.360000 -4.534447604096063e-02
10.370000 -4.453208023291479e-02
10.380000 -4.383467526705120e-02
10.390000 -4.328294763976240e-02
10.400000 -4.290406623511795e-02
10.410000 -4.272127539745692e-02
10.420000 -4.275344879442976e-02
10.430000 -4.301454373760687e-02
10.440000 -4.351301628526553e-02
10.450000 -4.425123483654474e-02
10.460000 -4.522489372559984e-02
10.470000 -4.642242681575733e-02
10.480000 -4.782442109366961e-02
10.490000 -4.940303026346955e-02
10.500000 -5.112138834092545e-02
10.510000 -5.293305118783241e-02
10.520000 -5.478216461995694e-02
10.530000 -5.660547709614776e-02
10.540000 -5.833507914027432e-02
10.550000 -5.990117071932961e-02
10.560000 -6.123482862153302e-02
10.570000 -6.227077383443318e-02
10.580000 -6.295013892301070e-02
10.590000 -6.322323540778106e-02
10.600000 -6.305232114289742e-02
10.610000 -6.241432971509828e-02
10.620000 -6.130261220491513e-02
10.630000 -5.972617158231348e-02
10.640000 -5.770790923991962e-02
10.650000 -5.528283352462459e-02
10.660000 -5.249626826918823e-02
10.670000 -4.940206132384337e-02
10.680000 -4.606079308789972e-02
10.690000 -4.253798504134802e-02
10.700000 -3.890230827646413e-02
10.710000 -3.522379193237821e-02
10.720000 -3.157202910626216e-02
10.730000 -2.801437635825456e-02
10.740000 -2.461415069240885e-02
10.750000 -2.142882644054725e-02
10.760000 -1.850823214611462e-02
10.770000 -1.589274744803236e-02
10.780000 -1.361149996455228e-02
10.790000 -1.168056217711051e-02
10.800000 -1.010114831418136e-02
10.810000 -8.857861439746040e-03
10.820000 -7.918246116580499e-03
10.830000 -7.235655625366461e-03
10.840000 -6.753425077225139e-03
10.850000 -6.409094762726122e-03
10.860000 -6.138633500896257e-03
10.870000 -5.880661988228550e-03
10.880000 -5.580676147691030e-03
10.890000 -5.195270477735645e-03
10.900000 -4.696361401307164e-03
10.910000 -4.075338505553320e-03
10.920000 -3.345340561338862e-03
10.930000 -2.538770767938371e-03
10.940000 -1.702936304402689e-03
10.950000 -8.956157243136210e-04
10.960000 -1.806263505386123e-04
10.970000 3.766083300145493e-04
10.980000 7.134912716430469e-04
10.990000 7.746844750943381e-04
11.000000 5.165415928114718e-04
11.010000 -8.851660194976722e-05
11.020000 -1.049112595018675e-03
11.030000 -2.355794773178726e-03
11.040000 -3.983406302234069e-03
11.050000 -5.893511179922426e-03
11.060000 -8.036820288827989e-03
11.070000 -1.035561744929430e-02
11.080000 -1.278618547233717e-02
11.090000 -1.526123221255755e-02
11.100000 -1.771231662105444e-02
11.110000 -2.007226654181293e-02
11.120000 -2.227738179227441e-02
11.130000 -2.426909212279697e-02
11.140000 -2.599540040257084e-02
11.150000 -2.741231754323627e-02
11.160000 -2.848529742250150e-02
11.170000 -2.919067180776061e-02
11.180000 -2.951708527971144e-02
11.190000 -2.946693015597351e-02
11.200000 -2.905778141470590e-02
11.210000 -2.832378657203077e-02
11.220000 -2.731588409874317e-02
11.230000 -2.609904771703425e-02
11.240000 -2.474835891185726e-02
11.250000 -2.334503436363508e-02
11.260000 -2.197245338096749e-02
11.270000 -2.071218533333861e-02
11.280000 -1.964001708382426e-02
11.290000 -1.882198042179935e-02
11.300000 -1.831037949564524e-02
11.310000 -1.813987481157862e-02
11.320000 -1.832503828743558e-02
11.330000 -1.886164305571986e-02
11.340000 -1.972942474144642e-02
11.350000 -2.089489934809027e-02
11.360000 -2.231418114353553e-02
11.370000 -2.393580054602428e-02
11.380000 -2.570352201010559e-02
11.390000 -2.755916191258441e-02
11.400000 -2.944540643847055e-02
11.410000 -3.130860069970213e-02
11.420000 -3.310078973028349e-02
11.430000 -3.477986011963777e-02
11.440000 -3.630893330266906e-02
11.450000 -3.765573006062894e-02
11.460000 -3.879193502198263e-02
11.470000 -3.969256116327550e-02
11.480000 -4.033531430999929e-02
11.490000 -4.069995763745857e-02
11.500000 -4.076767617163702e-02
11.510000 -4.052046052439091e-02
11.520000 -3.994099084195044e-02
11.530000 -3.901379071735323e-02
11.540000 -3.772688146722428e-02
11.550000 -3.607345565798660e-02
11.560000 -3.405355063207220e-02
11.570000 -3.167572203413274e-02
11.580000 -2.895871733725042e-02
11.590000 -2.593314936914871e-02
11.600000 -2.264316983840323e-02
11.610000 -1.914808685553376e-02
11.620000 -1.552252595962737e-02
11.630000 -1.185289331632677e-02
11.640000 -8.232381969513288e-03
11.650000 -4.755922042687411e-03
11.660000 -1.515130940349379e-03
11.670000 1.406736450620257e-03
11.680000 3.939837559580076e-03
11.690000 6.032791930747202e-03
11.700000 7.657731021816745e-03
11.710000 8.815251900921082e-03
11.720000 9.536871663775813e-03
11.730000 9.881136514898078e-03
11.740000 9.927230773001441e-03
11.750000 9.768489695129652e-03
11.760000 9.505912300790341e-03
11.770000 9.241674196088802e-03
11.780000 9.072640397861704e-03
11.790000 9.083878157810858e-03
11.800000 9.342169786636916e-03
11.810000 9.889618774175706e-03
11.820000 1.073968223972038e-02
11.830000 1.187936353443687e-02
11.840000 1.327383196681639e-02
11.850000 1.487113590341578e-02
11.860000 1.660691586959778e-02
11.870000 1.840911765027131e-02
11.880000 2.020270539063176e-02
11.890000 2.191437469690125e-02
11.900000 2.347726573706896e-02
11.910000 2.483562455921371e-02
11.920000 2.594811770609760e-02
11.930000 2.678772770150066e-02
11.940000 2.734030138162177e-02
11.950000 2.760304639894141e-02
11.960000 2.758302772608449e-02
11.970000 2.729566415968316e-02
11.980000 2.676322482423949e-02
11.990000 2.601332567598836e-02
12.000000 2.507742600676023e-02
12.010000 2.398932835268461e-02
12.020000 2.278376695306727e-02
12.030000 2.149522102905986e-02
12.040000 2.015681664290410e-02
12.050000 1.879923196505676e-02
12.060000 1.744960254131460e-02
12.070000 1.613042655993940e-02
12.080000 1.485847011878290e-02
12.090000 1.364367249241178e-02
12.100000 1.248805139923267e-02
12.110000 1.138463741398853e-02
12.120000 1.031716637305717e-02
12.130000 9.261696253552908e-03
12.140000 8.188982311734466e-03
12.150000 7.066881393434856e-03
12.160000 5.862756244491204e-03
12.170000 4.545879821174562e-03
12.180000 3.089839600619759e-03
12.190000 1.474941891255239e-03
12.200000 -3.093838567671241e-04
12.210000 -2.262215290824243e-03
12.220000 -4.369665945421644e-03
12.230000 -6.605695377673373e-03
12.240000 -8.933818176487494e-03
12.250000 -1.130884755376943e-02
12.260000 -1.367863893562535e-02
12.270000 -1.598583355356552e-02
12.280000 -1.816960203570764e-02
12.290000 -2.016738799798022e-02
12.300000 -2.191665163532596e-02
12.310000 -2.335662759724786e-02
12.320000 -2.443045436564859e-02
12.330000 -2.508824685052453e-02
12.340000 -2.529054062471812e-02
12.350000 -2.501175045668945e-02
12.360000 -2.424362884328792e-02
12.370000 -2.299872454252384e-02
12.380000 -2.131384110634010e-02
12.390000 -1.925349541338375e-02
12.400000 -1.691337620177764e-02
12.410000 -1.442301439340120e-02
12.420000 -1.192795382613661e-02
12.430000 -9.519874767183793e-03
12.440000 -7.146210117986983e-03
12.450000 -4.518972639034956e-03
12.460000 -1.023582174661279e-03
12.470000 4.372307122155448e-03
12.480000 1.320997956499135e-02
12.490000 2.763083070917703e-02
12.500000 5.046754012699731e-02
