3.300000 8.637491186016641e+00
3.310000 8.661290811900853e+00
3.320000 8.257786737760258e+00
3.330000 7.601873779582768e+00
3.340000 6.826506885516379e+00
3.350000 6.028045879111491e+00
3.360000 5.271600202563296e+00
3.370000 4.596373659954131e+00
3.380000 4.021009160495844e+00
3.390000 3.548933461772152e+00
3.400000 3.173701912981007e+00
3.410000 2.884298547293569e+00
3.420000 2.669275600618387e+00
3.430000 2.517947513111552e+00
3.440000 2.420424793680587e+00
3.450000 2.367603277263797e+00
3.460000 2.351153382109624e+00
3.470000 2.363509367055998e+00
3.480000 2.397858588809688e+00
3.490000 2.448130759225660e+00
3.500000 2.508987202586421e+00
3.510000 2.575809774056550e+00
3.520000 2.644680971283950e+00
3.530000 2.712341694254659e+00
3.540000 2.776140201533776e+00
3.550000 2.833980728005496e+00
3.560000 2.884272102613149e+00
3.570000 2.925876366099226e+00
3.580000 2.958057388745430e+00
3.590000 2.980429488112695e+00
3.600000 2.992906046781233e+00
3.610000 2.995648323112418e+00
3.620000 2.989019279135690e+00
3.630000 2.973550141925090e+00
3.640000 2.949911980297331e+00
3.650000 2.918887474351354e+00
3.660000 2.881342685007893e+00
3.670000 2.838198823549051e+00
3.680000 2.790404021157856e+00
3.690000 2.738905098457825e+00
3.700000 2.684619335052544e+00
3.710000 2.628406488105853e+00
3.720000 2.571047284160065e+00
3.730000 2.513238340134849e+00
3.740000 2.455593555291307e+00
3.750000 2.398645752009411e+00
3.760000 2.342848316565433e+00
3.770000 2.288576839909386e+00
3.780000 2.236130758442450e+00
3.790000 2.185734994794415e+00
3.800000 2.137541598601113e+00
3.810000 2.091631499116494e+00
3.820000 2.048019164728129e+00
3.830000 2.006664640270552e+00
3.840000 1.967488490245691e+00
3.850000 1.930386853778301e+00
3.860000 1.895246499571393e+00
3.870000 1.861959880861680e+00
3.880000 1.830440190375000e+00
3.890000 1.800636415281757e+00
3.900000 1.772548392152354e+00
3.910000 1.746241539801792e+00
3.920000 1.721853219492940e+00
3.930000 1.699577845065614e+00
3.940000 1.679643623224066e+00
3.950000 1.662288971993621e+00
3.960000 1.647738939177306e+00
3.970000 1.636181620812484e+00
3.980000 1.627744579627490e+00
3.990000 1.622471263498260e+00
4.000000 1.620297423904964e+00
4.010000 1.621027990292723e+00
4.020000 1.624325794846703e+00
4.030000 1.629730374184144e+00
4.040000 1.636688617597139e+00
4.050000 1.644585870813120e+00
4.060000 1.652777039755363e+00
4.070000 1.660617694303470e+00
4.080000 1.667495172053869e+00
4.090000 1.672859682080308e+00
4.100000 1.676255408694344e+00
4.110000 1.677351186332742e+00
4.120000 1.675960026578150e+00
4.130000 1.672030351244041e+00
4.140000 1.665626081134342e+00
4.150000 1.656906296284101e+00
4.160000 1.646104896200156e+00
4.170000 1.633510260101800e+00
4.180000 1.619444907161452e+00
4.190000 1.604245156745327e+00
4.200000 1.588240788654099e+00
4.210000 1.571734883568103e+00
4.220000 1.554988347650939e+00
4.230000 1.538216325869917e+00
4.240000 1.521589298026028e+00
4.250000 1.505234354843547e+00
4.260000 1.489236474059640e+00
4.270000 1.473639796513977e+00
4.280000 1.458448902238330e+00
4.290000 1.443630086546189e+00
4.300000 1.429112636122361e+00
4.310000 1.414790185280454e+00
4.320000 1.400524156083091e+00
4.330000 1.386152487471515e+00
4.340000 1.371500447630768e+00
4.350000 1.356391526460037e+00
4.360000 1.340658328042993e+00
4.370000 1.324153463118131e+00
4.380000 1.306760441549111e+00
4.390000 1.288404564795099e+00
4.400000 1.269063818381107e+00
4.410000 1.248779553734585e+00
4.420000 1.227661694826488e+00
4.430000 1.205880048272567e+00
4.440000 1.183650139841176e+00
4.450000 1.161218840487531e+00
4.460000 1.138849992387975e+00
4.470000 1.116810034974230e+00
4.480000 1.095353630967666e+00
4.490000 1.074709292413559e+00
4.500000 1.055065006715349e+00
4.510000 1.036554065217347e+00
4.520000 1.019246156849475e+00
4.530000 1.003151825029899e+00
4.540000 9.882321881331600e-01
4.550000 9.744088623570805e-01
4.560000 9.615738845896903e-01
4.570000 9.495996352761369e-01
4.580000 9.383487612856012e-01
4.590000 9.276840987782160e-01
4.600000 9.174785960719793e-01
4.610000 9.076251056540187e-01
4.620000 8.980427746958011e-01
4.630000 8.886748021925611e-01
4.640000 8.794827955450901e-01
4.650000 8.704409963797094e-01
4.660000 8.615305063682448e-01
4.670000 8.527335130480033e-01
4.680000 8.440275156417475e-01
4.690000 8.353795508776687e-01
4.700000 8.267404188093653e-01
4.710000 8.180390040908700e-01
4.720000 8.091790785519188e-01
4.730000 8.000424016158750e-01
4.740000 7.904943013540909e-01
4.750000 7.803893509289413e-01
4.760000 7.695770450368574e-01
4.770000 7.579074763513602e-01
4.780000 7.452370119660955e-01
4.790000 7.314339698378668e-01
4.800000 7.163842952296701e-01
4.810000 6.999971894567201e-01
4.820000 6.822094987674251e-01
4.830000 6.629869562824677e-01
4.840000 6.423241843901626e-01
4.850000 6.202446494769380e-01
4.860000 5.968006166578192e-01
4.870000 5.720731045069108e-01
4.880000 5.461718397878794e-01
4.890000 5.192352121844366e-01
4.900000 4.914302290308203e-01
4.910000 4.629524152415548e-01
4.920000 4.340242887082566e-01
4.930000 4.048902200278277e-01
4.940000 3.758098680549796e-01
4.950000 3.470515606897575e-01
4.960000 3.188856756650659e-01
4.970000 2.915780213341956e-01
4.980000 2.653832174583477e-01
4.990000 2.405380759941605e-01
5.000000 2.172549818812345e-01
5.010000 1.957153173300287e-01
5.020000 1.760640169000131e-01
5.030000 1.584069926974135e-01
5.040000 1.428096900890576e-01
5.050000 1.292956868891765e-01
5.060000 1.178452925462061e-01
5.070000 1.083941473295877e-01
5.080000 1.008318215165694e-01
5.090000 9.500041457900750e-02
5.100000 9.069315437016758e-02
5.110000 8.765313485582650e-02
5.120000 8.557565532263166e-02
5.130000 8.411970072786877e-02
5.140000 8.292302268343014e-02
5.150000 8.161735889977806e-02
5.160000 7.984365262990865e-02
5.170000 7.726727211331527e-02
5.180000 7.359323001995219e-02
5.190000 6.858140289419815e-02
5.200000 6.206175059881997e-02
5.210000 5.394928445434312e-02
5.220000 4.425250263890422e-02
5.230000 3.306524435181980e-02
5.240000 2.055201271225272e-02
5.250000 6.933046500747225e-03
5.260000 -7.530608099236137e-03
5.270000 -2.255202575978534e-02
5.280000 -3.783333026700202e-02
5.290000 -5.308062277946637e-02
5.300000 -6.801891008670216e-02
5.310000 -8.240687075478528e-02
5.320000 -9.604740707063184e-02
5.330000 -1.087875005610320e-01
5.340000 -1.205138542263944e-01
5.350000 -1.311483727532379e-01
5.360000 -1.406436427266819e-01
5.370000 -1.489784128429381e-01
5.380000 -1.561530741218018e-01
5.390000 -1.621851401191425e-01
5.400000 -1.671047271393955e-01
5.410000 -1.709500705951871e-01
5.420000 -1.737639810352968e-01
5.430000 -1.755926852352665e-01
5.440000 -1.764856067599488e-01
5.450000 -1.764951826535493e-01
5.460000 -1.756766801296681e-01
5.470000 -1.740880132613430e-01
5.480000 -1.717895596710912e-01
5.490000 -1.688439772209512e-01
5.500000 -1.653160207025257e-01
5.510000 -1.612723655861147e-01
5.520000 -1.567816152767643e-01
5.530000 -1.519147741488260e-01
5.540000 -1.467459040506102e-01
5.550000 -1.413527878644500e-01
5.560000 -1.358175930667638e-01
5.570000 -1.302275352881186e-01
5.580000 -1.246755418732934e-01
5.590000 -1.192609154413422e-01
5.600000 -1.140899974456572e-01
5.610000 -1.092767798287257e-01
5.620000 -1.049421673465231e-01
5.630000 -1.012098149990059e-01
5.640000 -9.820061638970240e-02
5.650000 -9.602714020594295e-02
5.660000 -9.478806669909100e-02
5.670000 -9.456262416477317e-02
5.680000 -9.540502542311011e-02
5.690000 -9.733890429894697e-02
5.700000 -1.003517521020839e-01
5.710000 -1.043894745586743e-01
5.720000 -1.093540800121656e-01
5.730000 -1.151093155005202e-01
5.740000 -1.214894335270461e-01
5.750000 -1.283080792248015e-01
5.760000 -1.353671775210000e-01
5.770000 -1.424658203014149e-01
5.780000 -1.494091535747849e-01
5.790000 -1.560172646372183e-01
5.800000 -1.621340692365981e-01
5.810000 -1.676360791290323e-01
5.820000 -1.724380602652727e-01
5.830000 -1.764907986538162e-01
5.840000 -1.797757573998860e-01
5.850000 -1.822996141910501e-01
5.860000 -1.840887987828386e-01
5.870000 -1.851840304843626e-01
5.880000 -1.856348556439313e-01
5.890000 -1.854941851346704e-01
5.900000 -1.848128318401405e-01
5.910000 -1.836341109791167e-01
5.920000 -1.819900740300396e-01
5.930000 -1.799018891386874e-01
5.940000 -1.773818548523647e-01
5.950000 -1.744354766659369e-01
5.960000 -1.710635435678661e-01
5.970000 -1.672642045862460e-01
5.980000 -1.630350453348367e-01
5.990000 -1.583751645591006e-01
6.000000 -1.532872506822371e-01
6.010000 -1.477796524754654e-01
6.020000 -1.418682969781719e-01
6.030000 -1.355782196985063e-01
6.040000 -1.289449420881063e-01
6.050000 -1.220158431434963e-01
6.060000 -1.148515310074870e-01
6.070000 -1.075272145705734e-01
6.080000 -1.001340750723346e-01
6.090000 -9.278063770283211e-02
6.100000 -8.559414320400897e-02
6.110000 -7.872183263729945e-02
6.120000 -7.232997474451908e-02
6.130000 -6.659716339981722e-02
6.140000 -6.170535799462790e-02
6.150000 -5.783083702280335e-02
6.160000 -5.513515166574729e-02
6.170000 -5.375607937754841e-02
6.180000 -5.379857747011366e-02
6.190000 -5.532573669830175e-02
6.200000 -5.834973484505643e-02
6.210000 -6.282295437796441e-02
6.220000 -6.863336547780320e-02
6.230000 -7.561073578035167e-02
6.240000 -8.353710488395179e-02
6.250000 -9.215742286787094e-02
6.260000 -1.011901888106643e-01
6.270000 -1.103380893085373e-01
6.280000 -1.192986369937077e-01
6.290000 -1.277748090527681e-01
6.300000 -1.354856857450483e-01
6.310000 -1.421770167247283e-01
6.320000 -1.476299104613484e-01
6.330000 -1.516647595364695e-01
6.340000 -1.541432892898035e-01
6.350000 -1.549705342942026e-01
6.360000 -1.540968148306482e-01
6.370000 -1.515197133632398e-01
6.380000 -1.472860510141837e-01
6.390000 -1.414938640387823e-01
6.400000 -1.342943803004228e-01
6.410000 -1.258938646609094e-01
6.420000 -1.165520565116633e-01
6.430000 -1.065719571280433e-01
6.440000 -9.628620959191508e-02
6.450000 -8.604334767230125e-02
6.460000 -7.619404470603128e-02
6.470000 -6.707736247839179e-02
6.480000 -5.900700010377655e-02
6.490000 -5.225754290633679e-02
6.500000 -4.705071130063116e-02
6.510000 -4.354179763241472e-02
6.520000 -4.181098952542121e-02
6.530000 -4.186709670969153e-02
6.540000 -4.365616378393051e-02
6.550000 -4.707027088080551e-02
6.560000 -5.195633433224525e-02
6.570000 -5.812490733473857e-02
6.580000 -6.535898061463327e-02
6.590000 -7.342278309343479e-02
6.600000 -8.207058255310502e-02
6.610000 -9.105544201119802e-02
6.620000 -1.001368246518848e-01
6.630000 -1.090852760192369e-01
6.640000 -1.176859548915499e-01
6.650000 -1.257421198780174e-01
6.660000 -1.330786160154071e-01
6.670000 -1.395453613647346e-01
6.680000 -1.450208336079390e-01
6.690000 -1.494155566445577e-01
6.700000 -1.526755871884010e-01
6.710000 -1.547859217271984e-01
6.720000 -1.557718330856775e-01
6.730000 -1.556949516302434e-01
6.740000 -1.546472762848125e-01
6.750000 -1.527451059303898e-01
6.760000 -1.501229708046459e-01
6.770000 -1.469275639014947e-01
6.780000 -1.433116723706702e-01
6.790000 -1.394281089173037e-01
6.800000 -1.354236432015010e-01
6.810000 -1.314329897874170e-01
6.820000 -1.275742662710790e-01
6.830000 -1.239481832288043e-01
6.840000 -1.206387042091547e-01
6.850000 -1.177137622608682e-01
6.860000 -1.152259764607910e-01
6.870000 -1.132133684418079e-01
6.880000 -1.117000789207747e-01
6.890000 -1.106970842264491e-01
6.900000 -1.102029128274224e-01
6.910000 -1.102043799951897e-01
6.920000 -1.106777939492989e-01
6.930000 -1.115913587915859e-01
6.940000 -1.129080488830685e-01
6.950000 -1.145885013520375e-01
6.960000 -1.165939086021471e-01
6.970000 -1.188889108205063e-01
6.980000 -1.214444884857691e-01
6.990000 -1.242408548762258e-01
7.000000 -1.272703485778939e-01
7.010000 -1.305402567373556e-01
7.020000 -1.340738377864208e-01
7.030000 -1.379067737672309e-01
7.040000 -1.420818222646746e-01
7.050000 -1.466433990970976e-01
7.060000 -1.516321610070137e-01
7.070000 -1.570795883518159e-01
7.080000 -1.630025677944865e-01
7.090000 -1.693979749943079e-01
7.100000 -1.762372572975736e-01
7.110000 -1.834611154691498e-01
7.120000 -1.909767603483846e-01
7.130000 -1.986617056328310e-01
7.140000 -2.063701354140863e-01
7.150000 -2.139393707372615e-01
7.160000 -2.211963361604485e-01
7.170000 -2.279640263141897e-01
7.180000 -2.340679724609447e-01
7.190000 -2.393427090545600e-01
7.200000 -2.436382402997369e-01
7.210000 -2.468264598344475e-01
7.220000 -2.488063516660790e-01
7.230000 -2.495060974575680e-01
7.240000 -2.488839651385914e-01
7.250000 -2.469291506468388e-01
7.260000 -2.436626196692843e-01
7.270000 -2.391379493834586e-01
7.280000 -2.334421701987209e-01
7.290000 -2.266966074975315e-01
7.300000 -2.190577233767231e-01
7.310000 -2.107178591429378e-01
7.320000 -2.019033975198961e-01
7.330000 -1.928663750576882e-01
7.340000 -1.838735143833416e-01
7.350000 -1.751951572184971e-01
7.360000 -1.670941973970832e-01
7.370000 -1.598150138829935e-01
7.380000 -1.535724037877607e-01
7.390000 -1.485405153882337e-01
7.400000 -1.448417811442520e-01
7.410000 -1.425360276024675e-01
7.420000 -1.416141841861200e-01
7.430000 -1.420036658359129e-01
7.440000 -1.435783543445867e-01
7.450000 -1.461687565584123e-01
7.460000 -1.495721625786843e-01
7.470000 -1.535628039632141e-01
7.480000 -1.579020119278231e-01
7.490000 -1.623483755478354e-01
7.500000 -1.666678999595720e-01
7.510000 -1.706440879668776e-01
7.520000 -1.740860302318365e-01
7.530000 -1.768314404175740e-01
7.540000 -1.787476989818448e-01
7.550000 -1.797328203823187e-01
7.560000 -1.797164202818644e-01
7.570000 -1.786606827538345e-01
7.580000 -1.765613274873496e-01
7.590000 -1.734485769925837e-01
7.600000 -1.693881238060476e-01
7.610000 -1.644820177151343e-01
7.620000 -1.588674735251479e-01
7.630000 -1.527104002696139e-01
7.640000 -1.461968510152342e-01
7.650000 -1.395243926913167e-01
7.660000 -1.328934759192069e-01
7.670000 -1.264988048417177e-01
7.680000 -1.205207069525605e-01
7.690000 -1.151165029257751e-01
7.700000 -1.104118764451607e-01
7.710000 -1.064923671653631e-01
7.720000 -1.033980650532071e-01
7.730000 -1.011264312417054e-01
7.740000 -9.963832021077809e-02
7.750000 -9.886412509427603e-02
7.760000 -9.870992298700358e-02
7.770000 -9.906362025174198e-02
7.780000 -9.980109782627195e-02
7.790000 -1.007923565303974e-01
7.800000 -1.019076623729679e-01
7.810000 -1.030236391165694e-01
7.820000 -1.040279895507405e-01
7.830000 -1.048207358090746e-01
7.840000 -1.053140884063141e-01
7.850000 -1.054322625342580e-01
7.860000 -1.051112943576695e-01
7.870000 -1.042988573101840e-01
7.880000 -1.029540783902166e-01
7.890000 -1.010473544568701e-01
7.900000 -9.856016852584254e-02
7.910000 -9.548490221530805e-02
7.920000 -9.182454809109669e-02
7.930000 -8.759216791009529e-02
7.940000 -8.281025076294707e-02
7.950000 -7.751006736672458e-02
7.960000 -7.173102435760242e-02
7.970000 -6.552001858353015e-02
7.980000 -5.893079139690514e-02
7.990000 -5.202328294724522e-02
8.000000 -4.486298647386172e-02
8.010000 -3.752029960389290e-02
8.020000 -3.006979778919299e-02
8.030000 -2.258931009487539e-02
8.040000 -1.515891712606018e-02
8.050000 -7.859945959917469e-03
8.060000 -7.739650777105330e-04
8.070000 6.018220703160875e-03
8.080000 1.243757529711734e-02
8.090000 1.840783641835655e-02
8.100000 2.385652064881005e-02
8.110000 2.871594045972173e-02
8.120000 3.292453203154868e-02
8.130000 3.642897203004637e-02
8.140000 3.918660518587332e-02
8.150000 4.116788382833753e-02
8.160000 4.235880741914271e-02
8.170000 4.276336208613450e-02
8.180000 4.240596015704681e-02
8.190000 4.133387969324811e-02
8.200000 3.961970402348772e-02
8.210000 3.736367527673292e-02
8.220000 3.469381184650028e-02
8.230000 3.176034961009666e-02
8.240000 2.872794702326480e-02
8.250000 2.576780420831087e-02
8.260000 2.304978204223217e-02
8.270000 2.073452124484453e-02
8.280000 1.896556146691002e-02
8.290000 1.786146037826448e-02
8.300000 1.750791275594507e-02
8.310000 1.794999517581271e-02
8.320000 1.918767648241780e-02
8.330000 2.117961844996081e-02
8.340000 2.385024233072154e-02
8.350000 2.709692101790573e-02
8.360000 3.079717120849164e-02
8.370000 3.481584556607670e-02
8.380000 3.901232488372404e-02
8.390000 4.324771024680912e-02
8.400000 4.739201519586638e-02
8.410000 5.133127966925423e-02
8.420000 5.497265015308113e-02
8.430000 5.824429701856908e-02
8.440000 6.109329798165155e-02
8.450000 6.348344333388695e-02
8.460000 6.539304117337238e-02
8.470000 6.681272263565741e-02
8.480000 6.774324712465737e-02
8.490000 6.819330754356735e-02
8.500000 6.817733552577564e-02
8.510000 6.771333136663102e-02
8.520000 6.682133620317922e-02
8.530000 6.552353455656176e-02
8.540000 6.384499915460494e-02
8.550000 6.181446045848407e-02
8.560000 5.946507618938825e-02
8.570000 5.683520085518440e-02
8.580000 5.396915527708211e-02
8.590000 5.091799611629774e-02
8.600000 4.774028540071918e-02
8.610000 4.450282367325756e-02
8.620000 4.128043725978729e-02
8.630000 3.815336438577245e-02
8.640000 3.520369535711874e-02
8.650000 3.251177635717660e-02
8.660000 3.015261324374427e-02
8.670000 2.819227534607099e-02
8.680000 2.668429926186009e-02
8.690000 2.566609265427210e-02
8.700000 2.515533804892790e-02
8.710000 2.514646849805457e-02
8.720000 2.560901189033570e-02
8.730000 2.649067890465902e-02
8.740000 2.772231973456596e-02
8.750000 2.922295269234338e-02
8.760000 3.090479281311553e-02
8.770000 3.267828045893596e-02
8.780000 3.445710992287930e-02
8.790000 3.616325803313327e-02
8.800000 3.773201275709045e-02
8.810000 3.911692823814089e-02
8.820000 4.029286696752821e-02
8.830000 4.125418603943350e-02
8.840000 4.201101039717262e-02
8.850000 4.258543249769906e-02
8.860000 4.300771197610699e-02
8.870000 4.331247531013411e-02
8.880000 4.353491548466454e-02
8.890000 4.370699165623189e-02
8.900000 4.385362881752201e-02
8.910000 4.398897347693705e-02
8.920000 4.411410582716660e-02
8.930000 4.421844930965570e-02
8.940000 4.428263678986535e-02
8.950000 4.428143275977258e-02
8.960000 4.418665554037027e-02
8.970000 4.397009948416730e-02
8.980000 4.360645717768848e-02
8.990000 4.307624164397458e-02
9.000000 4.236870854508226e-02
9.010000 4.148473397542211e-02
9.020000 4.043853753192628e-02
9.030000 3.925647402905872e-02
9.040000 3.797467038444680e-02
9.050000 3.663661808472974e-02
9.060000 3.529076565140722e-02
9.070000 3.398811110668792e-02
9.080000 3.277979443933806e-02
9.090000 3.171469007053006e-02
9.100000 3.083699931969093e-02
9.110000 3.018387026806196e-02
9.120000 2.978373001992409e-02
9.130000 2.965642544862316e-02
9.140000 2.981407641174256e-02
9.150000 3.026195637113524e-02
9.160000 3.099937301295556e-02
9.170000 3.202054886769116e-02
9.180000 3.331550193019490e-02
9.190000 3.487092627971670e-02
9.200000 3.667107269993548e-02
9.210000 3.869861572653008e-02
9.220000 4.093516778007874e-02
9.230000 4.336089738994874e-02
9.240000 4.595379446515235e-02
9.250000 4.868892198890534e-02
9.260000 5.153766771318578e-02
9.270000 5.446699585329249e-02
9.280000 5.743869878240383e-02
9.290000 6.040864872613629e-02
9.300000 6.332604945710317e-02
9.310000 6.613272145105999e-02
9.320000 6.876325712578374e-02
9.330000 7.114738488078190e-02
9.340000 7.321320332159005e-02
9.350000 7.489044895584211e-02
9.360000 7.611376388934052e-02
9.370000 7.682596352212621e-02
9.380000 7.698130424454902e-02
9.390000 7.654875113333767e-02
9.400000 7.551524564766991e-02
9.410000 7.388891551825180e-02
9.420000 7.170078150382189e-02
9.430000 6.900264826414279e-02
9.440000 6.586349191188610e-02
9.450000 6.236578973867288e-02
9.460000 5.860184994111432e-02
9.470000 5.467014134685244e-02
9.480000 5.067162314060071e-02
9.490000 4.670607459018459e-02
9.500000 4.286842477258228e-02
9.510000 3.924511314186946e-02
9.520000 3.591125207249775e-02
9.530000 3.292982532229097e-02
9.540000 3.035168857806984e-02
9.550000 2.821560085391043e-02
9.560000 2.654825588940261e-02
9.570000 2.536431354790847e-02
9.580000 2.466643121482068e-02
9.590000 2.444529519582096e-02
9.600000 2.467965211513847e-02
9.610000 2.533635537892395e-02
9.620000 2.637080337617431e-02
9.630000 2.772837216103878e-02
9.640000 2.934623992836122e-02
9.650000 3.115522655990674e-02
9.660000 3.308163317058836e-02
9.670000 3.504908165469361e-02
9.680000 3.698035423211112e-02
9.690000 3.879923299455728e-02
9.700000 4.043233945180286e-02
9.710000 4.181097337756180e-02
9.720000 4.287293344440457e-02
9.730000 4.356429162733177e-02
9.740000 4.384114939363142e-02
9.750000 4.367139319212411e-02
9.760000 4.303644994240841e-02
9.770000 4.193304252410603e-02
9.780000 4.037494526610721e-02
9.790000 3.839473943581594e-02
9.800000 3.604556872839522e-02
9.810000 3.340283064686955e-02
9.820000 3.056420083265727e-02
9.830000 2.764542531873811e-02
9.840000 2.477444546839757e-02
9.850000 2.208545877834272e-02
9.860000 1.971297968181832e-02
9.870000 1.778590035172268e-02
9.880000 1.642155150372371e-02
9.890000 1.571976319937491e-02
9.900000 1.575692564923130e-02
9.910000 1.658012494815821e-02
9.920000 1.820322730830877e-02
9.930000 2.060790989207118e-02
9.940000 2.374664046854769e-02
9.950000 2.754573203481278e-02
9.960000 3.190839743717121e-02
9.970000 3.671780399241630e-02
9.980000 4.184012810908793e-02
9.990000 4.712760990873077e-02
10.000000 5.242160784715232e-02
10.010000 5.755566910332513e-02
10.020000 6.235900998462268e-02
10.030000 6.666103723412957e-02
10.040000 7.029627942628433e-02
10.050000 7.310933413736673e-02
10.060000 7.495981511598462e-02
10.070000 7.572729945356081e-02
10.080000 7.531627475482028e-02
10.090000 7.366108630827696e-02
10.100000 7.073088425672086e-02
10.110000 6.653448028608284e-02
10.120000 6.112285144589992e-02
10.130000 5.458567075449031e-02
10.140000 4.704548450288690e-02
10.150000 3.865179903386448e-02
10.160000 2.957516752096725e-02
10.170000 2.000127674753578e-02
10.180000 1.012503388573444e-02
10.190000 1.446532755786773e-04
10.200000 -9.744256796037814e-03
10.210000 -1.935456984211301e-02
10.220000 -2.851254244312401e-02
10.230000 -3.706024159882299e-02
10.240000 -4.485699741343276e-02
10.250000 -5.178081828789770e-02
10.260000 -5.772980611213461e-02
10.270000 -6.262357145728382e-02
10.280000 -6.640464876796011e-02
10.290000 -6.903991155450351e-02
10.300000 -7.052198758523062e-02
10.310000 -7.087062334698044e-02
10.320000 -7.013272926956714e-02
10.330000 -6.837907578412658e-02
10.340000 -6.569966988061281e-02
10.350000 -6.219908090711425e-02
10.360000 -5.799176636917001e-02
10.370000 -5.319739772908588e-02
10.380000 -4.793618620525075e-02
10.390000 -4.232420857145267e-02
10.400000 -3.646873295619505e-02
10.410000 -3.046360666297746e-02
10.420000 -2.438625680534002e-02
10.430000 -1.829878543807039e-02
10.440000 -1.225067784033664e-02
10.450000 -6.281572853500899e-03
10.460000 -4.240332189329913e-04
10.470000 5.293684084176028e-03
10.480000 1.084485750100016e-02
10.490000 1.620153056326490e-02
10.500000 2.133174155143359e-02
10.510000 2.619680045357657e-02
10.520000 3.074979585187977e-02
10.530000 3.493722427254258e-02
10.540000 3.870184973071993e-02
10.550000 4.198561059888758e-02
10.560000 4.473252647520737e-02
10.570000 4.689160505189253e-02
10.580000 4.841974898357301e-02
10.590000 4.928466275566069e-02
10.600000 4.946775955271469e-02
10.610000 4.896702278037359e-02
10.620000 4.779868836707016e-02
10.630000 4.599593332267374e-02
10.640000 4.360638481067330e-02
10.650000 4.068958384730289e-02
10.660000 3.731444900066748e-02
10.670000 3.355674008986847e-02
10.680000 2.949652188412933e-02
10.690000 2.521562780192129e-02
10.700000 2.079512361008892e-02
10.710000 1.631279740783544e-02
10.720000 1.184133314507005e-02
10.730000 7.448219469564935e-03
10.740000 3.196342268517873e-03
10.750000 -8.553964890210691e-04
10.760000 -4.651459909722982e-03
10.770000 -8.139057333553469e-03
10.780000 -1.126752549134602e-02
10.790000 -1.398770966237540e-02
10.800000 -1.625134483193101e-02
10.810000 -1.801046447930232e-02
10.820000 -1.921752789584713e-02
10.830000 -1.982737168518694e-02
10.840000 -1.979987996773191e-02
10.850000 -1.910268223304248e-02
10.860000 -1.771385119219097e-02
10.870000 -1.562460063012332e-02
10.880000 -1.284198325802062e-02
10.890000 -9.391588565660790e-03
10.900000 -5.320240673780231e-03
10.910000 -6.986249709303585e-04
10.920000 4.377937224405267e-03
10.930000 9.793415757991872e-03
10.940000 1.541685117336451e-02
10.950000 2.110820550731408e-02
10.960000 2.672421308537344e-02
10.970000 3.212423131730351e-02
10.980000 3.717609149257934e-02
10.990000 4.176194957587617e-02
11.000000 4.578413700255563e-02
11.010000 4.917092693740152e-02
11.020000 5.188010212202677e-02
11.030000 5.389694141638800e-02
11.040000 5.523000735907504e-02
11.050000 5.590684913386029e-02
11.060000 5.596970553624823e-02
11.070000 5.547120794002493e-02
11.080000 5.447008326380755e-02
11.090000 5.302685693759390e-02
11.100000 5.119955586931183e-02
11.110000 4.903946058105955e-02
11.120000 4.658813603098103e-02
11.130000 4.387770876371249e-02
11.140000 4.093242308863317e-02
11.150000 3.777024646202364e-02
11.160000 3.440447486922431e-02
11.170000 3.084533820679387e-02
11.180000 2.710160566466756e-02
11.190000 2.318219110831574e-02
11.200000 1.909775846090219e-02
11.210000 1.486231147688002e-02
11.220000 1.049437760336837e-02
11.230000 6.017161306809209e-03
11.240000 1.458291375390420e-03
11.250000 -3.150447398295215e-03
11.260000 -7.773382534591000e-03
11.270000 -1.237122218411733e-02
11.280000 -1.690132344511269e-02
11.290000 -2.131796068077464e-02
11.300000 -2.557259383660082e-02
11.310000 -2.961415214680447e-02
11.320000 -3.338971804767644e-02
11.330000 -3.684622714530202e-02
11.340000 -3.993256850401149e-02
11.350000 -4.260170033528420e-02
11.360000 -4.481276568665243e-02
11.370000 -4.653320813060536e-02
11.380000 -4.774088745349301e-02
11.390000 -4.842619534443016e-02
11.400000 -4.859417108420031e-02
11.410000 -4.826656995016827e-02
11.420000 -4.748270194955590e-02
11.430000 -4.629714862178986e-02
11.440000 -4.477624980930577e-02
11.450000 -4.299454310837070e-02
11.460000 -4.103120331990548e-02
11.470000 -3.896648190030703e-02
11.480000 -3.687814641227071e-02
11.490000 -3.483791997561261e-02
11.500000 -3.290792071809199e-02
11.510000 -3.113714318078033e-02
11.520000 -2.955903080436065e-02
11.530000 -2.819181849927690e-02
11.540000 -2.703996662528229e-02
11.550000 -2.609563695838097e-02
11.560000 -2.534016865776980e-02
11.570000 -2.474555423278023e-02
11.580000 -2.427591550982006e-02
11.590000 -2.388897959931525e-02
11.600000 -2.353755486265170e-02
11.610000 -2.317102398361586e-02
11.620000 -2.273728186688597e-02
11.630000 -2.218580288756082e-02
11.640000 -2.147115310537417e-02
11.650000 -2.055651959717150e-02
11.660000 -1.941723978938675e-02
11.670000 -1.804433079051906e-02
11.680000 -1.644801872360951e-02
11.690000 -1.466126805871784e-02
11.700000 -1.274331094539925e-02
11.710000 -1.078306414038945e-02
11.720000 -8.899622667735925e-03
11.730000 -7.235331697716139e-03
11.740000 -5.945934229256640e-03
11.750000 -5.190606274666063e-03
11.760000 -5.121992044368124e-03
11.770000 -5.876239131634595e-03
11.780000 -7.563033697318342e-03
11.790000 -1.025563565458626e-02
11.800000 -1.398091385365231e-02
11.810000 -1.870955845545527e-02
11.820000 -2.435090141990782e-02
11.830000 -3.075943642312478e-02
11.840000 -3.774594839211411e-02
11.850000 -4.508882037870168e-02
11.860000 -5.254534043345644e-02
11.870000 -5.986300847961501e-02
11.880000 -6.679084318700676e-02
11.890000 -7.309068884597864e-02
11.900000 -7.854852224132018e-02
11.910000 -8.298563522737373e-02
11.920000 -8.626658466913156e-02
11.930000 -8.829893509386806e-02
11.940000 -8.902976762742930e-02
11.950000 -8.844206452357493e-02
11.960000 -8.655109369332006e-02
11.970000 -8.340079323427713e-02
11.980000 -7.906015595999792e-02
11.990000 -7.361961392931553e-02
12.000000 -6.718742297568610e-02
12.010000 -5.988605550017667e-02
12.020000 -5.184880817817761e-02
12.030000 -4.321695530985787e-02
12.040000 -3.413711715803208e-02
12.050000 -2.475863655704206e-02
12.060000 -1.523095552163845e-02
12.070000 -5.700991855862339e-03
12.080000 3.689484238073268e-03
12.090000 1.280647355090176e-02
12.100000 2.152637125742144e-02
12.110000 2.973856424184616e-02
12.120000 3.734735052276822e-02
12.130000 4.427213755187870e-02
12.140000 5.044696237419981e-02
12.150000 5.581998569873888e-02
12.160000 6.035298596914289e-02
12.170000 6.402085343435268e-02
12.180000 6.681108421925731e-02
12.190000 6.872327439534838e-02
12.200000 6.976861405137419e-02
12.210000 6.996938095143138e-02
12.220000 6.935842346333250e-02
12.230000 6.797861624508732e-02
12.240000 6.588230519780197e-02
12.250000 6.313075200562941e-02
12.260000 5.979357867571989e-02
12.270000 5.594821207817145e-02
12.280000 5.167932848598019e-02
12.290000 4.707829811499097e-02
12.300000 4.224262966384763e-02
12.310000 3.727543476546604e-02
12.320000 3.228541029048387e-02
12.330000 2.738813543986826e-02
12.340000 2.270788688004980e-02
12.350000 1.837947380863350e-02
12.360000 1.455007302011024e-02
12.370000 1.138106397156780e-02
12.380000 9.049863848402154e-03
12.390000 7.751762630028661e-03
12.400000 7.701758155593241e-03
12.410000 9.134896548348736e-03
12.420000 1.226774026584041e-02
12.430000 1.716114155775372e-02
12.440000 2.354412892092298e-02
12.450000 3.063629745014013e-02
12.460000 3.697019918896367e-02
12.470000 4.021373348052747e-02
12.480000 3.699253731834965e-02
12.490000 2.271237569714143e-02
12.500000 -8.618468036384004e-03
