0.274000 1.597649764119574e+03
0.276000 1.322352423559685e+03
0.278000 1.247640820754759e+03
0.280000 1.055670875421301e+03
0.282000 9.930499795296727e+02
0.284000 9.317247839293084e+02
0.286000 8.411031833079090e+02
0.288000 7.694249815456747e+02
0.290000 6.994720942380881e+02
0.292000 6.416211802537960e+02
0.294000 5.837212672488911e+02
0.296000 5.299778652707852e+02
0.298000 4.857779877305268e+02
0.300000 4.362969372595252e+02
0.302000 3.964954690266995e+02
0.304000 3.566721982196853e+02
0.306000 3.238716007458735e+02
0.308000 2.906490089053638e+02
0.310000 2.613499067421266e+02
0.312000 2.337533808373831e+02
0.314000 2.092032634157267e+02
0.316000 1.856678973811561e+02
0.318000 1.651249190063695e+02
0.320000 1.466380441616418e+02
0.322000 1.288704249107014e+02
0.324000 1.135114796213622e+02
0.326000 9.926860911588419e+01
0.328000 8.577400494810571e+01
0.330000 7.388525008927299e+01
0.332000 6.254055526006945e+01
0.334000 5.221131431594544e+01
0.336000 4.229415736839778e+01
0.338000 3.337395483048356e+01
0.340000 2.556906798141897e+01
0.342000 1.737758750796238e+01
0.344000 9.930450968321274e+00
0.346000 2.615686793896434e+00
0.348000 -4.214289988369836e+00
0.350000 -9.134109756607398e+00
0.352000 -1.551522054778274e+01
0.354000 -1.986284009266881e+01
0.356000 -2.444567728724154e+01
0.358000 -2.707809767026099e+01
0.360000 -3.021133753601008e+01
0.362000 -3.141005191035979e+01
0.364000 -3.144771166545656e+01
0.366000 -3.080216906851393e+01
0.368000 -2.846082366487914e+01
0.370000 -2.466334513527918e+01
0.372000 -2.041462033603061e+01
0.374000 -1.363576615119958e+01
0.376000 -6.285280073621673e+00
0.378000 1.605934515767640e+00
0.380000 1.074226989475660e+01
0.382000 1.919891768020095e+01
0.384000 2.858216075682807e+01
0.386000 3.701993987495391e+01
0.388000 4.409836455224908e+01
0.390000 5.095071886682329e+01
0.392000 5.726956109687318e+01
0.394000 6.105561817603074e+01
0.396000 6.474962397644700e+01
0.398000 6.554923809473962e+01
0.400000 6.727338310114042e+01
0.402000 6.734011534945245e+01
0.404000 6.699895706598706e+01
0.406000 6.561290319217849e+01
0.408000 6.396873622463900e+01
0.410000 6.178908322758414e+01
0.412000 5.935033200931255e+01
0.414000 5.724819030187616e+01
0.416000 5.493999348326931e+01
0.418000 5.241019150177804e+01
0.420000 4.989927500378695e+01
0.422000 4.719801808874480e+01
0.424000 4.518036053783953e+01
0.426000 4.272937563805012e+01
0.428000 4.066321910097859e+01
0.430000 3.842130960423821e+01
0.432000 3.639508901988359e+01
0.434000 3.420226909950762e+01
0.436000 3.264992582683389e+01
0.438000 3.097707529305864e+01
0.440000 2.935315011390870e+01
0.442000 2.800069928579523e+01
0.444000 2.635683967211664e+01
0.446000 2.469203486758208e+01
0.448000 2.330354777838616e+01
0.450000 2.197051005416900e+01
0.452000 2.090411030689030e+01
0.454000 1.932368601704959e+01
0.456000 1.849574140927885e+01
0.458000 1.713282082522568e+01
0.460000 1.620960795787110e+01
0.462000 1.508584787297877e+01
0.464000 1.409091237535140e+01
0.466000 1.304861043480263e+01
0.468000 1.184455695640780e+01
0.470000 1.148544331818352e+01
0.472000 1.045149746033172e+01
0.474000 9.620777117151668e+00
0.476000 8.953735609311154e+00
0.478000 8.017845309668255e+00
0.480000 7.540878503325625e+00
0.482000 6.551430687627834e+00
0.484000 6.279866532336188e+00
0.486000 5.036907969763734e+00
0.488000 4.482921680862266e+00
0.490000 3.837209279126645e+00
0.492000 3.575108277956215e+00
0.494000 2.948783285812337e+00
0.496000 2.361158710510759e+00
0.498000 1.641625666146348e+00
0.500000 1.436852634944933e+00
0.502000 1.040090643573993e+00
0.504000 3.600021430185300e-01
0.506000 5.184537521263717e-01
0.508000 -1.291347881610480e-01
0.510000 -2.562044411833794e-01
0.512000 -9.236535495204413e-01
0.514000 -8.609733309062984e-01
0.516000 -9.656232852415596e-01
0.518000 -1.161239818754005e+00
0.520000 -1.363919882750839e+00
0.522000 -1.434841541342253e+00
0.524000 -1.206811926952961e+00
0.526000 -1.760781566132686e+00
0.528000 -1.472400990176266e+00
0.530000 -1.894448226878260e+00
0.532000 -1.594796897573018e+00
0.534000 -1.714959541270981e+00
0.536000 -1.374882479590499e+00
0.538000 -1.687315097026580e+00
0.540000 -1.472101203620986e+00
0.542000 -1.391846782664748e+00
0.544000 -1.566332626726183e+00
0.546000 -1.670409888190767e+00
0.548000 -1.991599836710895e+00
0.550000 -1.575507839402210e+00
0.552000 -2.058606499039735e+00
0.554000 -1.808668247531760e+00
0.556000 -1.399642225138618e+00
0.558000 -1.821597667803563e+00
0.560000 -2.012001721574106e+00
0.562000 -2.061751123563037e+00
0.564000 -2.229699304843612e+00
0.566000 -2.269169881264843e+00
0.568000 -2.568795951285695e+00
0.570000 -2.723342397709012e+00
0.572000 -2.675538694796840e+00
0.574000 -2.701001897865351e+00
0.576000 -3.283425615160306e+00
0.578000 -3.085079381397563e+00
0.580000 -3.200740426987407e+00
0.582000 -3.238715601401993e+00
0.584000 -3.485067316614266e+00
0.586000 -3.592352095260104e+00
0.588000 -3.997035215814853e+00
0.590000 -3.963558314564166e+00
0.592000 -3.836983176908630e+00
0.594000 -3.740665192217822e+00
0.596000 -4.360920221993926e+00
0.598000 -3.951786838038712e+00
0.600000 -3.845733343063563e+00
0.602000 -4.267655461808488e+00
0.604000 -3.861609126230588e+00
0.606000 -3.742558069892694e+00
0.608000 -3.867991855078099e+00
0.610000 -3.506378972582362e+00
0.612000 -3.155051994686338e+00
0.614000 -3.466618807879740e+00
0.616000 -2.888482729957624e+00
0.618000 -3.089295779850504e+00
0.620000 -2.284533421586454e+00
0.622000 -2.272792867712256e+00
0.624000 -1.733782953945978e+00
0.626000 -1.746261885513933e+00
0.628000 -1.485557330422875e+00
0.630000 -1.177868655209033e+00
0.632000 -8.586604647094089e-01
0.634000 -2.109590410722439e-01
0.636000 -4.637587691963935e-01
0.638000 3.105625332353985e-01
0.640000 3.178224900391988e-01
0.642000 7.424577153634061e-01
0.644000 1.063260456228982e+00
0.646000 1.117669221122003e+00
0.648000 1.525126702193822e+00
0.650000 1.807739833934166e+00
0.652000 2.362128756946332e+00
0.654000 2.227642677719735e+00
0.656000 2.439039568487100e+00
0.658000 2.259892637772859e+00
0.660000 2.833537701709166e+00
0.662000 2.973512507858927e+00
0.664000 3.004889706895847e+00
0.666000 2.835068592140104e+00
0.668000 3.109637643846889e+00
0.670000 3.100733699599306e+00
0.672000 3.571104860234538e+00
0.674000 3.096491583688673e+00
0.676000 3.226335822208780e+00
0.678000 3.373858770589241e+00
0.680000 3.259313800118165e+00
0.682000 3.355746071077323e+00
0.684000 2.962236725434630e+00
0.686000 3.422639842014556e+00
0.688000 3.204776280401918e+00
0.690000 3.276444977632659e+00
0.692000 2.899517128777426e+00
0.694000 3.004670274193574e+00
0.696000 3.042232327078163e+00
0.698000 2.846520180626535e+00
0.700000 2.570125209562640e+00
0.702000 2.567281550488510e+00
0.704000 2.300773778121710e+00
0.706000 2.637983083714079e+00
0.708000 2.473537068170155e+00
0.710000 2.450129525175226e+00
0.712000 2.419164702135477e+00
0.714000 2.145932706985141e+00
0.716000 2.231607559122272e+00
0.718000 2.376830917714641e+00
0.720000 1.860471695917068e+00
0.722000 1.865155148338284e+00
0.724000 2.054343584455455e+00
0.726000 1.791012575945213e+00
0.728000 1.699466262565796e+00
0.730000 1.826528276998666e+00
0.732000 1.619364705682829e+00
0.734000 1.357150381261968e+00
0.736000 1.708138385627038e+00
0.738000 1.511927790446704e+00
0.740000 1.339238092868024e+00
0.742000 1.551330027411999e+00
0.744000 1.459807818205175e+00
0.746000 1.305164672888183e+00
0.748000 1.249013505980696e+00
0.750000 1.094789194552291e+00
0.752000 9.348214640551350e-01
0.754000 1.248826445361453e+00
0.756000 1.156711561842781e+00
0.758000 8.211807772028149e-01
0.760000 7.473789510656436e-01
0.762000 8.535629310548659e-01
0.764000 8.370829419836568e-01
0.766000 6.961592274274443e-01
0.768000 5.855834221359086e-01
0.770000 5.549639536740263e-01
0.772000 5.260217147975196e-01
0.774000 4.661943707780290e-01
0.776000 3.766362178263659e-01
0.778000 7.541283538146357e-02
0.780000 1.979063984629202e-01
0.782000 2.433724293452422e-01
0.784000 1.396441500543288e-01
0.786000 8.377300955176602e-02
0.788000 9.158433828393894e-02
0.790000 -9.081950371169252e-02
0.792000 -1.243129066139380e-01
0.794000 -1.996997861719363e-01
0.796000 -3.781626297867060e-01
0.798000 -2.140196511562079e-01
0.800000 -5.526550880818223e-01
0.802000 -7.282220728014192e-01
0.804000 -5.720757551311535e-01
0.806000 -6.761394367566830e-01
0.808000 -1.007227197885854e+00
0.810000 -5.278909565233487e-01
0.812000 -7.068162242118355e-01
0.814000 -7.757353970770958e-01
0.816000 -8.658109295666611e-01
0.818000 -9.506119697113501e-01
0.820000 -1.087574898530481e+00
0.822000 -8.875784014509549e-01
0.824000 -1.186924312016193e+00
0.826000 -1.071235931115212e+00
0.828000 -1.180845059383106e+00
0.830000 -1.315412349856103e+00
0.832000 -1.254728892886661e+00
0.834000 -1.227394359499891e+00
0.836000 -1.298758076869054e+00
0.838000 -1.189565979832431e+00
0.840000 -1.348228388503715e+00
0.842000 -1.205538310754743e+00
0.844000 -1.352976270781223e+00
0.846000 -1.486422627430527e+00
0.848000 -1.301693000868523e+00
0.850000 -1.298441126361469e+00
0.852000 -1.344394828519873e+00
0.854000 -1.213114056820198e+00
0.856000 -1.311925102035318e+00
0.858000 -1.456459375991189e+00
0.860000 -1.050144061739465e+00
0.862000 -1.247855850490003e+00
0.864000 -1.280994344820697e+00
0.866000 -1.033903417443475e+00
0.868000 -1.234478720501261e+00
0.870000 -1.062517536951502e+00
0.872000 -1.049985820840473e+00
0.874000 -1.107619000850346e+00
0.876000 -8.940784276098258e-01
0.878000 -1.262503032976728e+00
0.880000 -9.200455911504237e-01
0.882000 -8.976701734145620e-01
0.884000 -9.026520735557064e-01
0.886000 -9.018768404589583e-01
0.888000 -8.072983696649033e-01
0.890000 -6.937526576041048e-01
0.892000 -6.701887737572590e-01
0.894000 -7.055904877524704e-01
0.896000 -8.015841961067731e-01
0.898000 -6.582373905928103e-01
0.900000 -4.849860750379927e-01
0.902000 -7.169023952573501e-01
0.904000 -3.347023628491106e-01
0.906000 -5.500265252828992e-01
0.908000 -6.615719385244108e-01
0.910000 -3.676664246039534e-01
0.912000 -4.339712046254195e-01
0.914000 -2.711260784553765e-01
0.916000 -4.090068874694915e-01
0.918000 -3.128724093063500e-01
0.920000 -2.505342173142364e-01
0.922000 -4.294735708451694e-01
0.924000 5.258538694032928e-02
0.926000 -1.801513071183287e-01
0.928000 -1.757557625985672e-01
0.930000 -2.358117067090955e-01
0.932000 -2.118473794510248e-02
0.934000 -1.184365932830436e-01
0.936000 3.949847526544219e-02
0.938000 -1.625420806596574e-01
0.940000 -3.718486607153059e-02
0.942000 -2.036423278295038e-01
0.944000 2.824610039869536e-02
0.946000 -1.945808515618672e-02
0.948000 1.030738368690190e-01
0.950000 -1.644492493625986e-01
0.952000 -2.035541838475570e-02
0.954000 -1.150889952102598e-01
0.956000 -4.611645523111763e-02
0.958000 -2.201759543023328e-02
0.960000 -4.305994757047073e-02
0.962000 -9.945397461978714e-03
0.964000 8.562696180227337e-02
0.966000 -8.484503371871262e-03
0.968000 -1.109323063783411e-01
0.970000 -1.720051591910456e-01
0.972000 -1.095574299146990e-02
0.974000 7.722490460810909e-02
0.976000 4.873171817957382e-02
0.978000 7.463223106751876e-03
0.980000 8.737599992398769e-02
0.982000 -1.740447398031781e-01
0.984000 -9.789467607350841e-02
0.986000 2.894064411127802e-02
0.988000 6.749193370131113e-03
0.990000 -7.480220323573095e-02
0.992000 -1.292676239356765e-02
0.994000 -7.434504174042767e-03
0.996000 -7.447500578091856e-02
0.998000 1.660151897614554e-01
1.000000 2.029087036695644e-02
1.002000 -2.921459392864838e-02
1.004000 -1.835182831971863e-02
1.006000 6.532618130320761e-02
1.008000 1.113631208065753e-02
1.010000 -1.524010962300982e-02
1.012000 1.484473876863256e-01
1.014000 2.759522072845651e-02
1.016000 -1.575794373856697e-02
1.018000 4.087017565204616e-02
1.020000 1.380404732793903e-01
1.022000 -6.445611003393832e-02
1.024000 -6.644019434221168e-02
1.026000 -5.811544687880284e-02
1.028000 -2.464327839273512e-02
1.030000 6.943644120661500e-02
1.032000 -1.580374923752263e-02
1.034000 -5.842004861337507e-02
1.036000 3.575392572865311e-02
1.038000 -7.757050328736493e-04
1.040000 1.357599197188033e-01
1.042000 5.771078882399939e-02
1.044000 9.693771779679358e-02
1.046000 -2.266209133740095e-02
1.048000 3.086644903250629e-01
1.050000 9.867216214009264e-02
1.052000 6.530891610139337e-02
1.054000 3.051692567380103e-01
1.056000 -1.150324130645308e-02
1.058000 2.517045896895851e-01
1.060000 2.815654301326124e-02
1.062000 1.802108104426683e-01
1.064000 7.313411592830357e-02
1.066000 1.829987463860280e-01
1.068000 2.432299718181109e-01
1.070000 1.649828625884686e-01
1.072000 1.257433279664973e-01
1.074000 1.472955857665918e-01
1.076000 1.009068461007268e-01
1.078000 1.965717534686836e-01
1.080000 2.693449598257273e-01
1.082000 8.058838540904556e-02
1.084000 3.215628254271692e-01
1.086000 8.290898644005536e-02
1.088000 2.114688073695646e-01
1.090000 6.711923929272674e-02
1.092000 1.530642857992154e-01
1.094000 3.064158737164194e-01
1.096000 6.828995794408377e-02
1.098000 1.467815407909884e-01
1.100000 1.200073912641168e-01
1.102000 2.898106555020635e-01
1.104000 8.064722273336860e-03
1.106000 1.911036731885771e-01
1.108000 2.071149323355817e-01
1.110000 1.775176088308136e-01
1.112000 1.493880263621178e-01
1.114000 3.206719576132480e-01
1.116000 1.396569155321330e-01
1.118000 2.080519832315759e-01
1.120000 2.537133188982870e-01
1.122000 6.762865464449519e-02
1.124000 2.813094651472388e-01
1.126000 2.010828111866095e-02
1.128000 3.194772969159974e-01
1.130000 1.863802300494444e-01
1.132000 1.301714340903232e-01
1.134000 2.355099858491242e-01
1.136000 1.302645535087465e-01
1.138000 1.918413084049141e-01
1.140000 2.004707851231965e-01
1.142000 7.701188458729627e-02
1.144000 1.761190975713610e-01
1.146000 7.389901910666138e-02
1.148000 1.575652735210893e-01
1.150000 2.084486154415770e-01
1.152000 2.816349204117919e-02
1.154000 1.730029747237075e-01
1.156000 2.063984545134264e-01
1.158000 1.799099573032638e-01
1.160000 1.988357830428868e-01
1.162000 -2.718816038720577e-02
1.164000 1.412609281135093e-01
1.166000 9.878798942670668e-02
1.168000 1.930298955360367e-01
1.170000 1.016870030097792e-01
1.172000 1.218516856636266e-01
1.174000 2.145390261449613e-01
1.176000 1.196953379661988e-01
1.178000 1.108371471929379e-01
1.180000 1.296751394176184e-01
1.182000 1.400528586959474e-01
1.184000 7.237416046061620e-02
1.186000 1.073040709987206e-01
1.188000 8.736406324926953e-02
1.190000 5.547458175423669e-02
1.192000 4.199926120963915e-02
1.194000 -9.538463052050304e-02
1.196000 1.386373401306356e-03
1.198000 5.926783079588087e-02
1.200000 1.000627458442067e-02
1.202000 -3.996809666643662e-02
1.204000 -1.071086342837933e-03
1.206000 6.287181976164742e-02
1.208000 1.284218123360478e-01
1.210000 2.538667683099841e-02
1.212000 3.860371539634762e-02
1.214000 -4.862078047582171e-02
1.216000 -1.141987904635850e-01
1.218000 -8.488147423208342e-02
1.220000 -4.924664973477839e-02
1.222000 -1.036681429398339e-01
1.224000 -9.047849262994842e-02
1.226000 6.067496484336610e-02
1.228000 -2.000331992387714e-01
1.230000 -5.631814064814967e-02
1.232000 -6.961276346301347e-02
1.234000 -1.427737590171474e-01
1.236000 -4.255937536323322e-02
1.238000 -1.157149472590606e-02
1.240000 -6.978299251189368e-02
1.242000 -6.662734839376031e-02
1.244000 3.424489288575383e-02
1.246000 -8.627827023626365e-02
1.248000 -7.470151404855639e-02
1.250000 -1.463137814321138e-02
1.252000 9.083521807216744e-03
1.254000 -1.590608969081288e-02
1.256000 1.180196924089348e-02
1.258000 -1.344722921365005e-01
1.260000 -8.080171369982518e-02
1.262000 3.517975249804840e-02
1.264000 -1.257698853126348e-01
1.266000 -6.565622843393404e-02
1.268000 -1.165589822175505e-01
1.270000 8.731650772373966e-03
1.272000 -4.142029530785495e-02
1.274000 -4.861095354889860e-02
1.276000 -1.140329679067541e-01
1.278000 -3.217608769495606e-02
1.280000 1.065186883192040e-01
1.282000 -5.579566346585008e-02
1.284000 -1.620461250417914e-02
1.286000 -3.964042736278892e-02
1.288000 5.226478931293315e-02
1.290000 -4.976121122535690e-02
1.292000 -8.963127358237712e-02
1.294000 1.542715782239486e-03
1.296000 -3.359101805834665e-02
1.298000 8.920785314733858e-03
1.300000 -7.711815400976500e-02
1.302000 5.775810248916446e-02
1.304000 -5.060564228508733e-02
1.306000 7.603725951725063e-02
1.308000 -1.416767852424673e-02
1.310000 -3.385582507176085e-02
1.312000 -6.728361246154169e-02
1.314000 -8.998073215282114e-02
1.316000 1.030361847263384e-02
1.318000 -4.188078994639319e-02
1.320000 7.533852590962690e-03
1.322000 -4.652247462849807e-02
1.324000 -4.877742645892669e-02
1.326000 -3.104000365178610e-02
1.328000 -8.950836021304608e-02
1.330000 -1.455398343912017e-01
1.332000 1.660187593379826e-01
1.334000 -1.034727131597165e-01
1.336000 -7.665960133549918e-02
1.338000 -8.548543190841722e-02
1.340000 -2.629102079580883e-02
1.342000 -1.843717306139991e-01
1.344000 3.570196471434527e-02
1.346000 3.327156430219320e-02
1.348000 -4.412228851020820e-02
1.350000 -5.506620237917044e-02
1.352000 -6.515678443598720e-02
1.354000 1.148439838615048e-01
1.356000 -1.794690862115118e-02
1.358000 2.380592644914644e-02
1.360000 5.974771922934428e-03
1.362000 -4.714918746252805e-02
1.364000 1.957777767266980e-02
1.366000 -3.999486571736206e-02
1.368000 -8.889893411572021e-02
1.370000 6.700609102363930e-03
1.372000 6.734842479208612e-02
1.374000 8.776579708672962e-02
1.376000 -1.452567676963023e-01
1.378000 5.033991655694944e-02
1.380000 -1.048276138976134e-01
1.382000 -4.592962657845963e-03
1.384000 -3.884079280335807e-02
1.386000 -3.562996987022060e-02
1.388000 -6.547389072187128e-02
1.390000 -7.298433966503029e-02
1.392000 9.364202204972206e-03
1.394000 1.086317070505558e-02
1.396000 2.004538929549720e-02
1.398000 7.946126469374422e-02
1.400000 -6.367837181409930e-02
1.402000 -6.370907285663589e-02
1.404000 -1.447880814851412e-03
1.406000 -1.571864567946720e-01
1.408000 -2.917378332017759e-02
1.410000 -3.060088517937495e-02
1.412000 -6.202875553383103e-02
1.414000 6.075189962483515e-02
1.416000 -2.773449315265930e-02
1.418000 1.876331131535856e-02
1.420000 -1.768896422962641e-02
1.422000 -1.199755389793336e-01
1.424000 -6.734344656199449e-02
1.426000 2.746596319830918e-02
1.428000 -4.143710279595968e-04
1.430000 -7.998995037040070e-02
1.432000 -1.043559959333898e-01
1.434000 9.432598832640632e-03
1.436000 -1.107935235212815e-01
1.438000 6.881300192766655e-02
1.440000 -1.637756632278810e-01
1.442000 -3.245413577012930e-02
1.444000 -3.962847941760721e-02
1.446000 -6.766372032786275e-02
1.448000 -2.358273102812397e-02
1.450000 2.568405529977791e-02
1.452000 3.098097235430025e-02
1.454000 -4.237763079932358e-02
1.456000 -4.072064144454951e-02
1.458000 1.776800381596492e-02
1.460000 -7.994396528039253e-02
1.462000 -1.007643100602340e-01
1.464000 1.284227024799456e-01
1.466000 8.709749919622464e-03
1.468000 6.974311522911048e-02
1.470000 6.249256863112283e-02
1.472000 3.332875059663544e-03
1.474000 -3.303519792670766e-02
1.476000 1.220568177524498e-01
1.478000 8.060750137722647e-02
1.480000 -5.633030404210786e-02
1.482000 4.420653268711724e-02
1.484000 -6.185286661624600e-02
1.486000 5.093030885321076e-03
1.488000 -6.887682298449782e-02
1.490000 -3.405623363995593e-03
1.492000 -1.832718223285695e-02
1.494000 -1.595483556182151e-02
1.496000 3.935392310702969e-02
1.498000 -2.136811770813907e-02
1.500000 -2.287034086935919e-02
1.502000 2.616776422007598e-02
1.504000 -7.959505532018626e-02
1.506000 1.360537730552223e-01
1.508000 7.573559559377943e-02
1.510000 -9.847943589951828e-03
1.512000 -4.438648775378760e-02
1.514000 8.389281772570156e-02
1.516000 -2.309060397267565e-02
1.518000 2.806389348367774e-02
1.520000 -4.622848639429266e-02
1.522000 -1.585897967978449e-02
1.524000 7.866050338351706e-02
1.526000 -1.248647111102690e-01
1.528000 1.717021893963548e-01
1.530000 -5.922905166696579e-02
1.532000 7.289998487578467e-02
1.534000 -1.385515552844063e-02
1.536000 1.339559274489521e-01
1.538000 -3.018647056188391e-02
1.540000 -2.418715685610321e-02
1.542000 -6.692233895103633e-02
1.544000 -2.473962087119330e-02
1.546000 5.808797171146574e-02
1.548000 2.362026856347135e-02
1.550000 2.063705844272389e-02
1.552000 6.288426899079695e-02
1.554000 -1.757015667537133e-02
1.556000 4.099145276042825e-02
1.558000 -7.262719207121840e-02
1.560000 -1.910279145329382e-02
1.562000 1.251354917384819e-01
1.564000 -7.139885019011404e-02
1.566000 2.697966001186260e-02
1.568000 9.187464816173950e-02
1.570000 -8.196677945385246e-02
1.572000 -3.295829275902494e-02
1.574000 7.585039656021463e-02
1.576000 1.302210981173827e-01
1.578000 -2.392804324211341e-02
1.580000 5.667698187138993e-02
1.582000 6.063324354221384e-02
1.584000 -4.433529453777872e-02
1.586000 9.568685273115475e-02
1.588000 9.337468407755981e-02
1.590000 -1.262003511818379e-02
1.592000 5.816873278899678e-02
1.594000 -2.051344549248020e-02
1.596000 -2.287280664739410e-02
1.598000 4.157254322368509e-02
