3.210000 3.474888280441666e+00
3.220000 4.077919724991703e+00
3.230000 4.616051276164291e+00
3.240000 5.079022400601925e+00
3.250000 5.461802726577818e+00
3.260000 5.763779853848729e+00
3.270000 5.987947163507774e+00
3.280000 6.140091627837264e+00
3.290000 6.227981620161516e+00
3.300000 6.260554724699686e+00
3.310000 6.247105546418584e+00
3.320000 6.196481174039756e+00
3.330000 6.116475625057173e+00
3.340000 6.013729398935689e+00
3.350000 5.893828012320125e+00
3.360000 5.761408187398589e+00
3.370000 5.620264040265816e+00
3.380000 5.473453269286486e+00
3.390000 5.323403343458557e+00
3.400000 5.172017690776603e+00
3.410000 5.020781886595130e+00
3.420000 4.870869102329494e+00
3.430000 4.723226322933954e+00
3.440000 4.578611746660181e+00
3.450000 4.437612953592892e+00
3.460000 4.300664334523087e+00
3.470000 4.168064519821266e+00
3.480000 4.039993808310666e+00
3.490000 3.916531596140486e+00
3.500000 3.797673805659108e+00
3.510000 3.683350314287333e+00
3.520000 3.573442280613559e+00
3.530000 3.467796798259768e+00
3.540000 3.366234766396480e+00
3.550000 3.268556088028517e+00
3.560000 3.174544765502712e+00
3.570000 3.083973996015632e+00
3.580000 2.996611267121281e+00
3.590000 2.912223452238827e+00
3.600000 2.830581906160308e+00
3.610000 2.751467560558353e+00
3.620000 2.674675989428564e+00
3.630000 2.600021692833490e+00
3.640000 2.527340396335203e+00
3.650000 2.456490568729450e+00
3.660000 2.387354909714484e+00
3.670000 2.319841837559892e+00
3.680000 2.253886976775427e+00
3.690000 2.189454645779836e+00
3.700000 2.126539344569689e+00
3.710000 2.065167242388211e+00
3.720000 2.005397569001174e+00
3.730000 1.947321499756467e+00
3.740000 1.891054678709932e+00
3.750000 1.836727235534867e+00
3.760000 1.784473706038600e+00
3.770000 1.734422952679062e+00
3.780000 1.686688085081357e+00
3.790000 1.641356380554340e+00
3.800000 1.598479204607184e+00
3.810000 1.558061931465955e+00
3.820000 1.520054043116723e+00
3.830000 1.484343870038662e+00
3.840000 1.450765114688670e+00
3.850000 1.419108016675975e+00
3.860000 1.389130696463286e+00
3.870000 1.360570499067937e+00
3.880000 1.333155337763037e+00
3.890000 1.306615037778612e+00
3.900000 1.280692680002758e+00
3.910000 1.255155944682787e+00
3.920000 1.229808325394733e+00
3.930000 1.204496969990338e+00
3.940000 1.179111959256060e+00
3.950000 1.153582212549550e+00
3.960000 1.127871263704502e+00
3.970000 1.101973036935489e+00
3.980000 1.075907622742811e+00
3.990000 1.049717053817339e+00
4.000000 1.023461080945352e+00
4.010000 9.972129489133881e-01
4.020000 9.710551879056163e-01
4.030000 9.450758077070387e-01
4.040000 9.193655144138004e-01
4.050000 8.940153299493245e-01
4.060000 8.691142270729786e-01
4.070000 8.447467643887431e-01
4.080000 8.209907213538805e-01
4.090000 7.979147332875993e-01
4.100000 7.755759263797247e-01
4.110000 7.540175526993657e-01
4.120000 7.332666647703232e-01
4.130000 7.133328188817898e-01
4.140000 6.942093898040080e-01
4.150000 6.758759142392213e-01
4.160000 6.583004738393645e-01
4.170000 6.414420782237540e-01
4.180000 6.252530479967784e-01
4.190000 6.096813977655907e-01
4.200000 5.946732191577975e-01
4.210000 5.801750638391510e-01
4.220000 5.661362942513650e-01
4.230000 5.525105950731986e-01
4.240000 5.392553542098307e-01
4.250000 5.263302045055058e-01
4.260000 5.136955331762990e-01
4.270000 5.013109912428875e-01
4.280000 4.891340029633167e-01
4.290000 4.771182752657706e-01
4.300000 4.652123071813384e-01
4.310000 4.533578992767851e-01
4.320000 4.414887153364387e-01
4.330000 4.295302025212258e-01
4.340000 4.174029599696851e-01
4.350000 4.050274658761281e-01
4.360000 3.923288568179185e-01
4.370000 3.792417070827530e-01
4.380000 3.657148079959406e-01
4.390000 3.517159472476856e-01
4.400000 3.372366882203637e-01
4.410000 3.222971493158062e-01
4.420000 3.069506818402910e-01
4.430000 2.912859103900665e-01
4.440000 2.754220780459151e-01
4.450000 2.595017540682471e-01
4.460000 2.436834401499066e-01
4.470000 2.281341766689786e-01
4.480000 2.130221489415950e-01
4.490000 1.985092934747419e-01
4.500000 1.847439042190647e-01
4.510000 1.718532388216762e-01
4.520000 1.599362108082331e-01
4.530000 1.490583159260576e-01
4.540000 1.392522298191409e-01
4.550000 1.305206398641900e-01
4.560000 1.228391629359462e-01
4.570000 1.161592631725032e-01
4.580000 1.104111697406250e-01
4.590000 1.055067946010643e-01
4.600000 1.013426502738808e-01
4.610000 9.780276760375915e-02
4.620000 9.476162523467693e-02
4.630000 9.208738352766682e-02
4.640000 8.964589129566379e-02
4.650000 8.730499698144643e-02
4.660000 8.493887154492817e-02
4.670000 8.243233135044843e-02
4.680000 7.968516105406361e-02
4.690000 7.661643649083856e-02
4.700000 7.316884756213732e-02
4.710000 6.931302112291460e-02
4.720000 6.505175519721623e-02
4.730000 6.042194772712444e-02
4.740000 5.549067298352471e-02
4.750000 5.034895251031717e-02
4.760000 4.510543739683752e-02
4.770000 3.988009055027795e-02
4.780000 3.479786896810800e-02
4.790000 2.998240601049550e-02
4.800000 2.554969367272744e-02
4.810000 2.160176485763089e-02
4.820000 1.822045881317810e-02
4.830000 1.546334886488195e-02
4.840000 1.336515905035111e-02
4.850000 1.194134304863562e-02
4.860000 1.119174627475665e-02
4.870000 1.110426797423621e-02
4.880000 1.165852331762695e-02
4.890000 1.282950549504190e-02
4.900000 1.459124781068424e-02
4.910000 1.692048577737703e-02
4.920000 1.980025885273022e-02
4.930000 2.322194285787509e-02
4.940000 2.718329874425451e-02
4.950000 3.168495204298084e-02
4.960000 3.672681195583082e-02
4.970000 4.230449044624065e-02
4.980000 4.840572133030085e-02
4.990000 5.500677936775150e-02
5.000000 6.206889935297694e-02
5.010000 6.953469520600097e-02
5.020000 7.732466029443529e-02
5.030000 8.533577976021947e-02
5.040000 9.344550408929304e-02
5.050000 1.015178346860591e-01
5.060000 1.094094906788014e-01
5.070000 1.169760757251016e-01
5.080000 1.240782448172562e-01
5.090000 1.305878710876938e-01
5.100000 1.363942126143919e-01
5.110000 1.414100792262945e-01
5.120000 1.455779214218255e-01
5.130000 1.488738942279137e-01
5.140000 1.513067805233929e-01
5.150000 1.529148893029136e-01
5.160000 1.537628760539500e-01
5.170000 1.539385631338091e-01
5.180000 1.535497601466377e-01
5.190000 1.527210843204307e-01
5.200000 1.515907808840390e-01
5.210000 1.503075434441776e-01
5.220000 1.490273171882143e-01
5.230000 1.479096555572691e-01
5.240000 1.471129434208696e-01
5.250000 1.467891737219161e-01
5.260000 1.470787069474286e-01
5.270000 1.481050305992930e-01
5.280000 1.499695186650077e-01
5.290000 1.527461910884308e-01
5.300000 1.564764732405255e-01
5.310000 1.611639553901076e-01
5.320000 1.667692769703621e-01
5.330000 1.732082555353874e-01
5.340000 1.803582522375793e-01
5.350000 1.880677819950414e-01
5.360000 1.961662484547676e-01
5.370000 2.044736789558226e-01
5.380000 2.128104594925238e-01
5.390000 2.210070696776233e-01
5.400000 2.289138177054878e-01
5.410000 2.364105753152819e-01
5.420000 2.434163723595502e-01
5.430000 2.498953411132549e-01
5.440000 2.558533945393466e-01
5.450000 2.613312542947898e-01
5.460000 2.663973383419886e-01
5.470000 2.711406485602146e-01
5.480000 2.756636583570325e-01
5.490000 2.800752002797279e-01
5.500000 2.844833536267324e-01
5.510000 2.889883320590523e-01
5.520000 2.936754345518870e-01
5.530000 2.986096431912693e-01
5.540000 3.038344014234475e-01
5.550000 3.093720391492890e-01
5.560000 3.152242611588753e-01
5.570000 3.213726355660979e-01
5.580000 3.277790822432536e-01
5.590000 3.343863612556415e-01
5.600000 3.411185612961569e-01
5.610000 3.478815881198888e-01
5.620000 3.545636728244860e-01
5.630000 3.610363961205849e-01
5.640000 3.671570224231593e-01
5.650000 3.727713499329305e-01
5.660000 3.777165805635484e-01
5.670000 3.818241898687737e-01
5.680000 3.849227969696586e-01
5.690000 3.868410344817292e-01
5.700000 3.874104184421660e-01
5.710000 3.864682182369863e-01
5.720000 3.838603410873540e-01
5.730000 3.794445950732347e-01
5.740000 3.730949130595417e-01
5.750000 3.647059551596266e-01
5.760000 3.541977257578991e-01
5.770000 3.415201905324464e-01
5.780000 3.266578934776523e-01
5.790000 3.096345739268178e-01
5.800000 2.905177835747786e-01
5.810000 2.694235035005273e-01
5.820000 2.465206321874758e-01
5.830000 2.220321194825206e-01
5.840000 1.962275863997413e-01
5.850000 1.694125908628988e-01
5.860000 1.419177644455787e-01
5.870000 1.140879491113341e-01
5.880000 8.627133395382940e-02
5.890000 5.880859193698358e-02
5.900000 3.202201663511334e-02
5.910000 6.204658973076688e-03
5.920000 -1.839041690440548e-02
5.930000 -4.155778040478992e-02
5.940000 -6.313941873397842e-02
5.950000 -8.302142378394779e-02
5.960000 -1.011305598912011e-01
5.970000 -1.174308315952193e-01
5.980000 -1.319200513969120e-01
5.990000 -1.446264075170696e-01
6.000000 -1.556050316548142e-01
6.010000 -1.649345667460510e-01
6.020000 -1.727137423009170e-01
6.030000 -1.790581467951561e-01
6.040000 -1.840975002753067e-01
6.050000 -1.879731240178174e-01
6.060000 -1.908354177671583e-01
6.070000 -1.928413369739330e-01
6.080000 -1.941518700329904e-01
6.090000 -1.949295155215368e-01
6.100000 -1.953357594372477e-01
6.110000 -1.955285524363797e-01
6.120000 -1.956597889908929e-01
6.130000 -1.958728364398439e-01
6.140000 -1.963001906954675e-01
6.150000 -1.970611818435287e-01
6.160000 -1.982596816626851e-01
6.170000 -1.999818111438501e-01
6.180000 -2.022936480095551e-01
6.190000 -2.052389342333126e-01
6.200000 -2.088367835589781e-01
6.210000 -2.130793890201137e-01
6.220000 -2.179298050955693e-01
6.230000 -2.233216704067680e-01
6.240000 -2.291638564054670e-01
6.250000 -2.353470566032222e-01
6.260000 -2.417504504370714e-01
6.270000 -2.482483671352180e-01
6.280000 -2.547169495827146e-01
6.290000 -2.610408181871464e-01
6.300000 -2.671197347443149e-01
6.310000 -2.728752663039217e-01
6.320000 -2.782573404969988e-01
6.330000 -2.832479788687854e-01
6.340000 -2.878578666869592e-01
6.350000 -2.921201007553130e-01
6.360000 -2.960838286891792e-01
6.370000 -2.998078881908535e-01
6.380000 -3.033544463250188e-01
6.390000 -3.067826387941701e-01
6.400000 -3.101422092140377e-01
6.410000 -3.134671483890121e-01
6.420000 -3.167694231303756e-01
6.430000 -3.200350331875500e-01
6.440000 -3.232259780046877e-01
6.450000 -3.262845515902778e-01
6.460000 -3.291377269295612e-01
6.470000 -3.317015403969449e-01
6.480000 -3.338854761684158e-01
6.490000 -3.355968506339564e-01
6.500000 -3.367451968099582e-01
6.510000 -3.372466487516370e-01
6.520000 -3.370282840786548e-01
6.530000 -3.360313774441518e-01
6.540000 -3.342118894755102e-01
6.550000 -3.315398666585251e-01
6.560000 -3.279987993347859e-01
6.570000 -3.235849796990562e-01
6.580000 -3.183068597966541e-01
6.590000 -3.121844095208329e-01
6.600000 -3.052484746101605e-01
6.610000 -2.975401346459010e-01
6.620000 -2.891100613882496e-01
6.630000 -2.800178859228252e-01
6.640000 -2.703315881716517e-01
6.650000 -2.601268952143980e-01
6.660000 -2.494866799484707e-01
6.670000 -2.385003597491088e-01
6.680000 -2.272632951294773e-01
6.690000 -2.158761884007617e-01
6.700000 -2.044444823322611e-01
6.710000 -1.930777588114832e-01
6.720000 -1.818891200089251e-01
6.730000 -1.709941146647277e-01
6.740000 -1.605085096846990e-01
6.750000 -1.505456068582107e-01
6.760000 -1.412135420807816e-01
6.770000 -1.326125845766618e-01
6.780000 -1.248324361214153e-01
6.790000 -1.179495302645051e-01
6.800000 -1.120243315518756e-01
6.810000 -1.070986347485373e-01
6.820000 -1.031928897783166e-01
6.830000 -1.003041953099437e-01
6.840000 -9.840598967614896e-02
6.850000 -9.744841043909717e-02
6.860000 -9.735867967298772e-02
6.870000 -9.804148924665525e-02
6.880000 -9.937938610617025e-02
6.890000 -1.012331575574398e-01
6.900000 -1.034422165488077e-01
6.910000 -1.058249869536554e-01
6.920000 -1.081793694156004e-01
6.930000 -1.102853018212370e-01
6.940000 -1.119126369043319e-01
6.950000 -1.128311144775627e-01
6.960000 -1.128204142268539e-01
6.970000 -1.116802085057126e-01
6.980000 -1.092402151295651e-01
6.990000 -1.053702501700928e-01
7.000000 -9.999028074956780e-02
7.010000 -9.308047783518984e-02
7.020000 -8.469108444427174e-02
7.030000 -7.494748453152744e-02
7.040000 -6.404308899246397e-02
7.050000 -5.222742234887486e-02
7.060000 -3.979402484518366e-02
7.070000 -2.706835454478745e-02
7.080000 -1.439568942640038e-02
7.090000 -2.129029480397176e-03
7.100000 9.383001194843289e-03
7.110000 1.980825229659458e-02
7.120000 2.884307795784486e-02
7.130000 3.622261853390837e-02
7.140000 4.172664299181614e-02
7.150000 4.518364244625556e-02
7.160000 4.647485643191600e-02
7.170000 4.553829917583445e-02
7.180000 4.237278586974084e-02
7.190000 3.704195894240379e-02
7.200000 2.967831433197589e-02
7.210000 2.048722775833951e-02
7.220000 9.750782592157670e-03
7.230000 -2.173560761729978e-03
7.240000 -1.486739009834404e-02
7.250000 -2.787092513225774e-02
7.260000 -4.070279962058342e-02
7.270000 -5.287984348595952e-02
7.280000 -6.393686493953710e-02
7.290000 -7.344643260396665e-02
7.300000 -8.103865763638465e-02
7.310000 -8.642097585140053e-02
7.320000 -8.939765304087334e-02
7.330000 -8.988209341023454e-02
7.340000 -8.789087900296456e-02
7.350000 -8.353061224161486e-02
7.360000 -7.698448166562043e-02
7.370000 -6.849882766911190e-02
7.380000 -5.836970823872788e-02
7.390000 -4.692946469142742e-02
7.400000 -3.453328741230209e-02
7.410000 -2.154578159238853e-02
7.420000 -8.327606206484237e-03
7.430000 4.775982768939766e-03
7.440000 1.744175529758170e-02
7.450000 2.937322598505489e-02
7.460000 4.030529954063036e-02
7.470000 5.000891623897902e-02
7.480000 5.829569738191410e-02
7.490000 6.502259076013350e-02
7.500000 7.009651611496218e-02
7.510000 7.347901060009440e-02
7.520000 7.519073526798313e-02
7.530000 7.531236819704708e-02
7.540000 7.397632524556959e-02
7.550000 7.135486744641538e-02
7.560000 6.764806942639416e-02
7.570000 6.307178782562414e-02
7.580000 5.784562971689553e-02
7.590000 5.218092102503426e-02
7.600000 4.626867494626538e-02
7.610000 4.026756036757682e-02
7.620000 3.429206130623400e-02
7.630000 2.840560287322744e-02
7.640000 2.262628456670330e-02
7.650000 1.693758008932671e-02
7.660000 1.129922818579653e-02
7.670000 5.658123480359836e-03
7.680000 -4.079268567329121e-05
7.690000 -5.843641416415173e-03
7.700000 -1.177671542388591e-02
7.710000 -1.783558819049869e-02
7.720000 -2.397440604243826e-02
7.730000 -3.009993590625995e-02
7.740000 -3.607768518443342e-02
7.750000 -4.174277731410717e-02
7.760000 -4.691101023676610e-02
7.770000 -5.138991486788917e-02
7.780000 -5.498981356660688e-02
7.790000 -5.753487860535907e-02
7.800000 -5.887419063955220e-02
7.810000 -5.889279717721736e-02
7.820000 -5.752261599922445e-02
7.830000 -5.474930729398016e-02
7.840000 -5.060891252888940e-02
7.850000 -4.518046203629993e-02
7.860000 -3.857842755000384e-02
7.870000 -3.094517474173915e-02
7.880000 -2.244341575769132e-02
7.890000 -1.324866175499472e-02
7.900000 -3.541675438234277e-03
7.910000 6.499076404053086e-03
7.920000 1.670489731217729e-02
7.930000 2.692243624990434e-02
7.940000 3.701444135289211e-02
7.950000 4.685861435893622e-02
7.960000 5.634639198751665e-02
7.970000 6.538172731934409e-02
7.980000 7.387987117590629e-02
7.990000 8.176615349901464e-02
8.000000 8.897476473035056e-02
8.010000 9.544753719101239e-02
8.020000 1.011327408512153e-01
8.030000 1.059842532440448e-01
8.040000 1.099616791294786e-01
8.050000 1.130308443024605e-01
8.060000 1.151643037911278e-01
8.070000 1.163418500550400e-01
8.080000 1.165510211834066e-01
8.090000 1.157876090933158e-01
8.100000 1.140561677279620e-01
8.110000 1.113705212548747e-01
8.120000 1.077542583441052e-01
8.130000 1.032408645253491e-01
8.140000 9.787293582236538e-02
8.150000 9.170103046633092e-02
8.160000 8.478250668915344e-02
8.170000 7.718036051678487e-02
8.180000 6.896206356253480e-02
8.190000 6.019840082038361e-02
8.200000 5.096230845829570e-02
8.210000 4.132771161153296e-02
8.220000 3.136838232019066e-02
8.230000 2.115732121652545e-02
8.240000 1.076746873098564e-02
8.250000 2.729400480335833e-04
8.260000 -1.024971979380938e-02
8.270000 -2.072028080191786e-02
8.280000 -3.105357292951741e-02
8.290000 -4.115823097563955e-02
8.300000 -5.093543948507660e-02
8.310000 -6.027767764833677e-02
8.320000 -6.906752449287797e-02
8.330000 -7.717803164759038e-02
8.340000 -8.447707533168052e-02
8.350000 -9.083327591680408e-02
8.360000 -9.612197778047779e-02
8.370000 -1.002312291594910e-01
8.380000 -1.030677620033176e-01
8.390000 -1.045629718275274e-01
8.400000 -1.046788975671985e-01
8.410000 -1.034142014303284e-01
8.420000 -1.008100322299187e-01
8.430000 -9.695285916155283e-02
8.440000 -9.196961517337707e-02
8.450000 -8.601981078157526e-02
8.460000 -7.928753136451606e-02
8.470000 -7.197343445689960e-02
8.480000 -6.428674704390511e-02
8.490000 -5.643726285533782e-02
8.500000 -4.862733965977593e-02
8.510000 -4.104389655871803e-02
8.520000 -3.385048720510351e-02
8.530000 -2.718134705554282e-02
8.540000 -2.114045163119558e-02
8.550000 -1.580254881235842e-02
8.560000 -1.121426705742621e-02
8.570000 -7.395223621853408e-03
8.580000 -4.339132777115278e-03
8.590000 -2.014914029669254e-03
8.600000 -3.678003399161653e-04
8.610000 6.795536588384409e-04
8.620000 1.225914189303576e-03
8.630000 1.389030304016265e-03
8.640000 1.299945219270924e-03
8.650000 1.096027093942926e-03
8.660000 9.139505561926719e-04
8.670000 8.826782301696682e-04
8.680000 1.116442262716623e-03
8.690000 1.707725850073522e-03
8.700000 2.720244764581706e-03
8.710000 4.181928881387968e-03
8.720000 6.078042746118529e-03
8.730000 8.347921207770632e-03
8.740000 1.089088175561819e-02
8.750000 1.357575192133522e-02
8.760000 1.625053572208915e-02
8.770000 1.875208010363413e-02
8.780000 2.091574138340437e-02
8.790000 2.258505169360749e-02
8.800000 2.362138542431778e-02
8.810000 2.391362566656956e-02
8.820000 2.338770814992740e-02
8.830000 2.201298003645520e-02
8.840000 1.980047335015925e-02
8.850000 1.679799326283011e-02
8.860000 1.308508387436133e-02
8.870000 8.767993993068103e-03
8.880000 3.974642916006082e-03
8.890000 -1.150413790709999e-03
8.900000 -6.451018511587539e-03
8.910000 -1.176444580143739e-02
8.920000 -1.692643113642104e-02
8.930000 -2.177605748061145e-02
8.940000 -2.616028092270382e-02
8.950000 -2.993831412824014e-02
8.960000 -3.298600432319944e-02
8.970000 -3.520021127758827e-02
8.980000 -3.650318528903089e-02
8.990000 -3.684694516635984e-02
9.000000 -3.621765621320611e-02
9.010000 -3.464000821158966e-02
9.020000 -3.218148109011082e-02
9.030000 -2.895369039177356e-02
9.040000 -2.510631992548834e-02
9.050000 -2.081813421720653e-02
9.060000 -1.628787864565595e-02
9.070000 -1.172517957807645e-02
9.080000 -7.341444505955505e-03
9.090000 -3.340762180763743e-03
9.100000 8.919725030946170e-05
9.110000 2.786282108620400e-03
9.120000 4.622860787912762e-03
9.130000 5.512268587167909e-03
9.140000 5.408769355553894e-03
9.150000 4.304962366382988e-03
9.160000 2.229090930646459e-03
9.170000 -7.576489894506768e-04
9.180000 -4.563800166954845e-03
9.190000 -9.070335496629179e-03
9.200000 -1.413334938141870e-02
9.210000 -1.958674911891560e-02
9.220000 -2.524499050481228e-02
9.230000 -3.090696307803879e-02
9.240000 -3.636279368709885e-02
9.250000 -4.140179969809046e-02
9.260000 -4.582048641971414e-02
9.270000 -4.943054452828132e-02
9.280000 -5.206684749272263e-02
9.290000 -5.359544899959624e-02
9.300000 -5.392158037809631e-02
9.310000 -5.299764802506113e-02
9.320000 -5.083107721101574e-02
9.330000 -4.748816179310073e-02
9.340000 -4.308777507625101e-02
9.350000 -3.779108658126105e-02
9.360000 -3.179112519388400e-02
9.370000 -2.530234231393079e-02
9.380000 -1.855017500436950e-02
9.390000 -1.176060914042441e-02
9.400000 -5.149742558675251e-03
9.410000 1.086651793843684e-03
9.420000 6.783453431725088e-03
9.430000 1.181368065397201e-02
9.440000 1.608876446471596e-02
9.450000 1.955598124463652e-02
9.460000 2.219577614356186e-02
9.470000 2.401908647306917e-02
9.480000 2.506466509908515e-02
9.490000 2.539640383448651e-02
9.500000 2.510065683170032e-02
9.510000 2.428356397530465e-02
9.520000 2.306834470846255e-02
9.530000 2.159182313903139e-02
9.540000 1.999900177869355e-02
9.550000 1.843686656176216e-02
9.560000 1.704816229782061e-02
9.570000 1.596516812436196e-02
9.580000 1.530347295942838e-02
9.590000 1.515575095425064e-02
9.600000 1.558553694588750e-02
9.610000 1.662100190986519e-02
9.620000 1.824885386633073e-02
9.630000 2.041150057756575e-02
9.640000 2.301249217741573e-02
9.650000 2.592522559207995e-02
9.660000 2.900177441441528e-02
9.670000 3.208171877823997e-02
9.680000 3.500097523263745e-02
9.690000 3.760062661626020e-02
9.700000 3.973575193163339e-02
9.710000 4.128425621945884e-02
9.720000 4.215559546374222e-02
9.730000 4.229677229832898e-02
9.740000 4.169140374778574e-02
9.750000 4.035605976969035e-02
9.760000 3.833649682774526e-02
9.770000 3.570389146489093e-02
9.780000 3.255107387641928e-02
9.790000 2.898876148308712e-02
9.800000 2.514179250422953e-02
9.810000 2.114535953087333e-02
9.820000 1.714124139365047e-02
9.830000 1.327399069551170e-02
9.840000 9.687008801240665e-03
9.850000 6.518576491768267e-03
9.860000 3.897882913286993e-03
9.870000 1.941054526365249e-03
9.880000 7.471840550617247e-04
9.890000 3.943594360397120e-04
9.900000 9.356927676814519e-04
9.910000 2.395349259202463e-03
9.920000 4.764649458804729e-03
9.930000 8.000076736838689e-03
9.940000 1.202612118552656e-02
9.950000 1.674002877369460e-02
9.960000 2.201662378054415e-02
9.970000 2.771313122942280e-02
9.980000 3.367399932159534e-02
9.990000 3.973572187001505e-02
10.000000 4.573166073309452e-02
10.010000 5.149686824847695e-02
10.020000 5.687289503765485e-02
10.030000 6.171221745262852e-02
10.040000 6.588169949851147e-02
10.050000 6.926567439817577e-02
10.060000 7.176901152774488e-02
10.070000 7.332018335208644e-02
10.080000 7.387433236030536e-02
10.090000 7.341633800123648e-02
10.100000 7.196388361893755e-02
10.110000 6.957052338818222e-02
10.120000 6.632864127145267e-02
10.130000 6.236960253493191e-02
10.140000 5.785677868349337e-02
10.150000 5.297576495468994e-02
10.160000 4.792448983424275e-02
10.170000 4.290332457152999e-02
10.180000 3.810519269507574e-02
10.190000 3.370567952803889e-02
10.200000 2.985314170370179e-02
10.210000 2.665881668095933e-02
10.220000 2.418708536996798e-02
10.230000 2.244971562196552e-02
10.240000 2.141021098967738e-02
10.250000 2.099214035189364e-02
10.260000 2.108762064820639e-02
10.270000 2.156579961374714e-02
10.280000 2.228133851392419e-02
10.290000 2.308289487916008e-02
10.300000 2.382160523962890e-02
10.310000 2.435956785999371e-02
10.320000 2.457823720582615e-02
10.330000 2.438452343376266e-02
10.340000 2.371106617268460e-02
10.350000 2.251421332863492e-02
10.360000 2.077191162141697e-02
10.370000 1.848159712119335e-02
10.380000 1.565808578508477e-02
10.390000 1.233146399376888e-02
10.400000 8.544979088079102e-03
10.410000 4.352929905603489e-03
10.420000 -1.814411648683919e-04
10.430000 -4.988016664849051e-03
10.440000 -9.991772369684815e-03
10.450000 -1.511470612803812e-02
10.460000 -2.027776518352165e-02
10.470000 -2.540277349633260e-02
10.480000 -3.041435906488679e-02
10.490000 -3.524188124745294e-02
10.500000 -3.982135808378678e-02
10.510000 -4.409739361676533e-02
10.520000 -4.802507541852135e-02
10.530000 -5.157109743358679e-02
10.540000 -5.471291631905838e-02
10.550000 -5.743713310177232e-02
10.560000 -5.973784503997894e-02
10.570000 -6.161499748501765e-02
10.580000 -6.307273574299177e-02
10.590000 -6.411775693644339e-02
10.600000 -6.475766186602810e-02
10.610000 -6.499930687219004e-02
10.620000 -6.484717990194409e-02
10.630000 -6.430240590845657e-02
10.640000 -6.336334978772773e-02
10.650000 -6.202684864807266e-02
10.660000 -6.028946828470986e-02
10.670000 -5.814875965434926e-02
10.680000 -5.560451534978093e-02
10.690000 -5.266002607446328e-02
10.700000 -4.932333711711149e-02
10.710000 -4.560850482628597e-02
10.720000 -4.153683250093330e-02
10.730000 -3.713757109569765e-02
10.740000 -3.244726137910998e-02
10.750000 -2.750854090654775e-02
10.760000 -2.236893040914693e-02
10.770000 -1.707962018271434e-02
10.780000 -1.169425647663979e-02
10.790000 -6.267727882808346e-03
10.800000 -8.549517245124734e-04
10.810000 4.490339554635698e-03
10.820000 9.716807567681163e-03
10.830000 1.477660187441564e-02
10.840000 1.962616122013836e-02
10.850000 2.422689948752970e-02
10.860000 2.854588721441382e-02
10.870000 3.255653311152119e-02
10.880000 3.623926558025129e-02
10.890000 3.958221423043515e-02
10.900000 4.258189139809796e-02
10.910000 4.524387366322167e-02
10.920000 4.758345821181671e-02
10.930000 4.962566515002955e-02
10.940000 5.140357954264932e-02
10.950000 5.295603940365011e-02
10.960000 5.432529853104263e-02
10.970000 5.555468934172567e-02
10.980000 5.668628570633758e-02
10.990000 5.775856578410794e-02
11.000000 5.880407485770874e-02
11.010000 5.984708816810629e-02
11.020000 6.090130731865844e-02
11.030000 6.196842947960699e-02
11.040000 6.303893216280304e-02
11.050000 6.409373079682752e-02
11.060000 6.510586987135725e-02
11.070000 6.604221408153144e-02
11.080000 6.686513947231779e-02
11.090000 6.753422458287898e-02
11.100000 6.800794159093886e-02
11.110000 6.824534745714872e-02
11.120000 6.820777194873844e-02
11.130000 6.786042452457189e-02
11.140000 6.717379525299766e-02
11.150000 6.612497459110443e-02
11.160000 6.469897004326092e-02
11.170000 6.289002281965575e-02
11.180000 6.070292449483756e-02
11.190000 5.815433366625497e-02
11.200000 5.527409261279633e-02
11.210000 5.210654395333006e-02
11.220000 4.871179594073172e-02
11.230000 4.516565227858414e-02
11.240000 4.155615188004606e-02
11.250000 3.797877314939330e-02
11.260000 3.453158689904740e-02
11.270000 3.131040926660412e-02
11.280000 2.840395463186213e-02
11.290000 2.588898853385155e-02
11.300000 2.382548058786250e-02
11.310000 2.225175740247379e-02
11.320000 2.117974304092791e-02
11.330000 2.059247563551539e-02
11.340000 2.044740192882881e-02
11.350000 2.068194796802612e-02
11.360000 2.121917734344054e-02
11.370000 2.197344942719041e-02
11.380000 2.285607761178902e-02
11.390000 2.378098754875458e-02
11.400000 2.467037538721993e-02
11.410000 2.546036601254259e-02
11.420000 2.610659344107517e-02
11.430000 2.658775727511445e-02
11.440000 2.690404146445696e-02
11.450000 2.707350912813275e-02
11.460000 2.712841953230009e-02
11.470000 2.711154506813991e-02
11.480000 2.707248822975044e-02
11.490000 2.706399859204179e-02
11.500000 2.713828978863039e-02
11.510000 2.734335648973375e-02
11.520000 2.771932118838017e-02
11.530000 2.829555600281716e-02
11.540000 2.908977182773115e-02
11.550000 3.010788250166571e-02
11.560000 3.134389878275518e-02
11.570000 3.277982232445809e-02
11.580000 3.438553965129087e-02
11.590000 3.611871613456128e-02
11.600000 3.792468996810202e-02
11.610000 3.973636614400427e-02
11.620000 4.147415179751607e-02
11.630000 4.304696715022636e-02
11.640000 4.435598681812781e-02
11.650000 4.529945671796555e-02
11.660000 4.577755234275048e-02
11.670000 4.569723703727290e-02
11.680000 4.497712027361569e-02
11.690000 4.355231592666801e-02
11.700000 4.137930054963854e-02
11.710000 3.844077164956908e-02
11.720000 3.475041736802666e-02
11.730000 3.035538269644544e-02
11.740000 2.533288843327053e-02
11.750000 1.978454667575143e-02
11.760000 1.383058771691401e-02
11.770000 7.604086942532765e-03
11.780000 1.245191728102870e-03
11.790000 -5.104651664187737e-03
11.800000 -1.130847118848616e-02
11.810000 -1.723954211830249e-02
11.820000 -2.278710261917204e-02
11.830000 -2.786057353181170e-02
11.840000 -3.238998115114566e-02
11.850000 -3.632488421582517e-02
11.860000 -3.963324336738267e-02
11.870000 -4.230029060938581e-02
11.880000 -4.432739876659168e-02
11.890000 -4.573095094410085e-02
11.900000 -4.654120998651142e-02
11.910000 -4.680118793707327e-02
11.920000 -4.656549880801987e-02
11.930000 -4.589877744152287e-02
11.940000 -4.487299690838108e-02
11.950000 -4.356435199733218e-02
11.960000 -4.205012601554204e-02
11.970000 -4.040555758909428e-02
11.980000 -3.870070746347955e-02
11.990000 -3.699732530408516e-02
12.000000 -3.534571649668424e-02
12.010000 -3.378160894792550e-02
12.020000 -3.232307598424017e-02
12.030000 -3.096891780961251e-02
12.040000 -2.970074545892571e-02
12.050000 -2.848652331017106e-02
12.060000 -2.728416769507487e-02
12.070000 -2.604514550972548e-02
12.080000 -2.471807282520019e-02
12.090000 -2.325231349819225e-02
12.100000 -2.160157778163775e-02
12.110000 -1.972752093534268e-02
12.120000 -1.760329461088064e-02
12.130000 -1.521587036753230e-02
12.140000 -1.256524629009952e-02
12.150000 -9.662425737761023e-03
12.160000 -6.527348867198946e-03
12.170000 -3.186824155725312e-03
12.180000 3.275400755914381e-04
12.190000 3.981404138799954e-03
12.200000 7.739765455939465e-03
12.210000 1.156902703591325e-02
12.220000 1.543903029211956e-02
12.230000 1.932416071977539e-02
12.240000 2.320210006322959e-02
12.250000 2.705165134296893e-02
12.260000 3.085052822338136e-02
12.270000 3.457314438051946e-02
12.280000 3.818840286986375e-02
12.290000 4.165748549408617e-02
12.300000 4.493164217081327e-02
12.310000 4.794998030038979e-02
12.320000 5.063729488741632e-02
12.330000 5.290295826042283e-02
12.340000 5.464249954065568e-02
12.350000 5.574024370900038e-02
12.360000 5.607199142667876e-02
12.370000 5.550769885594618e-02
12.380000 5.391415748078872e-02
12.390000 5.115767392762040e-02
12.400000 4.710674978598031e-02
12.410000 4.163476142922984e-02
12.420000 3.462331301227599e-02
12.430000 2.598309207197299e-02
12.440000 1.571915481124776e-02
12.450000 4.013713985904940e-03
12.460000 -8.690400031542001e-03
12.470000 -2.160627818803959e-02
12.480000 -3.351947168616313e-02
12.490000 -4.270453092028561e-02
12.500000 -4.684154441274649e-02
12.510000 -4.293267775002053e-02
