3.210000 3.006180806944704e+00
3.220000 4.800124178935781e+00
3.230000 5.845133821888990e+00
3.240000 6.366599658089947e+00
3.250000 6.540061571696661e+00
3.260000 6.497461712154025e+00
3.270000 6.333396797608282e+00
3.280000 6.111370418321532e+00
3.290000 5.870045340086197e+00
3.300000 5.629495807639518e+00
3.310000 5.397459848078033e+00
3.320000 5.175539074296734e+00
3.330000 4.964033489069439e+00
3.340000 4.763311290756983e+00
3.350000 4.573813679656602e+00
3.360000 4.396007164376027e+00
3.370000 4.230335868207533e+00
3.380000 4.077173835502027e+00
3.390000 3.936777338043115e+00
3.400000 3.809237181421168e+00
3.410000 3.694431011407403e+00
3.420000 3.591976437600704e+00
3.430000 3.501205406166182e+00
3.440000 3.421192512575805e+00
3.450000 3.350804563440750e+00
3.460000 3.288750955616516e+00
3.470000 3.233634055308037e+00
3.480000 3.183999577174791e+00
3.490000 3.138386963435922e+00
3.500000 3.095379762975341e+00
3.510000 3.053656010446848e+00
3.520000 3.012038090950779e+00
3.530000 2.969529229570647e+00
3.540000 2.925316028631283e+00
3.550000 2.878757629816984e+00
3.560000 2.829374361861178e+00
3.570000 2.776836388236101e+00
3.580000 2.720952354842470e+00
3.590000 2.661658037699163e+00
3.600000 2.599004990632881e+00
3.610000 2.533149192967840e+00
3.620000 2.464339670112112e+00
3.630000 2.392906409457837e+00
3.640000 2.319246487462685e+00
3.650000 2.243809492045172e+00
3.660000 2.167082917876652e+00
3.670000 2.089577561673310e+00
3.680000 2.011812917488162e+00
3.690000 1.934302572003043e+00
3.700000 1.857539599820608e+00
3.710000 1.781981958756324e+00
3.720000 1.708038022947809e+00
3.730000 1.636055699215095e+00
3.740000 1.566320639365546e+00
3.750000 1.499058035749704e+00
3.760000 1.434434554634474e+00
3.770000 1.372560269576315e+00
3.780000 1.313490594794423e+00
3.790000 1.257228218543921e+00
3.800000 1.203725036489047e+00
3.810000 1.152884085076339e+00
3.820000 1.104561562334110e+00
3.830000 1.058571121755389e+00
3.840000 1.014693936315799e+00
3.850000 9.726910355749067e-01
3.860000 9.323157302038564e-01
3.870000 8.933260365130020e-01
3.880000 8.554971009795415e-01
3.890000 8.186336247751499e-01
3.900000 7.825822882936139e-01
3.910000 7.472441756784646e-01
3.920000 7.125869668780844e-01
3.930000 6.786510854151029e-01
3.940000 6.455405029689962e-01
3.950000 6.134074996729725e-01
3.960000 5.824371919383338e-01
3.970000 5.528320602788358e-01
3.980000 5.247964771350494e-01
3.990000 4.985212346987203e-01
4.000000 4.741680727371300e-01
4.010000 4.518542064174559e-01
4.020000 4.316370588440496e-01
4.030000 4.135043161315451e-01
4.040000 3.973774935304703e-01
4.050000 3.831208240886874e-01
4.060000 3.705503520257530e-01
4.070000 3.594430261072757e-01
4.080000 3.495457930192768e-01
4.090000 3.405846907425469e-01
4.100000 3.322739419270067e-01
4.110000 3.243250472660648e-01
4.120000 3.164558392764459e-01
4.130000 3.083985066202119e-01
4.140000 2.999050051877339e-01
4.150000 2.907514397228587e-01
4.160000 2.807424058535431e-01
4.170000 2.697153321224887e-01
4.180000 2.575448220177765e-01
4.190000 2.441469960035020e-01
4.200000 2.294838335504092e-01
4.210000 2.135675151665264e-01
4.220000 1.964646333008911e-01
4.230000 1.782969939476584e-01
4.240000 1.592337638742510e-01
4.250000 1.394802085498911e-01
4.260000 1.192662989472238e-01
4.270000 9.883531834393977e-02
4.280000 7.843246912439886e-02
4.290000 5.829347958125312e-02
4.300000 3.863321071707003e-02
4.310000 1.963426304595571e-02
4.320000 1.435736630138155e-03
4.330000 -1.587402477448538e-02
4.340000 -3.225457606543111e-02
4.350000 -4.770652903174746e-02
4.360000 -6.226455735717361e-02
4.370000 -7.599040162329815e-02
4.380000 -8.896587431271746e-02
4.390000 -1.012858648121947e-01
4.400000 -1.130513444158175e-01
4.410000 -1.243623713281578e-01
4.420000 -1.353111626535112e-01
4.430000 -1.459769080232637e-01
4.440000 -1.564250043046553e-01
4.450000 -1.667080319476699e-01
4.460000 -1.768667983180068e-01
4.470000 -1.869313810300518e-01
4.480000 -1.969221712798490e-01
4.490000 -2.068509171780724e-01
4.500000 -2.167217670829972e-01
4.510000 -2.265323129334716e-01
4.520000 -2.362746253030096e-01
4.530000 -2.459360732030552e-01
4.540000 -2.554995974802929e-01
4.550000 -2.649437689631280e-01
4.560000 -2.742428383292897e-01
4.570000 -2.833667859734335e-01
4.580000 -2.922813718747438e-01
4.590000 -3.009481854645371e-01
4.600000 -3.093246954938632e-01
4.610000 -3.173642999011101e-01
4.620000 -3.250164055383789e-01
4.630000 -3.322272842259972e-01
4.640000 -3.389428994861426e-01
4.650000 -3.451125096046019e-01
4.660000 -3.506923005513052e-01
4.670000 -3.556490189008589e-01
4.680000 -3.599636047530787e-01
4.690000 -3.636348246535251e-01
4.700000 -3.666829045140343e-01
4.710000 -3.691531625332544e-01
4.720000 -3.711195547970906e-01
4.730000 -3.726859505569133e-01
4.740000 -3.739816443820762e-01
4.750000 -3.751545979901949e-01
4.760000 -3.763645947573381e-01
4.770000 -3.777763942282203e-01
4.780000 -3.795528866263930e-01
4.790000 -3.818482473644377e-01
4.800000 -3.848010915541560e-01
4.810000 -3.885276285167634e-01
4.820000 -3.931148892724806e-01
4.830000 -3.986158514945470e-01
4.840000 -4.050493811036813e-01
4.850000 -4.124020713269643e-01
4.860000 -4.206301547361211e-01
4.870000 -4.296614152858033e-01
4.880000 -4.393971003518709e-01
4.890000 -4.497138327696762e-01
4.900000 -4.604655228723448e-01
4.910000 -4.714852805290588e-01
4.920000 -4.825873735642147e-01
4.930000 -4.935703920793577e-01
4.940000 -5.042234739129289e-01
4.950000 -5.143337360027896e-01
4.960000 -5.236937521296194e-01
4.970000 -5.321090306603167e-01
4.980000 -5.394054922913963e-01
4.990000 -5.454369477923912e-01
5.000000 -5.500925757492490e-01
5.010000 -5.533044003077335e-01
5.020000 -5.550546282915939e-01
5.030000 -5.553793300647887e-01
5.040000 -5.543628391286139e-01
5.050000 -5.521284954628843e-01
5.060000 -5.488292482418838e-01
5.070000 -5.446382585503202e-01
5.080000 -5.397395020992755e-01
5.090000 -5.343183719421585e-01
5.100000 -5.285522811906570e-01
5.110000 -5.226012657306908e-01
5.120000 -5.165986985894979e-01
5.130000 -5.106449072322486e-01
5.140000 -5.048081598336022e-01
5.150000 -4.991285544787920e-01
5.160000 -4.936220200158439e-01
5.170000 -4.882843169077955e-01
5.180000 -4.830950380849139e-01
5.190000 -4.780216097969165e-01
5.200000 -4.730232924651884e-01
5.210000 -4.680551815350024e-01
5.220000 -4.630721854973915e-01
5.230000 -4.580324103220385e-01
5.240000 -4.528990370873565e-01
5.250000 -4.476416060215869e-01
5.260000 -4.422372777135488e-01
5.270000 -4.366720943233919e-01
5.280000 -4.309422407933466e-01
5.290000 -4.250553060584757e-01
5.300000 -4.190315442574249e-01
5.310000 -4.129051359431751e-01
5.320000 -4.067253844206147e-01
5.330000 -4.005562253814960e-01
5.340000 -3.944714549096680e-01
5.350000 -3.885482707836911e-01
5.360000 -3.828607489062755e-01
5.370000 -3.774733197337174e-01
5.380000 -3.724342447053371e-01
5.390000 -3.677690926729169e-01
5.400000 -3.634742163301366e-01
5.410000 -3.595102286420137e-01
5.420000 -3.557956359879125e-01
5.430000 -3.522045458574864e-01
5.440000 -3.485747176425139e-01
5.450000 -3.447196879816655e-01
5.460000 -3.404410528188437e-01
5.470000 -3.355407494615238e-01
5.480000 -3.298333386390937e-01
5.490000 -3.231582865611947e-01
5.500000 -3.153922469760614e-01
5.510000 -3.064613432288631e-01
5.520000 -2.963532506505224e-01
5.530000 -2.851240875390053e-01
5.540000 -2.728921279522615e-01
5.550000 -2.598263230936347e-01
5.560000 -2.461346230277520e-01
5.570000 -2.320522983964132e-01
5.580000 -2.178302621344807e-01
5.590000 -2.037233911857687e-01
5.600000 -1.899788482189328e-01
5.610000 -1.768244033433594e-01
5.620000 -1.644568763912847e-01
5.630000 -1.530337139218715e-01
5.640000 -1.426725235964126e-01
5.650000 -1.334537432754922e-01
5.660000 -1.254234306823770e-01
5.670000 -1.185960530664069e-01
5.680000 -1.129572768663857e-01
5.690000 -1.084667573739722e-01
5.700000 -1.050609283970710e-01
5.710000 -1.026557919232232e-01
5.720000 -1.011497091651122e-01
5.730000 -1.004262275410552e-01
5.740000 -1.003569988750747e-01
5.750000 -1.008047335319554e-01
5.760000 -1.016261559344168e-01
5.770000 -1.026749600802847e-01
5.780000 -1.038047650596633e-01
5.790000 -1.048720705721078e-01
5.800000 -1.057392124437957e-01
5.810000 -1.062773181446997e-01
5.820000 -1.063692434035616e-01
5.830000 -1.059120173657342e-01
5.840000 -1.048180402059935e-01
5.850000 -1.030157892842169e-01
5.860000 -1.004505063988650e-01
5.870000 -9.708488504046317e-02
5.880000 -9.289975764508232e-02
5.890000 -8.789478284782115e-02
5.900000 -8.208913273628675e-02
5.910000 -7.552218010407666e-02
5.920000 -6.825414822617383e-02
5.930000 -6.036578620410525e-02
5.940000 -5.195557075742172e-02
5.950000 -4.313593358494101e-02
5.960000 -3.402945124790449e-02
5.970000 -2.476503505313428e-02
5.980000 -1.547412093619000e-02
5.990000 -6.286859344525770e-03
6.000000 2.671694879352966e-03
6.010000 1.128539261473246e-02
6.020000 1.945076744228121e-02
6.030000 2.707995105507300e-02
6.040000 3.410140161093881e-02
6.050000 4.045977051625117e-02
6.060000 4.611573607245604e-02
6.070000 5.104583712260459e-02
6.080000 5.524230669788507e-02
6.090000 5.871290566415459e-02
6.100000 6.148075636847093e-02
6.110000 6.358417628562446e-02
6.120000 6.507647215199816e-02
6.130000 6.602470676996583e-02
6.140000 6.650585797596238e-02
6.150000 6.660195027909242e-02
6.160000 6.639514698706694e-02
6.170000 6.596284233213999e-02
6.180000 6.537275359704534e-02
6.190000 6.467801324093336e-02
6.200000 6.391226102530752e-02
6.210000 6.308473613996138e-02
6.220000 6.217548710925507e-02
6.230000 6.113364398723289e-02
6.240000 5.988346405518251e-02
6.250000 5.833343980803494e-02
6.260000 5.638552472110465e-02
6.270000 5.394435901682960e-02
6.280000 5.092649543151118e-02
6.290000 4.726962498205441e-02
6.300000 4.294180273270781e-02
6.310000 3.795067356180363e-02
6.320000 3.235252790203142e-02
6.330000 2.625693679258947e-02
6.340000 1.982016518456307e-02
6.350000 1.323416455818041e-02
6.360000 6.715395513601970e-03
6.370000 4.936503617100961e-04
6.380000 -5.199124285101520e-03
6.390000 -1.014000492213836e-02
6.400000 -1.412626856161548e-02
6.410000 -1.698657014186817e-02
6.420000 -1.859199729700669e-02
6.430000 -1.886393649812562e-02
6.440000 -1.777384498384337e-02
6.450000 -1.533983406239599e-02
6.460000 -1.162312977417534e-02
6.470000 -6.724533554267376e-03
6.480000 -7.808828949902698e-04
6.490000 6.038487991567323e-03
6.500000 1.353528751100806e-02
6.510000 2.148580602408775e-02
6.520000 2.964451250186895e-02
6.530000 3.774914144086311e-02
6.540000 4.552956274583572e-02
6.550000 5.271814187259986e-02
6.560000 5.906015728850190e-02
6.570000 6.432421793290680e-02
6.580000 6.831268067768370e-02
6.590000 7.087206778769140e-02
6.600000 7.190348438126390e-02
6.610000 7.137303589069591e-02
6.620000 6.932203794564604e-02
6.630000 6.587182925240352e-02
6.640000 6.121488438573037e-02
6.650000 5.560052957656673e-02
6.660000 4.932045092265411e-02
6.670000 4.269420259915844e-02
6.680000 3.605471506929322e-02
6.690000 2.973380329494287e-02
6.700000 2.404767494728560e-02
6.710000 1.928243861741682e-02
6.720000 1.567975888497676e-02
6.730000 1.342632969489912e-02
6.740000 1.265304036246610e-02
6.750000 1.343795988648440e-02
6.760000 1.580946812046579e-02
6.770000 1.974938694380771e-02
6.780000 2.519611143297385e-02
6.790000 3.204774103267480e-02
6.800000 4.016521072704851e-02
6.810000 4.937542221084106e-02
6.820000 5.947441202429246e-02
6.830000 7.023148074436092e-02
6.840000 8.139576178049839e-02
6.850000 9.270375122676441e-02
6.860000 1.038868746776453e-01
6.870000 1.146790540438734e-01
6.880000 1.248242743682462e-01
6.890000 1.340841506414457e-01
6.900000 1.422454946178572e-01
6.910000 1.491278816313892e-01
6.920000 1.545911207487308e-01
6.930000 1.585402116960306e-01
6.940000 1.609239220565610e-01
6.950000 1.617308512418029e-01
6.960000 1.609853977999693e-01
6.970000 1.587437267245290e-01
6.980000 1.550897367627301e-01
6.990000 1.501310277241238e-01
7.000000 1.439948677890877e-01
7.010000 1.368241608173499e-01
7.020000 1.287734296598852e-01
7.030000 1.200052155585177e-01
7.040000 1.106875337681571e-01
7.050000 1.009917452667412e-01
7.060000 9.109044446855097e-02
7.070000 8.115534693752584e-02
7.080000 7.135517710057883e-02
7.090000 6.185355596091199e-02
7.100000 5.280688881133146e-02
7.110000 4.436225294756284e-02
7.120000 3.665529610078707e-02
7.130000 2.980841356991437e-02
7.140000 2.392963282242389e-02
7.150000 1.911177679494131e-02
7.160000 1.543163791303721e-02
7.170000 1.294915211102535e-02
7.180000 1.170657285176101e-02
7.190000 1.172764514643934e-02
7.200000 1.301677957439363e-02
7.210000 1.555822630289368e-02
7.220000 1.931527419030488e-02
7.230000 2.423010205662675e-02
7.240000 3.022528545584105e-02
7.250000 3.720595561563940e-02
7.260000 4.506198346051165e-02
7.270000 5.367016363483430e-02
7.280000 6.289639852595871e-02
7.290000 7.259788228729973e-02
7.300000 8.262528486142373e-02
7.310000 9.282493600313735e-02
7.320000 1.030410126816132e-01
7.330000 1.131178143374977e-01
7.340000 1.229022611565093e-01
7.350000 1.322464801980179e-01
7.360000 1.410103949026631e-01
7.370000 1.490643145999710e-01
7.380000 1.562915240159721e-01
7.390000 1.625908727808185e-01
7.400000 1.678793649364015e-01
7.410000 1.720947484439692e-01
7.420000 1.751980686159937e-01
7.430000 1.771752835785340e-01
7.440000 1.780364987340876e-01
7.450000 1.778142632549383e-01
7.460000 1.765618305007523e-01
7.470000 1.743514184361764e-01
7.480000 1.712724700484345e-01
7.490000 1.674299137649245e-01
7.500000 1.629424238708160e-01
7.510000 1.579406809266470e-01
7.520000 1.525656110835382e-01
7.530000 1.469660767364580e-01
7.540000 1.412951744202295e-01
7.550000 1.357059840435883e-01
7.560000 1.303472970208570e-01
7.570000 1.253593444036203e-01
7.580000 1.208695250123995e-01
7.590000 1.169881335683279e-01
7.600000 1.138040888248249e-01
7.610000 1.113806616992715e-01
7.620000 1.097512759714336e-01
7.630000 1.089171957173655e-01
7.640000 1.088500021487574e-01
7.650000 1.094959571877634e-01
7.660000 1.107804396085772e-01
7.670000 1.126123811790088e-01
7.680000 1.148887028020607e-01
7.690000 1.174987506575042e-01
7.700000 1.203287323434558e-01
7.710000 1.232661530179534e-01
7.720000 1.262042185099382e-01
7.730000 1.290453796347706e-01
7.740000 1.317026964904896e-01
7.750000 1.341003439586068e-01
7.760000 1.361740841743055e-01
7.770000 1.378717389966399e-01
7.780000 1.391536624787342e-01
7.790000 1.399932133379818e-01
7.800000 1.403772274262444e-01
7.810000 1.403064902000517e-01
7.820000 1.397961721056911e-01
7.830000 1.388752997514823e-01
7.840000 1.375837794628976e-01
7.850000 1.359684566248659e-01
7.860000 1.340791379389684e-01
7.870000 1.319646136806335e-01
7.880000 1.296686799563322e-01
7.890000 1.272261609607738e-01
7.900000 1.246589312341009e-01
7.910000 1.219719379190848e-01
7.920000 1.191493159654015e-01
7.930000 1.161529199579974e-01
7.940000 1.129269904527606e-01
7.950000 1.094052369362830e-01
7.960000 1.055180137327026e-01
7.970000 1.011994959105452e-01
7.980000 9.639485518956671e-02
7.990000 9.106743584759579e-02
8.000000 8.520593062737523e-02
8.010000 7.883155664340413e-02
8.020000 7.200509441878615e-02
8.030000 6.483036830217842e-02
8.040000 5.744869346501480e-02
8.050000 5.002976427883232e-02
8.060000 4.276240582260207e-02
8.070000 3.584532539006034e-02
8.080000 2.947786399703947e-02
8.090000 2.385074788879896e-02
8.100000 1.913684004735632e-02
8.110000 1.548189169881824e-02
8.120000 1.299540115176756e-02
8.130000 1.174426324310882e-02
8.140000 1.175350263361625e-02
8.150000 1.300979771094011e-02
8.160000 1.546511182366942e-02
8.170000 1.904032451539438e-02
8.180000 2.362886275876903e-02
8.190000 2.910033218957383e-02
8.200000 3.530414834077810e-02
8.210000 4.207316787660279e-02
8.220000 4.922733377166031e-02
8.230000 5.657768306210859e-02
8.240000 6.393127497191677e-02
8.250000 7.109648161114518e-02
8.260000 7.788829261930254e-02
8.270000 8.413361980870306e-02
8.280000 8.967660180782389e-02
8.290000 9.438390870466226e-02
8.300000 9.815004669009247e-02
8.310000 1.009026627012237e-01
8.320000 1.026077524245134e-01
8.330000 1.032723556525592e-01
8.340000 1.029408733848399e-01
8.350000 1.016888722821341e-01
8.360000 9.961679248069538e-02
8.370000 9.684365540642788e-02
8.380000 9.350077158906137e-02
8.390000 8.972544847632677e-02
8.400000 8.565469824813128e-02
8.410000 8.141894563073394e-02
8.420000 7.713579803290629e-02
8.430000 7.290543605371817e-02
8.440000 6.881011724137064e-02
8.450000 6.491530022365398e-02
8.460000 6.127083116039109e-02
8.470000 5.791213019588080e-02
8.480000 5.486137791134155e-02
8.490000 5.212870177735469e-02
8.500000 4.971336260630774e-02
8.510000 4.760494100483822e-02
8.520000 4.578452603621878e-02
8.530000 4.422596134123486e-02
8.540000 4.289723711523453e-02
8.550000 4.176193954367048e-02
8.560000 4.078070244758397e-02
8.570000 3.991265892908877e-02
8.580000 3.911689301685522e-02
8.590000 3.835389131159413e-02
8.600000 3.758699463154074e-02
8.610000 3.678384965793873e-02
8.620000 3.591784266129972e-02
8.630000 3.496906732782627e-02
8.640000 3.392410991701914e-02
8.650000 3.277536851944818e-02
8.660000 3.152035439529860e-02
8.670000 3.016099331291734e-02
8.680000 2.870292688735934e-02
8.690000 2.715481391893396e-02
8.700000 2.552763173175120e-02
8.710000 2.383397751226810e-02
8.720000 2.208737666846957e-02
8.730000 2.030177372554626e-02
8.740000 1.849148658344961e-02
8.750000 1.667134331094400e-02
8.760000 1.485682596029340e-02
8.770000 1.306421438194792e-02
8.780000 1.131073003923051e-02
8.790000 9.614679823023614e-03
8.800000 7.995599866455694e-03
8.810000 6.474399359587965e-03
8.820000 5.073494939806225e-03
8.830000 3.816700050549317e-03
8.840000 2.728492296584229e-03
8.850000 1.833035767617769e-03
8.860000 1.153193937613471e-03
8.870000 7.095425641085130e-04
8.880000 5.193825875306282e-04
8.890000 5.957530305150253e-04
8.900000 9.464438972213012e-04
8.910000 1.573009072650351e-03
8.920000 2.469793064969691e-03
8.930000 3.623317666056931e-03
8.940000 5.012582250597200e-03
8.950000 6.609723993398722e-03
8.960000 8.380691929716837e-03
8.970000 1.028592101557798e-02
8.980000 1.228100618810367e-02
8.990000 1.431737642583454e-02
9.000000 1.634296880905427e-02
9.010000 1.830290258011369e-02
9.020000 2.014016065373272e-02
9.030000 2.179646482673293e-02
9.040000 2.321364268632371e-02
9.050000 2.433518821781900e-02
9.060000 2.510782986233202e-02
9.070000 2.548309857446993e-02
9.080000 2.541889588002863e-02
9.090000 2.488106193368747e-02
9.100000 2.384494357670396e-02
9.110000 2.229696239460852e-02
9.120000 2.023615268343685e-02
9.130000 1.767491703794177e-02
9.140000 1.463779590329097e-02
9.150000 1.115945474874425e-02
9.160000 7.282641149868332e-03
9.170000 3.056141870751726e-03
9.180000 -1.467260053780443e-03
9.190000 -6.232828235951597e-03
9.200000 -1.118591585281881e-02
9.210000 -1.627400856405807e-02
9.220000 -2.144874163866451e-02
9.230000 -2.666724651344832e-02
9.240000 -3.189179513993421e-02
9.250000 -3.708877376305642e-02
9.260000 -4.222763090876878e-02
9.270000 -4.727982537165502e-02
9.280000 -5.221777420253874e-02
9.290000 -5.701380069609365e-02
9.300000 -6.163908237845375e-02
9.310000 -6.606259899482345e-02
9.320000 -7.025010133162982e-02
9.330000 -7.416362173677095e-02
9.340000 -7.776235971964593e-02
9.350000 -8.100410924928131e-02
9.360000 -8.384670688699920e-02
9.370000 -8.624947991908545e-02
9.380000 -8.817469448945835e-02
9.390000 -8.958900373233664e-02
9.400000 -9.046489590490774e-02
9.410000 -9.078214251999638e-02
9.420000 -9.052922642095040e-02
9.430000 -8.970424835418783e-02
9.440000 -8.831450972811436e-02
9.450000 -8.637557386970175e-02
9.460000 -8.391030722328388e-02
9.470000 -8.094792054935286e-02
9.480000 -7.752301012335536e-02
9.490000 -7.367459893448858e-02
9.500000 -6.944517788449621e-02
9.510000 -6.487974698646504e-02
9.520000 -6.002486723953442e-02
9.530000 -5.492799007736667e-02
9.540000 -4.963749142693064e-02
9.550000 -4.420298334104574e-02
9.560000 -3.867563630683969e-02
9.570000 -3.310850155420626e-02
9.580000 -2.755683336426286e-02
9.590000 -2.207841137780853e-02
9.600000 -1.673386290378146e-02
9.610000 -1.158698522771684e-02
9.620000 -6.705044750971500e-03
9.630000 -2.158473729888768e-03
9.640000 1.980962154419273e-03
9.650000 5.642598626349357e-03
9.660000 8.759330815317726e-03
9.670000 1.127007125527074e-02
9.680000 1.312220788419558e-02
9.690000 1.427406204363087e-02
9.700000 1.469734647817733e-02
9.710000 1.437962333500847e-02
9.720000 1.332672539318818e-02
9.730000 1.156422126797020e-02
9.740000 9.136453782358707e-03
9.750000 6.104622313650816e-03
9.760000 2.544828369785912e-03
9.770000 -1.453878834304978e-03
9.780000 -5.791456800349779e-03
9.790000 -1.035882417038598e-02
9.800000 -1.503981515041128e-02
9.810000 -1.971313393403416e-02
9.820000 -2.425432564718049e-02
9.830000 -2.853817684025450e-02
9.840000 -3.244220636999168e-02
9.850000 -3.585058582876629e-02
9.860000 -3.865807649495472e-02
9.870000 -4.077396628329880e-02
9.880000 -4.212600669526919e-02
9.890000 -4.266434976942875e-02
9.900000 -4.236548503179584e-02
9.910000 -4.123617644620782e-02
9.920000 -3.931730830665305e-02
9.930000 -3.668536362079326e-02
9.940000 -3.344789266342907e-02
9.950000 -2.973661402115547e-02
9.960000 -2.570042457898631e-02
9.970000 -2.149840950697846e-02
9.980000 -1.729285224685623e-02
9.990000 -1.324224449863568e-02
10.000000 -9.494296207248981e-03
10.010000 -6.178945549168682e-03
10.020000 -3.401450994804763e-03
10.030000 -1.237617340991031e-03
10.040000 2.655612555320744e-04
10.050000 1.087124274545195e-03
10.060000 1.229285753005066e-03
10.070000 7.145752056995237e-04
10.080000 -4.170214540974679e-04
10.090000 -2.110920993970814e-03
10.100000 -4.300801941709252e-03
10.110000 -6.911463664650366e-03
10.120000 -9.861676550499486e-03
10.130000 -1.306680082647125e-02
10.140000 -1.644081807571161e-02
10.150000 -1.989813139204239e-02
10.160000 -2.335535663617992e-02
10.170000 -2.673311369195348e-02
10.180000 -2.995781772252391e-02
10.190000 -3.296347042660220e-02
10.200000 -3.569345129466787e-02
10.210000 -3.810230886518774e-02
10.220000 -4.015752444909990e-02
10.230000 -4.184056002920367e-02
10.240000 -4.314608906507916e-02
10.250000 -4.408051147291264e-02
10.260000 -4.466044107358740e-02
10.270000 -4.491119304077466e-02
10.280000 -4.486527134902443e-02
10.290000 -4.456085622185655e-02
10.300000 -4.404029157985141e-02
10.310000 -4.334857248874096e-02
10.320000 -4.253184036967742e-02
10.330000 -4.163608002612527e-02
10.340000 -4.070632897448937e-02
10.350000 -3.978608859136644e-02
10.360000 -3.891674302297423e-02
10.370000 -3.813697809458077e-02
10.380000 -3.748220021993369e-02
10.390000 -3.698395531068941e-02
10.400000 -3.666934768584235e-02
10.410000 -3.656045898115424e-02
10.420000 -3.667377088909449e-02
10.430000 -3.701968749207053e-02
10.440000 -3.760231040939412e-02
10.450000 -3.841931353753775e-02
10.460000 -3.946182162090195e-02
10.470000 -4.071428882258285e-02
10.480000 -4.215437729513953e-02
10.490000 -4.375283575136158e-02
10.500000 -4.547337803503638e-02
10.510000 -4.727256169171677e-02
10.520000 -4.909968837388140e-02
10.530000 -5.089727194031683e-02
10.540000 -5.260294762544591e-02
10.550000 -5.415194890287781e-02
10.560000 -5.547960618335090e-02
10.570000 -5.652384551267586e-02
10.580000 -5.722768726967872e-02
10.590000 -5.754174486414385e-02
10.600000 -5.742672343475690e-02
10.610000 -5.685591854704807e-02
10.620000 -5.581767653770397e-02
10.630000 -5.431685766447827e-02
10.640000 -5.237376791646638e-02
10.650000 -5.002209362997844e-02
10.660000 -4.730679775078163e-02
10.670000 -4.428201609634200e-02
10.680000 -4.100895361806694e-02
10.690000 -3.755378066354709e-02
10.700000 -3.398552923879850e-02
10.710000 -3.037398927050492e-02
10.720000 -2.678761170049687e-02
10.730000 -2.329158921839737e-02
10.740000 -1.994638792192007e-02
10.750000 -1.680645661533389e-02
10.760000 -1.391894294016457e-02
10.770000 -1.132240950589649e-02
10.780000 -9.045550020674226e-03
10.790000 -7.105905422004318e-03
10.800000 -5.508580007456894e-03
10.810000 -4.244957565367386e-03
10.820000 -3.291462390048918e-03
10.830000 -2.609487294283652e-03
10.840000 -2.148283999522275e-03
10.850000 -1.849020523362485e-03
10.860000 -1.648883451538203e-03
10.870000 -1.485180209908793e-03
10.880000 -1.299441336448274e-03
10.890000 -1.041522753234538e-03
10.900000 -6.737080384385646e-04
10.910000 -1.748106983136447e-04
10.920000 4.557990367624638e-04
10.930000 1.196129790868627e-03
10.940000 2.004486033626822e-03
10.950000 2.824347445911991e-03
10.960000 3.589323761508945e-03
10.970000 4.228109608769297e-03
10.980000 4.669439352268346e-03
10.990000 4.847041934462029e-03
11.000000 4.704595717343797e-03
11.010000 4.200683324101547e-03
11.020000 3.313676337378640e-03
11.030000 2.044796269241720e-03
11.040000 4.165460670194904e-04
11.050000 -1.530682109151831e-03
11.060000 -3.742069252178934e-03
11.070000 -6.151831873861856e-03
11.080000 -8.686684370744406e-03
11.090000 -1.126930138996460e-02
11.100000 -1.382178019510510e-02
11.110000 -1.626910303204365e-02
11.120000 -1.854257386200259e-02
11.130000 -2.058258864177594e-02
11.140000 -2.233971383909887e-02
11.150000 -2.377509849519469e-02
11.160000 -2.486086065452095e-02
11.170000 -2.558047379451553e-02
11.180000 -2.592915325534266e-02
11.190000 -2.591424266963911e-02
11.200000 -2.555560039226011e-02
11.210000 -2.488598593002562e-02
11.220000 -2.395141375701194e-02
11.230000 -2.281065915403087e-02
11.240000 -2.153261149412276e-02
11.250000 -2.019277955223691e-02
11.260000 -1.886976420045759e-02
11.270000 -1.764173110323008e-02
11.280000 -1.658288341258672e-02
11.290000 -1.575993446337296e-02
11.300000 -1.522858046847335e-02
11.310000 -1.502997321403763e-02
11.320000 -1.518724744208714e-02
11.330000 -1.570347010501146e-02
11.340000 -1.656319898717104e-02
11.350000 -1.773546319839017e-02
11.360000 -1.917679835483027e-02
11.370000 -2.083428175986327e-02
11.380000 -2.264856758494488e-02
11.390000 -2.455692205048800e-02
11.400000 -2.649625860673594e-02
11.410000 -2.840617311463590e-02
11.420000 -3.023194611706566e-02
11.430000 -3.192668945925152e-02
11.440000 -3.345132087251706e-02
11.450000 -3.477368290722284e-02
11.460000 -3.586762895605978e-02
11.470000 -3.671210927734227e-02
11.480000 -3.729025701830149e-02
11.490000 -3.758847423837870e-02
11.500000 -3.759551793251834e-02
11.510000 -3.730158605446147e-02
11.520000 -3.669742458558934e-02
11.530000 -3.577398178807861e-02
11.540000 -3.452345146438573e-02
11.550000 -3.294086340104304e-02
11.560000 -3.102569485800496e-02
11.570000 -2.878348205799453e-02
11.580000 -2.622743167584982e-02
11.590000 -2.338003232787023e-02
11.600000 -2.027466606116296e-02
11.610000 -1.695721984298939e-02
11.620000 -1.348764157536386e-02
11.630000 -9.940053766214606e-03
11.640000 -6.399205867202148e-03
11.650000 -2.955484268099831e-03
11.660000 3.001331835733575e-04
11.670000 3.281122662919925e-03
11.680000 5.910459848030999e-03
11.690000 8.125665400353478e-03
11.700000 9.883850445057176e-03
11.710000 1.116676205140197e-02
11.720000 1.198572706591654e-02
11.730000 1.238395311867904e-02
11.740000 1.243212091516393e-02
11.750000 1.222133370119053e-02
11.760000 1.185596508068321e-02
11.770000 1.144650683343156e-02
11.780000 1.110241673285056e-02
11.790000 1.092496636374077e-02
11.800000 1.100008894004846e-02
11.810000 1.139122712262584e-02
11.820000 1.213229123197420e-02
11.830000 1.322348773054515e-02
11.840000 1.463443377392037e-02
11.850000 1.631014203154954e-02
11.860000 1.817711590247133e-02
11.870000 2.014944473103432e-02
11.880000 2.213489902261808e-02
11.890000 2.404102565935406e-02
11.900000 2.578124311584656e-02
11.910000 2.728093667489380e-02
11.920000 2.848347666865134e-02
11.930000 2.935423538130280e-02
11.940000 2.987952363094044e-02
11.950000 3.006352601295275e-02
11.960000 2.992515916885458e-02
11.970000 2.949493005511729e-02
11.980000 2.881179421199884e-02
11.990000 2.792001403237402e-02
12.000000 2.686601703056447e-02
12.010000 2.569525411116893e-02
12.020000 2.444908667824922e-02
12.030000 2.316242359377057e-02
12.040000 2.186326159953334e-02
12.050000 2.057297558835909e-02
12.060000 1.930663771563247e-02
12.070000 1.807333651084322e-02
12.080000 1.687649598912809e-02
12.090000 1.571419476281283e-02
12.100000 1.457948515295407e-02
12.110000 1.346071230088133e-02
12.120000 1.234184344908506e-02
12.130000 1.120306162510296e-02
12.140000 1.002203050224824e-02
12.150000 8.775423663336217e-03
12.160000 7.440464033756986e-03
12.170000 5.996463314548072e-03
12.180000 4.426361415467131e-03
12.190000 2.718265888064599e-03
12.200000 8.669913587563713e-04
12.210000 -1.124401038103512e-03
12.220000 -3.243091098158019e-03
12.230000 -5.465685631185227e-03
12.240000 -7.759178031751690e-03
12.250000 -1.008260649606888e-02
12.260000 -1.238873910985738e-02
12.270000 -1.462575893621111e-02
12.280000 -1.673894910346153e-02
12.290000 -1.867237789304188e-02
12.300000 -2.037058382735138e-02
12.310000 -2.178026075761942e-02
12.320000 -2.285194548212226e-02
12.330000 -2.354177115356184e-02
12.340000 -2.381338768970308e-02
12.350000 -2.363994797317324e-02
12.360000 -2.300609658161391e-02
12.370000 -2.190995851783285e-02
12.380000 -2.036512793995585e-02
12.390000 -1.840265689157871e-02
12.400000 -1.607304403191904e-02
12.410000 -1.344822336596816e-02
12.420000 -1.062278349017693e-02
12.430000 -7.695180242021422e-03
12.440000 -4.698163374800861e-03
12.450000 -1.509196636314207e-03
12.460000 2.239891636929498e-03
12.470000 7.253257925500771e-03
12.480000 1.466139293283934e-02
12.490000 2.611147099104378e-02
12.500000 4.385769946666118e-02
12.510000 7.085166816647678e-02
