1.800000 1.682781241140518e+02
1.900000 2.230267821865745e+02
2.000000 2.024062501946537e+02
2.100000 1.535621355925237e+02
2.200000 1.033042338767643e+02
2.300000 6.339635098923999e+01
2.400000 3.584612572003814e+01
2.500000 1.814987778920077e+01
2.600000 7.368123577080882e+00
2.700000 1.232786655053179e+00
2.800000 -1.914924035150900e+00
2.900000 -3.231610323314870e+00
3.000000 -3.478780952608869e+00
3.100000 -3.129947721461366e+00
3.200000 -2.476918424748183e+00
3.300000 -1.715206577232640e+00
3.400000 -9.764298919508061e-01
3.500000 -3.398255408478388e-01
3.600000 1.570377852683153e-01
3.700000 5.075478167732240e-01
3.800000 7.253366452722727e-01
3.900000 8.336542675772211e-01
4.000000 8.569678318693438e-01
4.100000 8.182107432592834e-01
4.200000 7.382574715334908e-01
4.300000 6.354839628309144e-01
4.400000 5.253280513196928e-01
4.500000 4.198498708738483e-01
4.600000 3.273030031518525e-01
4.700000 2.519847721240024e-01
4.800000 1.947951411236820e-01
4.900000 1.540747563474300e-01
5.000000 1.264537267568847e-01
5.100000 1.077004039807284e-01
5.200000 9.357016221663227e-02
5.300000 8.064426206421765e-02
5.400000 6.691089656445398e-02
5.500000 5.169177668616297e-02
5.600000 3.531089901896021e-02
5.700000 1.875339739721242e-02
5.800000 3.324394523995252e-03
5.900000 -9.692146404948991e-03
6.000000 -1.937044851128042e-02
6.100000 -2.537278732882515e-02
6.200000 -2.790733354410186e-02
6.300000 -2.757883502154302e-02
6.400000 -2.523517726274255e-02
6.500000 -2.181394386570389e-02
6.600000 -1.818897698408764e-02
6.700000 -1.501888524031035e-02
6.800000 -1.264618543876340e-02
6.900000 -1.112497623318396e-02
7.000000 -1.029924559414625e-02
7.100000 -9.883125730403553e-03
7.200000 -9.541148010230314e-03
7.300000 -8.968497882764206e-03
7.400000 -7.970195060231043e-03
7.500000 -6.512330483123963e-03
7.600000 -4.702370503651120e-03
7.700000 -2.741517852137640e-03
7.800000 -8.759978643104141e-04
7.900000 6.516552914170941e-04
8.000000 1.651312386660042e-03
8.100000 2.033217821994593e-03
8.200000 1.836586137536675e-03
8.300000 1.209022993854001e-03
8.400000 3.665739745244414e-04
8.500000 -4.469716950884007e-04
8.600000 -1.000777429059628e-03
8.700000 -1.117655562127473e-03
8.800000 -7.141412670969345e-04
8.900000 1.756149870977218e-04
9.000000 1.417030989504047e-03
9.100000 2.808457800603625e-03
9.200000 4.115167129585092e-03
9.300000 5.103338711617165e-03
9.400000 5.574047685121664e-03
9.500000 5.397409140386714e-03
9.600000 4.550809123024672e-03
9.700000 3.167508945882005e-03
9.800000 1.589335955793884e-03
9.900000 4.195314716789790e-04
10.000000 5.755987226342338e-04
10.100000 3.342150786029645e-03
