0.470000 -7.613592554994770e+08
0.480000 1.556330264387077e+04
0.490000 -2.587922922546967e+02
0.500000 1.223916933898153e+02
0.510000 -3.582139643621083e+01
0.520000 -3.320468947461305e+01
0.530000 6.703497876477986e+01
0.540000 1.907491853308401e+02
0.550000 1.336610778603153e+02
0.560000 -1.540274806006432e+02
0.570000 8.660387964971693e+02
0.580000 2.103669580873321e+02
0.590000 1.715948657299166e+02
0.600000 1.232152041922682e+02
0.610000 1.563781364911459e+02
0.620000 2.499066582867755e+02
0.630000 3.194455833499173e+01
0.640000 5.425521181699563e+01
0.650000 -8.204320561452460e+01
0.660000 -1.221504603644687e+02
0.670000 5.500785788062810e+01
0.680000 -4.117277357621079e+01
0.690000 1.941243435991148e+02
0.700000 2.668980454130608e+01
0.710000 -1.982403997961899e+01
0.720000 -1.046989065774341e+01
0.730000 9.225916811445961e+01
0.740000 -1.901969881039258e+01
0.750000 1.452565159854281e+02
0.760000 4.758247309083713e+01
0.770000 4.228075647397853e+01
0.780000 9.741065198105569e+01
0.790000 6.036519719728025e+01
0.800000 4.489792090300567e+00
0.810000 -7.123366577779265e+01
0.820000 5.157399624677848e+01
0.830000 -1.388330027923556e+01
0.840000 -6.324797085634401e+01
0.850000 -2.684186014885118e+01
0.860000 9.899985802490505e+00
0.870000 3.389801772806074e+01
0.880000 -1.860150373943430e+01
0.890000 -1.730202099100253e+01
0.900000 -8.935037090983562e+01
0.910000 2.917325785788271e+01
0.920000 1.549933148436138e+01
0.930000 1.956910715668741e+01
0.940000 -4.697349367196357e+01
0.950000 1.637887008814555e+02
0.960000 4.097492650539040e+01
0.970000 1.089739182165907e+02
0.980000 -1.073885808571771e+02
0.990000 -1.151799541445538e+01
1.000000 -2.149262944522935e+01
1.010000 5.890582944823132e+00
1.020000 6.643054177360786e+01
1.030000 5.355837041220604e+01
1.040000 2.878054917369949e+01
1.050000 2.527599978347012e+01
1.060000 6.517825916286836e+01
1.070000 2.834701744172432e+01
1.080000 4.810386594674417e+01
1.090000 3.947433920535483e+00
1.100000 -8.811331948221427e+01
1.110000 -5.281153080292256e+01
1.120000 -3.522290944326778e+00
1.130000 4.020471007074615e+01
1.140000 -2.168125393321083e+01
1.150000 -3.626470941561227e+01
1.160000 -9.181326960895825e+01
1.170000 -1.006080295991129e+02
1.180000 1.379702490512120e+02
1.190000 1.819768157135970e+02
1.200000 9.581670725281512e+01
