0.440000 9.146706659584509e+02
0.450000 -1.975605760817159e+06
0.460000 6.094702144219026e+01
0.470000 1.250377289029063e+02
0.480000 6.455074789756836e+01
0.490000 1.649276342407335e+02
0.500000 -4.079924291905428e+00
0.510000 -1.461229458585481e+00
0.520000 -1.912632539203555e+02
0.530000 -1.111204842955477e+02
0.540000 -4.348566833605953e+01
0.550000 -1.114143534939453e+02
0.560000 2.278279803887830e+02
0.570000 7.193820885020888e+01
0.580000 -1.569239201332834e+02
0.590000 -1.370537972515922e+02
0.600000 2.703063040387362e+01
0.610000 1.324963483304542e+02
0.620000 -1.353623142385630e+02
0.630000 5.845197862429664e+01
0.640000 7.881064332001684e+01
0.650000 -8.541885392133823e+01
0.660000 -4.478509383568284e+01
0.670000 -1.701042474687721e+02
0.680000 2.983907905719378e+01
0.690000 9.589132455011537e+01
0.700000 -6.842352144663980e+01
0.710000 7.344394339294513e+01
0.720000 -1.084118593701628e+02
0.730000 7.285009340402377e+01
0.740000 3.395193762390792e+01
0.750000 6.395335363792033e+01
0.760000 5.927785686524026e+01
0.770000 7.301166813450529e+01
0.780000 1.277586649950083e+02
0.790000 5.251165552117143e+01
0.800000 1.138281119393743e+01
0.810000 3.955244428458273e+01
0.820000 2.492165298883977e+01
0.830000 9.901049314976262e-03
0.840000 -1.482395967294719e+01
0.850000 -3.564056073033924e+01
0.860000 5.504629369142998e+01
0.870000 -8.744850728844497e+00
0.880000 -3.410919394903339e+01
0.890000 1.512924558090153e+02
0.900000 -2.579345264097162e+01
0.910000 6.060680544221471e+01
0.920000 -6.551752095404488e+01
0.930000 7.211379402219603e+01
0.940000 3.548412732014241e+01
0.950000 -4.049727626817186e+00
0.960000 7.201481145805546e+01
0.970000 -9.634668219845616e+01
0.980000 1.753610576341146e+01
0.990000 -6.022576330019780e+01
1.000000 3.998559648571534e+00
1.010000 7.146107275803263e+01
1.020000 3.615707189847413e+00
1.030000 -7.068822911360564e+01
1.040000 -7.859874781910035e+01
1.050000 6.926971607286444e+01
1.060000 5.493336161022248e+01
1.070000 2.604166949387252e+01
1.080000 2.996616242572390e+01
1.090000 1.026425064097791e+02
1.100000 3.691736445604301e+00
1.110000 9.920586542647769e+01
1.120000 1.323134796258682e+02
1.130000 -1.610727114821932e+00
1.140000 3.601623464717579e+01
1.150000 8.466690427237383e+01
1.160000 -5.610185066016270e+01
1.170000 -1.045359888092437e+01
1.180000 6.954911112908678e+01
1.190000 -8.008507662538828e+01
1.200000 -3.529834885967910e+01
