0.490000 2.691669723376833e+07
0.500000 -1.242405132283930e+05
0.510000 -6.642846862227797e+04
0.520000 -1.543652615829932e+04
0.530000 4.604082067071441e+02
0.540000 1.386866873179658e+02
0.550000 3.701502870718974e+01
0.560000 -5.519582622463354e+02
0.570000 -6.992522834123488e+02
0.580000 -3.831337082674037e+02
0.590000 1.393808531596191e+03
0.600000 2.183981255413183e+02
0.610000 -2.478254145319623e+02
0.620000 -1.811062114358481e+02
0.630000 -8.161905650282802e+01
0.640000 4.481433439523972e+02
0.650000 4.746750130410672e+02
0.660000 4.963740089598089e+02
0.670000 5.165559813956714e+02
0.680000 -3.489165265268489e+01
0.690000 4.946318296397090e+00
0.700000 1.160971337237241e+02
0.710000 -1.779206300493493e+03
0.720000 -5.260642892933242e+02
0.730000 3.882640696608079e+02
0.740000 -9.189580559751163e+02
0.750000 6.066598680864022e+02
0.760000 -7.170622358530163e+02
0.770000 2.658891214428335e+02
0.780000 -6.451878486094689e+02
0.790000 6.782784327392094e+02
0.800000 6.735082936957023e+02
0.810000 4.294174591158358e+02
0.820000 2.905199238559931e+02
0.830000 -1.598052753771712e+02
0.840000 -1.186082217027358e+02
0.850000 2.208358612239529e+01
0.860000 -1.616340282060687e+02
0.870000 9.194525205432342e+01
0.880000 1.062548268012572e+02
0.890000 3.019415332134223e+02
0.900000 -3.226813274014615e+02
0.910000 -3.049885834779601e+01
0.920000 -5.277788744551156e+01
0.930000 -1.188116774900239e+02
0.940000 1.866624424047676e+02
0.950000 -3.115361866436879e+02
0.960000 1.259101934450443e+02
0.970000 -7.443129854361139e+01
0.980000 -9.884027311321296e+01
0.990000 -7.531455404189654e+01
1.000000 -2.390495248896893e+00
1.010000 2.203018652609456e+01
1.020000 9.744696052477515e+01
1.030000 1.182940048252702e+01
1.040000 -1.014777937399914e+02
1.050000 9.054886207797496e+01
1.060000 4.962247235163937e+01
1.070000 6.032157745107904e+00
1.080000 3.778323599636160e+01
1.090000 5.962710678993553e+01
1.100000 4.488528058669112e+01
1.110000 1.051993297496394e+02
1.120000 -6.144630930885508e+01
1.130000 2.554244892963704e+01
1.140000 -4.352905114506287e+01
1.150000 4.251702971350674e+01
1.160000 5.600897012312276e+01
1.170000 -2.564975729693458e+01
1.180000 -3.542560525793200e+01
1.190000 -1.176327780757721e+02
1.200000 -3.572435108811355e+02
