0.460000 3.693435547312244e+05
0.470000 -1.058735237535164e+08
0.480000 4.388648066220132e+02
0.490000 6.918429206655586e+02
0.500000 1.053311002805413e+03
0.510000 9.232549001060437e+02
0.520000 2.978292695700025e+02
0.530000 7.142252398009412e+02
0.540000 -2.290481341302454e+02
0.550000 -5.523362471268523e+01
0.560000 5.481895184899656e+01
0.570000 -7.373601253678929e+01
0.580000 -2.218534724884396e+02
0.590000 2.870326584247109e+02
0.600000 -1.661916045720457e+02
0.610000 -2.936401646062264e+02
0.620000 2.650526779937502e+02
0.630000 2.973484296550604e+02
0.640000 5.328265020205139e+02
0.650000 8.927300150638271e+01
0.660000 -2.151107644711840e+01
0.670000 5.095479036896342e+02
0.680000 3.391847691564241e+02
0.690000 -1.048124512766946e+01
0.700000 1.595860184944093e+01
0.710000 -2.229819777900460e+02
0.720000 -5.137246450932236e+02
0.730000 -8.735371746696153e+01
0.740000 6.322806222058303e+01
0.750000 -5.498459497544597e+01
0.760000 9.214546088220517e+01
0.770000 -8.331217848177687e+01
0.780000 1.046680703536904e+01
0.790000 2.334945734780717e+02
0.800000 1.626407447506732e+02
0.810000 9.234983129711264e+01
0.820000 -1.755353710229599e+01
0.830000 -9.563908754436355e+00
0.840000 1.199591006058797e+02
0.850000 -9.008918280332333e+01
0.860000 -4.556632435469576e+01
0.870000 8.882529215773020e+01
0.880000 -9.526244648803568e+01
0.890000 -2.971934873998124e+01
0.900000 -6.350997861953761e+01
0.910000 6.848419905131115e+01
0.920000 1.270540197151450e+02
0.930000 -8.120690693942757e+01
0.940000 4.038783722670513e+01
0.950000 7.767228490164871e+01
0.960000 3.266233970711451e+01
0.970000 -6.154145326047593e+01
0.980000 -1.024818829707253e+02
0.990000 2.427895590484234e+01
1.000000 -1.390695175001532e+02
1.010000 -2.203905796948933e+01
1.020000 3.114430917949348e+01
1.030000 4.623635543582862e+01
1.040000 1.605113266858772e+01
1.050000 1.332544693299295e+02
1.060000 -9.076265482325694e+01
1.070000 -9.431452588186778e+01
1.080000 1.280160776744785e+01
1.090000 1.430695996465213e+01
1.100000 8.279920462435429e+00
1.110000 -1.016538332773887e+02
1.120000 1.116373687914080e+01
1.130000 -2.503220677868991e+01
1.140000 -6.021875734552756e+00
1.150000 3.417059801712480e+01
1.160000 -3.478171798742601e+00
1.170000 -2.916250224912261e+01
1.180000 6.792504151716034e+01
1.190000 -1.443685153061086e+01
1.200000 -1.200415859462559e+02
