0.420000 1.123071253989184e+07
0.430000 1.973465835469569e+01
0.440000 4.102458684739104e+02
0.450000 1.426040604892697e+01
0.460000 -4.111187642157233e+00
0.470000 4.600096295487604e+02
0.480000 1.029347635715431e+02
0.490000 -1.254399835196332e+02
0.500000 -3.680055625517474e+01
0.510000 2.293031040358737e+01
0.520000 -8.406260954518282e+01
0.530000 1.847213462155214e+02
0.540000 2.950342738506800e+01
0.550000 -1.020166926299871e+02
0.560000 1.288633544887097e+02
0.570000 2.169191393989949e+01
0.580000 -1.254054378805245e+02
0.590000 -7.460676094259037e+01
0.600000 -4.419693368071198e+01
0.610000 -2.339648334147150e+02
0.620000 2.299933906417603e+01
0.630000 2.061008806046750e+02
0.640000 2.689264257930255e+01
0.650000 5.424933971509383e+01
0.660000 -1.456914820240006e+02
0.670000 2.863631298829352e+02
0.680000 8.538360689301803e+01
0.690000 2.691560278797626e+02
0.700000 -1.721984158163093e+02
0.710000 2.878121955921421e+02
0.720000 -8.619966192740502e+01
0.730000 -1.779961619576412e+02
0.740000 1.203396325582061e+02
0.750000 6.509306518893860e+01
0.760000 -7.105743020474543e+01
0.770000 1.394252920131907e+02
0.780000 1.202480040551999e+01
0.790000 2.506986465404050e+01
0.800000 -8.773071770768530e+01
0.810000 4.530278879002496e+01
0.820000 4.716464245182905e+01
0.830000 8.516329386749176e+00
0.840000 -1.185716514283049e+02
0.850000 3.048144766257261e+01
0.860000 8.511480371702287e+01
0.870000 -8.738768527246495e+01
0.880000 4.736364712155975e+01
0.890000 -1.507603248186542e+02
0.900000 1.206034559837292e+02
0.910000 3.655888363494483e+01
0.920000 -6.617208303924566e+01
0.930000 9.391607917675965e+01
0.940000 -1.868222993646873e+02
0.950000 9.211170419563342e+01
0.960000 4.266691714749741e+01
0.970000 -5.446083910700010e+01
0.980000 8.760026798766306e+01
0.990000 -2.382460798080534e+01
1.000000 -1.002721576778602e+02
1.010000 2.029041471569090e+01
1.020000 1.136717321839234e+01
1.030000 -2.088350543555044e+01
1.040000 2.181529254920795e+01
1.050000 -6.385460293148517e+01
1.060000 5.551779241415488e+01
1.070000 2.731670965671098e+01
1.080000 -7.965275458442909e+01
1.090000 -2.465335232205194e+01
1.100000 9.827510033052452e+01
1.110000 1.270376050658524e+02
1.120000 4.239877756370668e+01
1.130000 1.275245033982556e+02
1.140000 9.784327271302125e+00
1.150000 2.777741183847913e+01
1.160000 8.415870364432470e+01
1.170000 3.929375310363238e+01
1.180000 -4.859479992659681e+00
1.190000 5.317525774983502e+01
1.200000 5.828302372710220e+01
