0.330000 -5.238396361175017e+08
0.340000 1.298744191443486e+07
0.350000 5.556358121779064e+06
0.360000 1.653781229659620e+06
0.370000 2.051147511202896e+05
0.380000 2.573757142329715e+02
0.390000 6.153619823870062e+02
0.400000 1.913483782721123e+02
0.410000 8.956663617620978e+01
0.420000 1.768168207378758e+02
0.430000 2.280235446502169e+02
0.440000 8.931585712784711e+01
0.450000 2.558294758864439e+01
0.460000 2.260595561852887e+01
0.470000 -1.124881162144844e+01
0.480000 -1.404860520945445e+01
0.490000 9.877859643450712e+01
0.500000 2.094911380033658e+02
0.510000 -1.454486359087976e+01
0.520000 -3.469216623635631e+01
0.530000 6.887211844211568e+01
0.540000 1.498207384791581e+01
0.550000 -5.909861488433807e+01
0.560000 9.440860639893513e+01
0.570000 7.130221410977475e+01
0.580000 9.471640663474420e+01
0.590000 1.001259113282942e+02
0.600000 1.164369803952333e+02
0.610000 -4.153831435841823e+01
0.620000 -2.025843217679718e+02
0.630000 -6.860743437768191e+01
0.640000 -3.545659062293561e+01
0.650000 -2.950162231927797e+01
0.660000 -6.940617936521728e+01
0.670000 7.337765366934961e+01
0.680000 1.129400712333111e+02
0.690000 7.801462598731139e+01
0.700000 -2.907113892782881e+00
0.710000 -1.049803265626536e+02
0.720000 5.852952069798988e+01
0.730000 6.393197741251100e+01
0.740000 -1.150962338697966e+02
0.750000 -5.149046355453721e+01
0.760000 -1.825208209200381e+01
0.770000 -8.762569019950526e+01
0.780000 -7.374421208821963e+01
0.790000 -2.334004731479127e+02
0.800000 -5.078599073587439e+01
0.810000 5.790018545016304e+01
0.820000 -1.314361508557585e+02
0.830000 1.851531426339101e+01
0.840000 1.786004691309138e+01
0.850000 -2.548260431968234e+01
0.860000 8.440319015949302e+01
0.870000 -3.227174699407942e+01
0.880000 2.479191357975160e+01
0.890000 3.966601500826651e+00
0.900000 2.452015783164788e+01
0.910000 -5.990971902110320e+01
0.920000 7.442490161016144e+01
0.930000 -1.143497788744382e+02
0.940000 -5.322079167737056e+01
0.950000 -7.213605103962904e+01
0.960000 -9.563030435813016e+01
0.970000 7.186611600013855e+01
0.980000 1.247452725450988e+01
0.990000 1.033160721647353e+02
1.000000 3.281538645866258e+01
1.010000 -1.775148714941368e+01
1.020000 5.852135819886123e+01
1.030000 -9.965830439786745e+01
1.040000 5.686542033518032e+01
1.050000 1.338717165265448e+02
1.060000 -4.037206785544478e+01
1.070000 -4.489413512752246e+01
1.080000 -8.544058671153304e+01
1.090000 1.010409142597515e+02
1.100000 -5.306399761572413e+01
1.110000 3.550661698193945e+01
1.120000 5.602603912933867e+00
1.130000 1.497157882120434e+01
1.140000 -1.193010087507921e+01
1.150000 -1.648364364380378e+01
1.160000 3.342768256459628e+01
1.170000 1.191484971137545e+00
1.180000 5.414491243956636e+01
1.190000 4.305307726304473e+00
1.200000 1.539049952017066e+02
