0.380000 6.129186825170158e+04
0.390000 1.165591834664744e+02
0.400000 6.258822202933737e+02
0.410000 -7.206708566092510e+01
0.420000 2.605009491583799e+02
0.430000 -1.156527624470220e+02
0.440000 4.837975220256505e+01
0.450000 2.281071735242885e+01
0.460000 1.146474187149992e+02
0.470000 4.931024474682042e+01
0.480000 7.282103473497803e+01
0.490000 2.147011182556821e+02
0.500000 -4.851361335422096e+01
0.510000 4.412907084061202e+01
0.520000 7.321092304917418e+01
0.530000 1.019685103875511e+02
0.540000 -3.702249620274657e+01
0.550000 1.232681765722095e+02
0.560000 7.835507058916269e-02
0.570000 3.050421397795861e+01
0.580000 -6.725296817622078e+01
0.590000 -4.979598806119466e+01
0.600000 6.371411356414095e+01
0.610000 -4.716776427763788e+01
0.620000 -6.790725672246887e+01
0.630000 2.873075132324819e+01
0.640000 -2.482576245510092e+01
0.650000 -3.816817904331139e+00
0.660000 -1.301788174977857e+01
0.670000 -4.448753508150470e+01
0.680000 -1.265203821232118e+01
0.690000 8.030423349128152e+01
0.700000 -9.847441895006745e+01
0.710000 1.050074027407632e+01
0.720000 1.280833672947575e+01
0.730000 -5.289854598806659e+01
0.740000 -2.792013359835076e+01
0.750000 -3.296547742418335e+01
0.760000 -5.163793312720801e+01
0.770000 -5.682886462540409e+01
0.780000 -8.209880389141239e+01
0.790000 -7.804471720013034e+01
0.800000 -4.771038031372868e+01
0.810000 -3.332896258769306e+01
0.820000 -4.774631277589289e+01
0.830000 1.260783234616097e+01
0.840000 -2.451155937212860e+01
0.850000 -6.843984603321377e+00
0.860000 -4.511047921855143e+01
0.870000 -6.354450440538780e+01
0.880000 -1.763968690754520e+01
0.890000 -2.197881825624862e+01
0.900000 -5.323380893170120e+01
0.910000 -6.675628022943869e+01
0.920000 -1.061079320410196e+01
0.930000 5.120481247099673e+01
0.940000 2.342183236397225e+00
0.950000 1.882839134874737e+01
0.960000 3.137250089127776e+01
0.970000 -7.598419043691537e+01
0.980000 1.783204315680009e+01
0.990000 8.049535331651197e+01
1.000000 -2.046384692115301e+01
1.010000 5.811060558592968e+00
1.020000 1.486242944748759e+01
1.030000 -1.127084122329055e+01
1.040000 -7.486479368914262e+00
1.050000 -3.230393933332724e+01
1.060000 4.625451816577005e+01
1.070000 3.495145219920296e+00
1.080000 1.610571096364648e+00
1.090000 5.482618548829911e+01
1.100000 -2.018782586326294e+01
1.110000 -6.393912562208413e+00
1.120000 9.319645288911699e+00
1.130000 -8.313853930333375e-01
1.140000 3.001403986982713e+01
1.150000 -5.686228033107707e+01
1.160000 1.392675699670191e+01
1.170000 -2.170351694633011e+01
1.180000 -1.527753272587327e+01
1.190000 -1.606835870235465e+01
1.200000 -1.474809076304954e+02
