0.380000 8.175778468104285e+00
0.390000 3.986679598390833e+05
0.400000 -1.822747024327449e+02
0.410000 2.295460402456468e+02
0.420000 1.513375599244579e+02
0.430000 2.377061537905617e+02
0.440000 -8.984399900204772e+01
0.450000 2.200448436376769e+01
0.460000 2.671644002222901e+02
0.470000 6.642279068748654e+01
0.480000 2.343026480877914e+01
0.490000 1.535995475131915e+02
0.500000 4.482497943358592e+01
0.510000 3.440905904707598e+00
0.520000 7.788961307534177e+01
0.530000 8.017434239871825e+01
0.540000 2.033047375523412e+01
0.550000 6.493297638412039e+01
0.560000 2.280078300307526e+02
0.570000 2.560487482422897e+02
0.580000 -1.532452481586157e+01
0.590000 2.251268041695437e+02
0.600000 7.542350602177954e+00
0.610000 -1.715584653182575e+01
0.620000 1.703259749981800e+02
0.630000 -5.103013489470086e+01
0.640000 -1.737011198505320e+02
0.650000 6.717061478743238e+00
0.660000 -1.254967798528279e+02
0.670000 -1.383767681791416e+02
0.680000 -4.931236449730169e+01
0.690000 -8.345173864532151e+01
0.700000 -9.764706397695760e+01
0.710000 4.878599349094360e+00
0.720000 -2.539628167872264e+02
0.730000 -1.718977311891529e+02
0.740000 -1.100309522467364e+02
0.750000 -3.290341241805112e+02
0.760000 -2.087364008803331e+01
0.770000 -1.772006203225471e+02
0.780000 -1.529119002974624e+02
0.790000 2.653230748090927e+01
0.800000 4.402910019209038e+01
0.810000 -2.447203896550042e+01
0.820000 -1.057450407193970e+02
0.830000 2.747361132186182e+00
0.840000 -2.289419177295967e+01
0.850000 -2.812039020677141e+02
0.860000 -5.930110581294519e+01
0.870000 4.983743612580532e+01
0.880000 -1.277248590264537e+02
0.890000 -6.871777878700382e+01
0.900000 -4.816731419926184e+01
0.910000 6.713021123895626e+01
0.920000 -6.331961292114330e+01
0.930000 -6.193390905117675e+01
0.940000 -4.623742353627865e+01
0.950000 1.979411651776817e+01
0.960000 -3.269831808859686e+01
0.970000 -1.070262528437541e+02
0.980000 -4.053547296763864e+01
0.990000 -1.525172235169441e+02
1.000000 1.355851711525452e+02
1.010000 1.665936726756573e+00
1.020000 -9.141154166703879e+01
1.030000 -1.140940761515257e+02
1.040000 -1.037277171385751e+02
1.050000 -1.463448959604281e+01
1.060000 1.241309049687993e+02
1.070000 -3.647560811005601e+01
1.080000 9.539920226486511e+01
1.090000 -5.990319711369722e+01
1.100000 2.380233093572300e+00
1.110000 -1.203564371908992e+02
1.120000 -7.722573712753810e+01
1.130000 -2.054515619602783e+01
1.140000 9.165144853560665e+01
1.150000 -4.643108725712779e+00
1.160000 -8.207561253182634e+01
1.170000 -9.805757435647982e+01
1.180000 -4.559435499018645e+01
1.190000 -1.476191044130842e+02
1.200000 2.632421979823436e+02
