0.370000 -1.813646672917062e+04
0.380000 -1.155009051020310e+06
0.390000 3.847280573560240e+04
0.400000 -3.985146025678529e+02
0.410000 -6.016826604869168e+01
0.420000 2.959829630191604e+02
0.430000 1.240646408987171e+02
0.440000 2.555909777553594e+02
0.450000 -1.732697250890210e+01
0.460000 -1.054364597080388e+02
0.470000 1.562429341983355e+02
0.480000 3.089291977816298e+02
0.490000 1.776381748102827e+02
0.500000 -1.757264052578867e+00
0.510000 9.458493841903922e+01
0.520000 -1.305360389378824e+01
0.530000 2.143820600147298e+01
0.540000 -1.717864627688832e+01
0.550000 4.723888958279302e+01
0.560000 1.481617639283503e+02
0.570000 -4.126264007708438e+01
0.580000 -9.792229004826497e+01
0.590000 -2.427597752856096e+01
0.600000 -1.031077262151526e+02
0.610000 5.975181283714834e+00
0.620000 -9.021828161354820e+01
0.630000 1.035692335964938e+02
0.640000 1.085746741429543e+02
0.650000 2.503089292635760e+01
0.660000 4.881252464540784e+01
0.670000 -2.128004490345965e+01
0.680000 4.745566486512233e+00
0.690000 -6.442608268445407e+01
0.700000 6.582630373757631e+00
0.710000 1.212452348182177e+02
0.720000 -1.682625653412363e+01
0.730000 6.708759443175190e+01
0.740000 5.725279127074328e+01
0.750000 5.174998638651739e+01
0.760000 3.044902710094569e+01
0.770000 3.581844194612143e+01
0.780000 3.278881202029741e+01
0.790000 -3.738296094010690e+01
0.800000 -6.978905907291289e+01
0.810000 -9.637451087847545e+00
0.820000 2.659061687623332e+01
0.830000 5.500540677690555e+01
0.840000 -5.080624745258621e+01
0.850000 -8.589501416517140e+01
0.860000 2.979806462979710e+00
0.870000 -2.357500497238384e+01
0.880000 1.058239044043682e+02
0.890000 -1.961818299504099e+01
0.900000 -1.305874717502820e+01
0.910000 -5.221891087179714e+01
0.920000 -6.625043847509602e+01
0.930000 8.584036607169097e+01
0.940000 2.677450412497528e+01
0.950000 -1.462962689446040e+01
0.960000 -3.619582877865377e+01
0.970000 6.410066129699007e+01
0.980000 -7.177632707994117e+01
0.990000 -2.900577921362796e+01
1.000000 -3.031077153828108e+01
1.010000 4.257845853144867e+01
1.020000 -5.742068029230801e+01
1.030000 4.072823327628458e+01
1.040000 1.572009311755049e+01
1.050000 -2.993576033959873e+01
1.060000 -4.799725069176817e+01
1.070000 7.594338950500145e+01
1.080000 2.347058141573144e+01
1.090000 7.785930649742038e+00
1.100000 2.292313943026947e+01
1.110000 -1.544088248888638e+01
1.120000 -1.816689237072320e+01
1.130000 -2.629958932025082e+01
1.140000 -3.402047887740271e+01
1.150000 -5.636510343520904e+01
1.160000 2.191631830848277e+01
1.170000 4.670550811755358e+01
1.180000 -7.146946323103168e+01
1.190000 6.446288504381451e+01
1.200000 -3.914058432087580e+01
