0.370000 -1.251638250108551e+08
0.380000 -6.095016207332082e+06
0.390000 5.750202513237637e+02
0.400000 -3.524131687297863e+02
0.410000 4.257087805985993e+01
0.420000 3.366334908097588e+02
0.430000 1.578348026791869e+02
0.440000 -2.183486641673379e+00
0.450000 -8.856448741998730e+01
0.460000 -4.634952419712921e+01
0.470000 1.421671362428283e+02
0.480000 4.131474124437881e+01
0.490000 -2.235416665813249e+01
0.500000 7.895291394227625e+01
0.510000 3.502254556192432e+01
0.520000 2.114977013322241e-01
0.530000 8.959400441254415e+00
0.540000 4.492734562191972e+01
0.550000 -1.028042799290969e+02
0.560000 -1.267243793010976e+02
0.570000 -2.594483694219152e+01
0.580000 -8.299168955875049e+01
0.590000 -1.638858338492938e+02
0.600000 1.066463860827447e+02
0.610000 -6.281293812725497e+00
0.620000 -1.612798889016309e+01
0.630000 6.911854945940694e+01
0.640000 -8.814937594982998e+00
0.650000 -1.483620517402593e+02
0.660000 3.157068436084328e+00
0.670000 -2.339989775523998e+01
0.680000 -7.427470860391978e+01
0.690000 3.983354192623365e+01
0.700000 -9.647388918352753e+01
0.710000 4.783137042737416e+01
0.720000 -3.884574791893186e+01
0.730000 -1.220092442394207e+02
0.740000 4.557451682177089e+01
0.750000 -2.383696129496630e+02
0.760000 1.633713937068214e+01
0.770000 5.027422935824264e+01
0.780000 -6.305267286747966e+01
0.790000 -9.664374546925906e+01
0.800000 -5.902733995127691e+01
0.810000 -3.077658920051370e+01
0.820000 6.097154775695370e+01
0.830000 -6.873894288519108e+01
0.840000 6.786219164014016e+00
0.850000 -4.245181397624868e+01
0.860000 3.767362503513918e+01
0.870000 3.061684191714821e+01
0.880000 3.226852401485610e+01
0.890000 1.088702193362799e-01
0.900000 1.193857982281237e+02
0.910000 -4.212847467061920e+01
0.920000 -5.755358382171135e+01
0.930000 1.025089308359397e+02
0.940000 1.225219202064441e+02
0.950000 1.998158848571967e+01
0.960000 9.833485521993570e+00
0.970000 3.620757316121713e+01
0.980000 -1.602480462654091e+01
0.990000 -1.373089590528595e+02
1.000000 -2.877310964668013e+01
1.010000 -7.364120098212524e+01
1.020000 -5.879683375412823e+00
1.030000 -8.870043215167794e+01
1.040000 4.543341700626273e+01
1.050000 -3.285268121813608e+01
1.060000 8.256930663660153e+00
1.070000 5.276544501870523e+01
1.080000 5.780176953524429e+01
1.090000 1.120341177629618e+02
1.100000 2.558094919160431e+00
1.110000 -5.424014066476435e+01
1.120000 1.332738555326420e+02
1.130000 -2.297970203526427e+01
1.140000 -1.276578386354764e+02
1.150000 1.776385139590148e+01
1.160000 -9.481044798290009e+00
1.170000 -5.949984402475546e+01
1.180000 -2.741800242102644e+01
1.190000 -8.956467496645067e+01
1.200000 1.824875017874234e+02
