0.400000 -9.626079110982074e+04
0.410000 3.029372380079481e+02
0.420000 -9.833499849816249e+01
0.430000 5.936441992758855e+02
0.440000 1.607014852477471e+02
0.450000 7.978045667424290e+01
0.460000 5.346955903648814e+02
0.470000 1.916028057115779e+02
0.480000 -6.833938022317250e+01
0.490000 1.428368727355969e+02
0.500000 1.446165279068777e+02
0.510000 6.741269361558537e+01
0.520000 5.600640217449750e+01
0.530000 2.628609513377399e+02
0.540000 -1.316458877913714e+00
0.550000 -6.321352085997776e+01
0.560000 -5.286642985988082e+01
0.570000 1.623738954051258e+02
0.580000 1.478947286697246e+01
0.590000 -1.868490582305101e+02
0.600000 -7.406115846751088e+01
0.610000 -5.279076184904133e+01
0.620000 -9.498317734975198e+01
0.630000 -2.119968383213809e+01
0.640000 -6.622945791994098e+01
0.650000 1.345126707267011e+02
0.660000 -1.309105738289580e+02
0.670000 2.597334297944244e+02
0.680000 1.612389337551342e+02
0.690000 1.730100611873788e+02
0.700000 3.640684515879391e+01
0.710000 -1.484982907871447e+01
0.720000 -3.465373373487809e+02
0.730000 1.474811469770965e+02
0.740000 5.285069337894277e+01
0.750000 5.537647891680619e+01
0.760000 1.040185318855138e+02
0.770000 1.196709171350753e+02
0.780000 5.843233222904373e+01
0.790000 1.432634468456196e+02
0.800000 1.101497900481462e+01
0.810000 9.427148532779307e+01
0.820000 1.559196952757049e+02
0.830000 -5.082960600816454e+01
0.840000 -8.575909752721465e+01
0.850000 -1.628443460173790e+00
0.860000 8.642946357872805e+01
0.870000 -3.650416148496286e+01
0.880000 -1.594927561382558e+02
0.890000 -6.043620904922685e+01
0.900000 -4.548741698104902e+01
0.910000 1.063928176639542e+02
0.920000 1.195989681822345e+02
0.930000 -1.904360867917838e+02
0.940000 3.617912464759989e+01
0.950000 -5.891833793297202e+00
0.960000 3.410259797123214e+01
0.970000 1.623139261416599e+02
0.980000 -7.845355752924891e+00
0.990000 -1.193916790502199e+02
1.000000 8.251719290998319e+01
1.010000 1.273208858827522e+02
1.020000 -1.052913235292641e+02
1.030000 2.125148046341259e+01
1.040000 -2.763089260520177e+02
1.050000 4.053526774731170e+00
1.060000 3.089826356563160e+01
1.070000 -4.341584929810501e+00
1.080000 7.315370369384291e+01
1.090000 8.990721095250233e+01
1.100000 5.510637096146937e+01
1.110000 7.425486906087706e+01
1.120000 2.384712025250293e+01
1.130000 2.926809504259050e+01
1.140000 -5.683228203301377e+01
1.150000 9.499831139016699e+01
1.160000 -2.056541780167121e+02
1.170000 2.222677257309050e+01
1.180000 -4.547507870908245e+01
1.190000 -2.043290576939169e+02
1.200000 3.996013352763747e+02
