0.400000 -7.793203277061960e+07
0.410000 5.574031471836904e+10
0.420000 5.638975175376530e+05
0.430000 -7.574464864047306e+02
0.440000 1.379662160200303e+02
0.450000 -3.789143958290100e+02
0.460000 -2.592214094605183e+02
0.470000 3.015349004387695e+02
0.480000 2.217606355711850e+02
0.490000 -2.458259865561141e+02
0.500000 -2.453550089159652e+02
0.510000 -5.389314606159579e+01
0.520000 -3.677942983213657e+01
0.530000 4.917168456818979e+01
0.540000 5.379068302901979e+01
0.550000 -1.358793654933569e+02
0.560000 -5.557250074008003e+01
0.570000 -7.520726261460729e+01
0.580000 1.017967414776607e+02
0.590000 -8.026673839532039e+01
0.600000 6.805534621258838e+01
0.610000 -1.090429946753450e+02
0.620000 -1.183335409791305e+02
0.630000 7.967183501713686e+01
0.640000 9.888936749730119e+01
0.650000 -2.986609255675996e+01
0.660000 -5.801583276318404e+01
0.670000 -5.211278273154131e+01
0.680000 -6.330422038060846e+01
0.690000 1.418312292122181e+02
0.700000 -1.084486664198481e+02
0.710000 2.620381462545700e+01
0.720000 -5.652565122300211e+01
0.730000 7.179788694000968e+01
0.740000 -1.306941465177001e+02
0.750000 8.152542937843400e+00
0.760000 1.532408239301888e+02
0.770000 -1.695620704591878e+01
0.780000 -1.364405374743469e+02
0.790000 -6.130579033531109e+00
0.800000 -7.371952727388116e+01
0.810000 2.314413856899265e+01
0.820000 -2.824939399161240e+01
0.830000 4.032185255342522e+01
0.840000 -2.807114559715578e+00
0.850000 9.064214380467233e+01
0.860000 -1.023827123261904e+02
0.870000 3.693711804808565e+01
0.880000 5.335129799383765e+01
0.890000 -6.567184560072901e+01
0.900000 -8.822529419527194e+01
0.910000 -2.319833364231406e+01
0.920000 1.060654698414230e+01
0.930000 -3.928107780637730e+01
0.940000 6.237187429940423e+01
0.950000 -7.819674948295594e-01
0.960000 -1.035544305967634e+01
0.970000 8.076442023705947e+01
0.980000 -9.650555791332305e+00
0.990000 1.128359046938793e+01
1.000000 -2.480379989004110e+01
1.010000 -3.520574720706050e+01
1.020000 -2.793098526714572e+00
1.030000 -1.017832970639918e+01
1.040000 1.548395322723861e+00
1.050000 1.103569851416895e+01
1.060000 -1.673851425721358e+01
1.070000 -3.113101920179009e+01
1.080000 -2.374463954440239e+01
1.090000 2.930506719972527e+01
1.100000 3.918696045872848e+01
1.110000 1.267592356948481e+01
1.120000 -1.039390869464990e+01
1.130000 1.216504787984979e+01
1.140000 1.507671720951444e+01
1.150000 3.276374193516875e+01
1.160000 9.483747998013545e-01
1.170000 -2.276410496751364e+01
1.180000 -2.972214348823382e+01
1.190000 3.015416257045293e+01
1.200000 -1.728241909910902e+02
