0.400000 1.267668603634239e+08
0.410000 1.823059515310529e+09
0.420000 -1.400166903445330e+06
0.430000 5.773418028336594e+02
0.440000 2.863526120066828e+01
0.450000 1.014438828609636e+02
0.460000 1.494546194908047e+02
0.470000 8.018204386119761e+01
0.480000 -2.078650412104942e+01
0.490000 1.801693921543601e+02
0.500000 3.283244992338788e+01
0.510000 2.020934103046982e+02
0.520000 -3.046473674620529e+01
0.530000 1.090149972972356e+02
0.540000 1.492461170096468e+02
0.550000 -7.320677639520235e+01
0.560000 -1.520664523040558e+02
0.570000 -1.113446010420595e+02
0.580000 -6.311282464410288e+01
0.590000 -2.787142017084563e+01
0.600000 3.253241411821347e+01
0.610000 3.742716842520497e-02
0.620000 -5.751554436531484e+01
0.630000 -8.297257729681071e+01
0.640000 -7.719906355181307e-01
0.650000 -4.793327457837264e+01
0.660000 -3.049870823207584e+00
0.670000 -8.305115994425428e+01
0.680000 3.555322892171564e+01
0.690000 -1.104920915177847e+01
0.700000 -1.230410934276432e+01
0.710000 8.155056699595175e+01
0.720000 2.879754393955800e+01
0.730000 -6.634503929060426e+01
0.740000 6.505558397388961e+01
0.750000 -5.065379735222736e+01
0.760000 1.209119145427212e+01
0.770000 -4.990463769704693e+01
0.780000 2.221237522836870e+01
0.790000 5.606257759458521e+01
0.800000 2.191100106978293e+01
0.810000 5.048929055026763e+01
0.820000 -4.914642967820163e+01
0.830000 -8.410528920722275e+01
0.840000 1.782981253800549e+01
0.850000 4.371472224969383e+01
0.860000 -9.298369854752573e+01
0.870000 -2.116473329803204e+01
0.880000 1.357479874140891e+01
0.890000 -1.453246889566858e+01
0.900000 3.658288257311795e-01
0.910000 -5.836307545194960e+01
0.920000 1.137778870970216e+01
0.930000 -4.644279257778640e+01
0.940000 7.230484280884875e+01
0.950000 -4.040278718968602e+01
0.960000 -6.933561085800108e+01
0.970000 -2.784666415071633e+01
0.980000 -1.815392361989286e+02
0.990000 -9.970621603502684e+01
1.000000 8.593734312283740e+01
1.010000 -4.220416785715857e+01
1.020000 -6.008174252100246e+01
1.030000 -5.829997994749642e+01
1.040000 2.185970144683721e+01
1.050000 4.318342940727984e+01
1.060000 -3.028151089646345e+01
1.070000 -2.613995630622482e+01
1.080000 8.380975368645861e+01
1.090000 1.610729927976295e+01
1.100000 1.325144448442495e+01
1.110000 -2.948933260734580e+01
1.120000 -9.124733383146356e+00
1.130000 -5.189166846822484e+01
1.140000 1.260079152460418e+01
1.150000 1.121127562913517e+01
1.160000 1.321416674027272e+01
1.170000 -1.049191053047088e+01
1.180000 1.145951894511874e+01
1.190000 1.378704759581333e+00
1.200000 1.513069605328176e+02
