0.380000 4.741984456591273e+02
0.390000 2.175457930313025e+08
0.400000 3.125282736430278e+02
0.410000 3.433260286242205e+01
0.420000 7.514825915006902e+02
0.430000 1.489209836853239e+02
0.440000 5.569076893386892e+01
0.450000 2.386246154892573e+02
0.460000 1.302297609192948e+02
0.470000 3.981402313930210e+02
0.480000 -1.100904260274614e+02
0.490000 4.345471254039240e+02
0.500000 7.782216938135802e-01
0.510000 -3.009797023374862e+02
0.520000 2.389611451479781e+02
0.530000 -1.203244920155045e+02
0.540000 8.552839965568012e+00
0.550000 5.827594291339570e+01
0.560000 2.632993353747449e+02
0.570000 -1.946306790378948e+02
0.580000 -1.101648068940201e+02
0.590000 5.846275362360868e+01
0.600000 -8.145356489709762e+01
0.610000 -1.972981033723893e+02
0.620000 -1.071481170202842e+02
0.630000 -9.088697867482075e+01
0.640000 2.028981284109222e+02
0.650000 -4.630317620573351e+02
0.660000 -2.150131808118190e+01
0.670000 1.011250365734904e+02
0.680000 2.088246938013462e+01
0.690000 -1.123782629743507e+02
0.700000 -1.435176223364316e+02
0.710000 -7.588437655395757e+01
0.720000 1.342104130848570e+02
0.730000 1.996888943922375e+02
0.740000 -4.802342514618371e+01
0.750000 1.633015825250492e+01
0.760000 3.924649153440598e+01
0.770000 -2.256074216617127e+01
0.780000 1.916494730783706e+02
0.790000 -3.102195366200351e+01
0.800000 1.062570525852791e+02
0.810000 1.146017004910242e+02
0.820000 1.039139951160926e+02
0.830000 -9.744799132120152e+00
0.840000 -1.024582597007929e+02
0.850000 -3.269993965078035e+01
0.860000 -1.828653588486594e+02
0.870000 3.601579325128772e+01
0.880000 1.748103060594393e+02
0.890000 8.344292421548874e+01
0.900000 8.155335838125565e+00
0.910000 -7.564980269701360e+01
0.920000 2.321474979510787e+00
0.930000 -1.562750753793435e+02
0.940000 1.516615823912280e+02
0.950000 2.682017326248166e+01
0.960000 6.418768199152150e+01
0.970000 1.910909060874801e+00
0.980000 -4.227729160665054e+01
0.990000 2.829948157937138e+01
1.000000 1.408672810689324e+02
1.010000 5.583683183531922e+01
1.020000 1.102227422490483e+02
1.030000 2.381734447018279e+01
1.040000 8.757390609808160e+00
1.050000 -6.554990502363273e+01
1.060000 -4.414450570448380e+01
1.070000 -2.601725821695932e+01
1.080000 -9.797383226033185e+01
1.090000 -8.677913188826244e+01
1.100000 -2.179817560638617e+01
1.110000 1.413146083779866e+01
1.120000 -3.597713768298134e+01
1.130000 5.868982339103108e+01
1.140000 6.978101249213017e+01
1.150000 -3.484994818100874e+01
1.160000 -6.508130425760895e+01
1.170000 2.703227475008315e+01
1.180000 -3.202107007370731e+01
1.190000 -5.529906912753385e+01
1.200000 3.144018617073988e+02
