0.440000 -2.127118615774250e+02
0.460000 1.425975033873597e+02
0.480000 -1.972484821000769e+01
0.500000 -7.208580530728582e+00
0.520000 1.192986663713764e-01
0.540000 -6.618245803600226e+01
0.560000 -1.044862100153520e+02
0.580000 1.000038281524514e+02
0.600000 -3.676263134738304e+01
0.620000 -2.744848563018487e+01
0.640000 -1.246689781095820e+01
0.660000 -2.066350707583538e+01
0.680000 -1.163663902605045e+02
0.700000 -1.882760629662390e+02
0.720000 -2.065572444309495e+02
0.740000 5.844685138463700e+01
