0.400000 -2.363689562007884e+01
0.410000 3.777507055387778e+01
0.420000 -5.203078803533929e+01
0.430000 5.544093797103868e+02
0.440000 9.610132492611467e+01
0.450000 2.513081838982507e+00
0.460000 2.077505086440606e+01
0.470000 6.494399348582847e+01
0.480000 -7.716071019753349e+01
0.490000 -8.777938518912120e+01
0.500000 3.905445400657126e+01
0.510000 -1.913579871990078e+01
0.520000 6.385650966507439e+01
0.530000 2.390107180626673e+02
0.540000 8.651609495001205e+01
0.550000 2.483296131252883e+02
0.560000 1.431565317808752e+02
0.570000 -1.388829977607045e+02
0.580000 -8.378413100534507e+01
0.590000 5.652499424042598e+01
0.600000 1.014767367151050e+02
0.610000 1.501358079869424e+02
0.620000 9.036285464549653e+01
0.630000 9.194001674933840e+00
0.640000 -7.355315049919432e+01
0.650000 1.464083832384031e+02
0.660000 7.319322008016498e+01
0.670000 -1.714414528680935e+00
0.680000 4.472004743764884e+01
0.690000 -1.926984331782437e+02
0.700000 -2.790828642574890e+01
0.710000 -2.015598664424584e+01
0.720000 8.146241500568945e+01
0.730000 1.413062275344029e+01
0.740000 4.117475911445721e+01
0.750000 7.210994868517993e+01
0.760000 1.493078189805093e+02
0.770000 -7.591296217094443e+01
0.780000 -1.629567310793358e+01
0.790000 3.688887975535012e+01
0.800000 4.422401782759782e+01
0.810000 7.167629838250535e+01
0.820000 -1.761333532755464e+01
0.830000 -5.183267953022589e+01
0.840000 -2.815001032274044e+01
0.850000 9.897031971904447e+01
0.860000 -7.162255486482402e+01
0.870000 -7.850843908076473e+01
0.880000 2.937858902479144e+01
0.890000 9.063809259682650e+01
0.900000 7.847217038744381e-02
0.910000 3.948778626904188e-01
0.920000 -9.689413131594773e+01
0.930000 1.180904858622853e+01
0.940000 2.141488078338347e+00
0.950000 1.759593236858816e+01
0.960000 -1.819075887652733e+01
0.970000 1.769168057514102e+02
0.980000 -7.361807806837105e+00
0.990000 2.364699339398721e+01
1.000000 1.209607661357620e+02
1.010000 -6.673626331032321e+01
1.020000 1.057000018155252e+02
1.030000 1.675055940506093e+01
1.040000 1.019758355417543e+02
1.050000 -2.243734230995753e+01
1.060000 6.135795698542128e+01
1.070000 9.798489896645430e+00
1.080000 2.566123240851473e+01
1.090000 3.727343300076960e+01
1.100000 8.313168226269672e+00
1.110000 -3.130491478049044e+01
1.120000 4.366455476917602e+00
1.130000 -1.628625676699948e+01
1.140000 -3.692183739963090e+01
1.150000 1.008438976016561e+02
1.160000 1.010005179059500e+02
1.170000 6.231490134449806e+01
1.180000 1.176367895990711e+01
1.190000 -7.986838304794662e+01
1.200000 -3.748758943507835e+01
