0.480000 1.581448613280312e+02
0.490000 -1.009336098976422e+02
0.500000 2.779827678298415e+02
0.510000 5.181235609386173e+02
0.520000 7.550491661771848e+02
0.530000 -2.839326438303889e+01
0.540000 5.695181431323719e+01
0.550000 2.487133850036721e+02
0.560000 -4.579236672386242e+01
0.570000 1.102014069030394e+02
0.580000 2.027777653270399e+02
0.590000 2.400179423589367e+02
0.600000 1.065222997054349e+02
0.610000 1.687499879389956e+01
0.620000 -1.481873946338051e+01
0.630000 8.915244421214294e+01
0.640000 2.856959190249966e+02
0.650000 -3.105622348298672e+01
0.660000 -1.136833746925906e+02
0.670000 -1.026808682204720e+02
0.680000 -3.913400405255636e+01
0.690000 4.746427611594626e+01
0.700000 3.632449441663000e+01
0.710000 1.891352169273474e+02
0.720000 3.363364084387023e+02
0.730000 1.599112275234186e+02
0.740000 1.560888045661926e+02
0.750000 2.077886481922632e+02
0.760000 2.636484374205421e+02
0.770000 1.674953236518885e+02
0.780000 -4.305848533548156e+01
0.790000 4.503994368345621e+01
0.800000 2.672506437171223e+01
0.810000 3.766519054536522e+01
0.820000 7.693980930208900e+01
0.830000 1.093202511638797e+02
0.840000 9.201310354381243e+01
0.850000 2.920002127985300e+01
0.860000 1.600225325159216e+02
0.870000 1.150998213482299e+02
0.880000 4.987169624127662e+01
0.890000 1.570126921719873e+02
0.900000 1.331164304209198e+02
0.910000 4.754315223485482e+01
0.920000 -7.818279421036333e+01
0.930000 -9.500530182336531e+01
0.940000 -5.229552658773007e+01
0.950000 2.172891520944654e+02
0.960000 -4.053399146984680e+01
0.970000 -3.703866671224862e+01
0.980000 -6.716653123622316e+01
0.990000 -2.035853354048708e+00
1.000000 1.377495215216865e+02
1.010000 5.438530188749276e+01
1.020000 1.700481866059132e+01
1.030000 -3.236832283221659e+01
1.040000 3.364373305269036e+01
1.050000 -1.368025677358540e+02
1.060000 1.285470633829982e+02
1.070000 1.115983918163502e+02
1.080000 -2.072624373388347e+01
1.090000 1.463383777471078e+02
1.100000 -1.397373699591150e+02
1.110000 -3.956208415910361e+01
1.120000 2.560399580302712e+01
1.130000 2.414862322265275e+01
1.140000 1.381535836891709e+02
1.150000 4.149215997614018e+01
1.160000 -2.613923767787414e+01
1.170000 2.307390884230335e+01
1.180000 9.901038949541059e+01
1.190000 -1.668063304105996e+02
1.200000 -6.241184570131360e+02
