0.530000 6.269522028454035e+07
0.540000 1.671327126816022e+03
0.550000 1.314867958936318e+02
0.560000 -1.999113692532952e+02
0.570000 2.466739468712107e+01
0.580000 1.454866127397808e+02
0.590000 -2.864635352127241e+02
0.600000 2.081499939833288e+02
0.610000 6.257972650941115e+01
0.620000 -3.659583504424407e+02
0.630000 1.617805762623036e+02
0.640000 -3.201025315660185e+02
0.650000 4.394509181318007e+01
0.660000 -1.770129575739879e+01
0.670000 3.412479918490970e+01
0.680000 4.127890470646120e+01
0.690000 5.215211105397506e+01
0.700000 1.088578133706040e+02
0.710000 -1.271154844696386e+02
0.720000 -6.220607930855688e+01
0.730000 1.126835860834998e+02
0.740000 -5.474636276672215e+01
0.750000 -1.220288247430506e+02
0.760000 4.880278151906776e+01
0.770000 1.162333713601167e+02
0.780000 7.918364113633777e+01
0.790000 7.213968616831569e+01
0.800000 -1.414349989065649e+02
0.810000 3.076764861304289e+01
0.820000 4.714348585921265e+01
0.830000 5.250486855096827e+01
0.840000 -1.657972021385326e+02
0.850000 3.293959958715460e+01
0.860000 1.680396914180809e+01
0.870000 -1.640070102587731e+02
0.880000 -1.026065155053199e+02
0.890000 -3.252313878645644e+01
0.900000 -3.894723717476538e+01
0.910000 -1.686998259391561e+02
0.920000 -1.019272610447982e+01
0.930000 8.106074036042365e+01
0.940000 5.382825102207450e+01
0.950000 -7.016847202433783e+00
0.960000 3.792939412510930e+01
0.970000 -9.403643397890036e+01
0.980000 1.527020520963431e+01
0.990000 -6.397668788996247e+00
1.000000 -7.558447079697228e+01
1.010000 -2.133639943314290e+01
1.020000 4.620417212166401e+01
1.030000 8.677762059286653e+00
1.040000 -3.167642407591701e+01
1.050000 1.281166834845874e+01
1.060000 1.977923833309124e+01
1.070000 -2.203798342928542e+01
1.080000 -5.135883112806824e+01
1.090000 1.396073130073743e+01
1.100000 7.816445899858570e+01
1.110000 2.901382694284157e+00
1.120000 -1.597154500957460e+00
1.130000 8.585061462052359e+01
1.140000 2.923986538556026e+01
1.150000 3.018349585917292e+01
1.160000 -2.160548073433725e+01
1.170000 3.992163646141454e+01
1.180000 -1.598128670318056e+01
1.190000 -3.844099688986010e+01
1.200000 2.654015531787211e+01
