0.460000 -1.026872821950512e+09
0.470000 1.653027153372996e+07
0.480000 3.980712205206335e+07
0.490000 -1.644868287085095e+06
0.500000 2.876721747048546e+07
0.510000 -9.648906581395995e+06
0.520000 -6.516268587512749e+03
0.530000 -3.505670592750356e+06
0.540000 6.136160511221825e+03
0.550000 7.229650718558997e+06
0.560000 9.016688651707879e+01
0.570000 -2.746456036003422e+03
0.580000 2.231074226702147e+02
0.590000 -1.290811179727029e+03
0.600000 -1.953793860741321e+01
0.610000 4.699363186428786e+00
0.620000 1.878415523945382e+02
0.630000 3.332651453961278e+02
0.640000 -3.340539267161702e+02
0.650000 2.306074354341362e+02
0.660000 5.293291567258100e+01
0.670000 -1.159458872839921e+02
0.680000 1.255603185840867e+02
0.690000 -2.341494450600877e+02
0.700000 2.956629212805755e+01
0.710000 1.187634233743201e+02
0.720000 -4.071652827082646e+00
0.730000 -1.763160326593623e+01
0.740000 -6.132036354494485e+01
0.750000 -8.763345660736694e+01
0.760000 1.111158880916542e+02
0.770000 7.809143945730408e+01
0.780000 -1.676381039659281e+02
0.790000 1.083601761643438e+01
0.800000 8.302021801087184e+01
0.810000 -4.346761275411450e+01
0.820000 -3.119138526375152e+01
0.830000 -1.920398796751457e+00
0.840000 1.516270386148100e+01
0.850000 -5.242622457867390e+01
0.860000 -3.938299140626314e+01
0.870000 5.050579731211794e+00
0.880000 5.162346499088281e+01
0.890000 7.214249704369924e+01
0.900000 -4.255218432337601e+00
0.910000 8.958768032227505e+01
0.920000 6.918915373601012e+00
0.930000 4.215468242410687e+01
0.940000 -1.170886628305993e+01
0.950000 -7.038311930239240e+01
0.960000 -2.965364584725600e+01
0.970000 -3.119868878113961e+01
0.980000 2.045278257145368e+01
0.990000 4.632410145022143e+01
1.000000 -4.345911199141317e+01
1.010000 1.008436695349504e+00
1.020000 -4.598989883743015e+01
1.030000 8.942681795841114e+00
1.040000 2.611052125061680e+01
1.050000 6.440443050821645e+01
1.060000 3.345180300404855e+01
1.070000 -2.055014984754964e+01
1.080000 1.332524068592600e+01
1.090000 -9.106203305828383e+01
1.100000 2.625533062161614e+01
1.110000 1.042915621705437e+01
1.120000 -3.882943217248530e+01
1.130000 1.454463061518231e+01
1.140000 5.483949826789984e+01
1.150000 4.850342163722873e+01
1.160000 3.188403723759111e+01
1.170000 3.934350798172421e+01
1.180000 1.162419553289691e+01
1.190000 -3.257326468414647e+01
1.200000 2.438744713192383e+01
