0.370000 2.816309852191902e+03
0.380000 4.585379681414729e+01
0.390000 3.704722670063570e+02
0.400000 3.297695883203916e+02
0.410000 2.668951694418029e+02
0.420000 1.538616803342200e+02
0.430000 8.977979057429452e+01
0.440000 1.072486718199557e+02
0.450000 4.245472202557395e+01
0.460000 3.885003795002844e+01
0.470000 5.923440834357939e+01
0.480000 8.238315343228776e+01
0.490000 -5.491238806097929e+00
0.500000 3.405307252643764e+01
0.510000 -7.151868619755221e+00
0.520000 2.671624992993726e+01
0.530000 -2.717865293387650e+01
0.540000 3.211926098623429e+01
0.550000 5.998203812155878e+01
0.560000 3.503663665300839e+01
0.570000 -3.732569790819392e+01
0.580000 -5.410796790172860e+00
0.590000 1.137127331489339e+01
0.600000 6.224900973278851e+00
0.610000 -1.872392422936537e+01
0.620000 2.383104751997757e+01
0.630000 -1.216956903861393e+01
0.640000 -6.399534917876225e-01
0.650000 -1.660327173634939e+00
0.660000 -3.241192811887093e+01
0.670000 -1.109392293678313e+01
0.680000 -1.165719657128742e+01
0.690000 1.238521944462602e+01
0.700000 -2.919032820403760e+01
0.710000 2.563251230399698e+00
0.720000 -8.968066601181151e+00
0.730000 1.825609093483165e+01
0.740000 -1.303017580402743e+01
0.750000 2.793526450045100e+01
0.760000 1.984216410863368e+01
0.770000 -2.985869417684759e+01
0.780000 -4.901585330178433e+00
0.790000 1.454401536456690e+01
0.800000 4.742576083890340e+01
0.810000 -1.152818212413461e+01
0.820000 -3.535683065035292e+01
0.830000 3.453163772458139e+01
0.840000 2.121294517721239e+01
0.850000 2.602067975420685e+01
0.860000 -2.601266647396972e+01
0.870000 -1.370180388422241e+01
0.880000 -3.168245167794617e+01
0.890000 2.543102252714604e+01
0.900000 2.377114251763960e+01
0.910000 -1.497762422340865e+01
0.920000 -7.452663241385262e+00
0.930000 1.375622133363636e+01
0.940000 -2.160148032593298e+01
0.950000 -1.850627427141160e+01
0.960000 -1.584656623467023e+01
0.970000 7.050794227216906e-02
0.980000 -1.608813032990369e+01
0.990000 -1.574742504494835e+01
1.000000 1.332870632752574e+01
1.010000 -1.733066683152490e+01
1.020000 6.189441546435174e+00
1.030000 1.252460314893921e+01
1.040000 -2.472736412987769e+01
1.050000 -8.609244969155485e+00
1.060000 8.110212186234049e+00
1.070000 -2.701742583890570e+01
1.080000 8.919780967194853e+00
1.090000 -1.048280037714934e+01
1.100000 1.389941141292231e+01
1.110000 -1.863882770962989e+01
1.120000 1.587844007452322e+01
1.130000 -2.170327558638987e+00
1.140000 5.788065268644953e-01
1.150000 -6.901323773112059e+00
1.160000 -2.003673992602313e+01
1.170000 -2.897641941786968e+01
1.180000 -9.560610683005466e+00
1.190000 -4.605888786575554e+00
1.200000 3.149891847425059e+01
