0.370000 -4.742644668435687e+05
0.380000 -7.266450099030224e+02
0.390000 2.978675582275020e+02
0.400000 3.490975936079971e+02
0.410000 1.190308781415746e+02
0.420000 3.023671362512744e+02
0.430000 2.170053206959869e+02
0.440000 9.645141616690677e+01
0.450000 5.114878580062170e+01
0.460000 1.005608184597393e+02
0.470000 3.954687121063343e+01
0.480000 1.299821649694304e+02
0.490000 1.040811299347923e+02
0.500000 3.746973031697060e+01
0.510000 1.159178340492169e+01
0.520000 8.500832218360615e+01
0.530000 -4.578804517893742e+01
0.540000 -3.366989166069292e+00
0.550000 2.779057170932820e+01
0.560000 7.919355171433443e+01
0.570000 -4.414473291895118e-01
0.580000 -7.275356869063224e+01
0.590000 3.756325280716266e+01
0.600000 -5.880457957447414e+00
0.610000 1.801603138399910e+01
0.620000 2.312091858777893e+01
0.630000 -4.104523741809444e+01
0.640000 -1.910498408337563e+01
0.650000 8.087951185133657e+01
0.660000 -4.886306845429008e+01
0.670000 -2.970852709564582e+01
0.680000 -6.201257866162996e+00
0.690000 -1.047076551869803e+01
0.700000 3.308603110759038e+01
0.710000 5.948883582683879e+01
0.720000 1.775778418923079e+01
0.730000 -2.403916748548435e+01
0.740000 4.514994177076504e+01
0.750000 6.962361831822384e+00
0.760000 -2.162029776966666e+01
0.770000 9.648225840816492e+00
0.780000 -6.584997683398979e+01
0.790000 -1.260666588342425e+01
0.800000 3.135497481740312e+01
0.810000 -8.419595473212713e+00
0.820000 -1.469442060149576e+01
0.830000 -1.007296521043540e+00
0.840000 7.222162077787078e+00
0.850000 8.450591301826877e+00
0.860000 2.114075699059182e+01
0.870000 -3.585584357886545e+01
0.880000 -4.293727124314420e+01
0.890000 -4.229693727447160e+01
0.900000 -6.163462730419100e+01
0.910000 -7.427055995859389e+01
0.920000 5.364408947448815e+01
0.930000 -2.493362830247459e+01
0.940000 -4.447667557979192e+00
0.950000 -5.896724550730345e+01
0.960000 -5.423003356987325e+01
0.970000 -3.856479664963965e+01
0.980000 -3.732555610989275e+01
0.990000 -6.116185072804029e+01
1.000000 -1.595626638814242e+01
1.010000 2.354452438634905e+01
1.020000 -1.144990142280204e+01
1.030000 1.986340257702611e+01
1.040000 -8.024880811516471e+01
1.050000 -4.381831234882392e+01
1.060000 2.618014546624986e+01
1.070000 4.239434720630805e+00
1.080000 -3.675721293265804e+01
1.090000 7.099874028011051e+01
1.100000 4.943049788479232e+01
1.110000 -4.440245446144721e+01
1.120000 8.524254713900158e+00
1.130000 -3.431973715772885e+01
1.140000 1.739959364710117e+01
1.150000 -3.482553362822816e+01
1.160000 -2.749086906560702e+01
1.170000 -4.105545727695390e+01
1.180000 2.676459325995313e+01
1.190000 -7.470210401356103e+01
1.200000 1.534874385412111e+01
