0.350000 -2.169337223510357e+07
0.360000 -5.331777894794751e+07
0.370000 -3.146400796224182e+03
0.380000 -5.271477242834666e+02
0.390000 1.138971217115807e+02
0.400000 1.032413379469985e+02
0.410000 1.145631450661971e+02
0.420000 1.990763864355267e+02
0.430000 1.470625000168792e+02
0.440000 1.672186885548933e+02
0.450000 1.229988000670454e+02
0.460000 8.647804151628898e+01
0.470000 6.665218090475863e+00
0.480000 3.364225602234145e+01
0.490000 2.095793567044845e+01
0.500000 6.162963132005693e+00
0.510000 1.749482617744301e+01
0.520000 1.414770404192952e+01
0.530000 4.252992126258535e+01
0.540000 7.235027928364989e+00
0.550000 8.240501160889330e+00
0.560000 -1.781899935747589e+01
0.570000 -3.765412917604451e+01
0.580000 -1.305140444564691e+01
0.590000 4.199428722276302e+01
0.600000 -1.314022938597734e+01
0.610000 4.992278178217500e+00
0.620000 -3.744112626839743e+01
0.630000 -2.797179053125508e+01
0.640000 -3.707105681201874e+01
0.650000 -3.059815755646442e+01
0.660000 8.884177469771247e-01
0.670000 3.578528074849903e+00
0.680000 -1.800873161917038e+01
0.690000 -2.173796982797740e+00
0.700000 -5.185652851934070e+01
0.710000 1.396517872627280e+01
0.720000 5.099912432812451e+00
0.730000 -7.538183559863563e+00
0.740000 -2.316065584693339e+01
0.750000 -1.040153998510235e+01
0.760000 -1.543272187784712e+01
0.770000 5.060909622251714e+00
0.780000 3.322385414458017e+00
0.790000 -2.265187257841161e+00
0.800000 -3.608120984814366e+00
0.810000 1.913906985638711e+01
0.820000 -8.496705158315661e+00
0.830000 -4.615274984202613e+01
0.840000 4.236137026431548e+00
0.850000 1.188274637513747e+01
0.860000 -1.928533581822724e+00
0.870000 -1.296010835090654e+01
0.880000 -1.182105841612718e+01
0.890000 4.129658149944578e+01
0.900000 -6.239500214505393e+00
0.910000 1.778085009552906e+01
0.920000 -1.020472299843275e+01
0.930000 1.481024858285126e+01
0.940000 2.451113842527322e+00
0.950000 -1.323898684843424e+01
0.960000 -4.085901564643933e+00
0.970000 -1.620171435016695e+01
0.980000 -1.558429667518575e+01
0.990000 -6.161402500143831e+00
1.000000 -1.832497341841011e+01
1.010000 7.398397016571167e+00
1.020000 2.110594048878664e+01
1.030000 -8.938972844153950e+00
1.040000 3.034629295532660e+01
1.050000 -4.706079756429892e+00
1.060000 -1.531547577116730e+01
1.070000 -3.269083042047190e+01
1.080000 1.304880771644747e+01
1.090000 7.812106384266452e+00
1.100000 1.219631717747176e+01
1.110000 -2.676107357873740e+01
1.120000 3.982592766992672e+00
1.130000 -3.388904879853132e+01
1.140000 -9.214293401244197e+00
1.150000 3.479101315588652e+01
1.160000 4.004641993323773e-01
1.170000 -8.841714871748223e+00
1.180000 4.384004828004598e+00
1.190000 -8.247657481190100e-01
1.200000 2.178375867687512e+01
