0.360000 1.839911787641657e+10
0.370000 2.216904477548679e+04
0.380000 4.965920120013349e+02
0.390000 3.619935888159168e+02
0.400000 1.960476714717033e+02
0.410000 1.706796328121985e+02
0.420000 1.377945381751910e+02
0.430000 1.250444424774617e+02
0.440000 6.978843789460031e+01
0.450000 7.189630941986279e+01
0.460000 4.806852026566277e+01
0.470000 6.734199081689880e+01
0.480000 2.518071503307221e+01
0.490000 2.946193470572583e+01
0.500000 3.978092249964930e+00
0.510000 2.596239664717584e+01
0.520000 2.587385908348542e+01
0.530000 1.034059449244962e-02
0.540000 1.281697502653724e+00
0.550000 7.346656078967049e+00
0.560000 -2.787895193378595e+00
0.570000 -3.708127090134983e+00
0.580000 7.539289430339942e+00
0.590000 2.014709713484073e+00
0.600000 -1.750940270102172e+01
0.610000 -2.713024909121048e+01
0.620000 -1.695568560324208e+01
0.630000 2.324832230148571e+01
0.640000 -2.485367923691660e+01
0.650000 -3.364793671577988e+01
0.660000 8.070470092518281e+00
0.670000 -1.924590035497127e+01
0.680000 -2.406415338185381e+01
0.690000 -1.182821023490415e+01
0.700000 -5.114037294175387e+00
0.710000 -7.458357523332436e+00
0.720000 -2.436107919091544e+01
0.730000 -8.295889014983310e+00
0.740000 -2.499936692680477e+01
0.750000 -1.516099854010937e+01
0.760000 8.418020775259267e-01
0.770000 1.729126634545054e+01
0.780000 -2.709629662169434e+01
0.790000 -2.390595420105260e+01
0.800000 -1.607223725911858e+01
0.810000 2.072336399163937e+01
0.820000 -1.089031720437610e+01
0.830000 2.473293857419248e+00
0.840000 1.172047908973239e+00
0.850000 1.349178244507988e+01
0.860000 -6.782340742259160e+00
0.870000 -8.498365893071758e+00
0.880000 -4.119780862790097e+00
0.890000 3.114967105387963e+00
0.900000 2.565139392223475e+01
0.910000 -2.933104724563029e+01
0.920000 -6.826926663627317e-01
0.930000 1.673810572835457e+01
0.940000 4.667569252775473e+00
0.950000 -8.143017587827362e+00
0.960000 -1.157688820033087e+01
0.970000 -6.548247567480875e+00
0.980000 8.636497888220550e-01
0.990000 -7.395381544224952e+00
1.000000 8.587742092219520e+00
1.010000 -1.066343433065788e+01
1.020000 2.246337400339262e+00
1.030000 -1.501880654711348e+00
1.040000 -7.058611580996416e+00
1.050000 4.607206749494851e+00
1.060000 4.588983552779711e+00
1.070000 -5.458104614270687e+00
1.080000 -5.044878794017421e+00
1.090000 -1.412787167806281e+01
1.100000 2.310786397040391e+00
1.110000 -3.460380675144660e+00
1.120000 -5.998660929926316e+00
1.130000 1.355967636031253e+01
1.140000 4.265105773357950e+00
1.150000 -1.702147142462707e+00
1.160000 -1.878806240237101e+01
1.170000 1.231284170486507e+00
1.180000 -7.965851943480377e+00
1.190000 5.256486213653007e-01
1.200000 -2.039816283539797e+01
