0.385924 -6.152705967579634e+02
0.405924 1.372241442008360e+02
0.425924 7.162025931360748e+01
0.445924 -1.057736352174232e+02
0.465924 1.190257408061589e+02
0.485924 1.918629118800196e+02
0.505924 1.134293177526515e+02
0.525924 3.989792013582774e+01
0.545924 8.714136624704139e+01
0.565924 7.063735112781384e+01
0.585924 9.778089259234173e+01
0.605924 1.226116233482221e+02
0.625924 1.337643386601625e+02
0.645924 1.053805204902118e+02
0.665924 1.147508468978051e+02
0.685924 1.639770689015806e+02
0.705924 1.332293973801297e+02
0.725924 3.583350725783707e+02
0.745924 3.875890009046523e+02
0.765924 1.249283278228238e+02
