0.408980 1.912619483025791e+07
0.428980 -1.008947630173196e+06
0.448980 -1.858930707721087e+02
0.468980 3.551948405298382e+00
0.488980 9.849265051600683e+01
0.508980 -2.278800316971045e+01
0.528980 1.109627143170178e+02
0.548980 -4.218742679398888e+01
0.568980 8.697071204886002e+01
0.588980 9.586685619060000e+01
0.608980 1.232722213200537e+02
0.628980 1.112973373800082e+02
0.648980 8.131963784768331e+01
0.668980 9.997320750422199e+01
0.688980 8.637042476604977e+01
0.708980 3.659110684645584e+01
0.728980 1.516112753699332e+01
0.748980 1.198830701294827e+01
0.768980 1.958893858097807e+01
0.788980 9.872872187638774e+02
