0.360000 -1.035506232879892e+06
0.370000 6.023072871745148e+02
0.380000 5.526278624998515e+02
0.390000 4.659475976315683e+02
0.400000 2.175324215575860e+02
0.410000 1.984333602308639e+02
0.420000 1.834898487839837e+02
0.430000 1.364509686875243e+02
0.440000 1.135102201843700e+02
0.450000 1.172378630104938e+02
0.460000 9.686309440273280e+01
0.470000 6.283437227690319e+01
0.480000 4.687172735804798e+01
0.490000 6.832245986604973e+01
0.500000 6.280686883871042e+01
0.510000 2.293609492042370e+01
0.520000 2.259344186683505e+01
0.530000 3.352058837336183e+01
0.540000 4.083451764716941e+00
0.550000 2.711431536655400e+01
0.560000 1.957904828683644e+01
0.570000 3.557578158924078e+01
0.580000 6.040226678288559e+00
0.590000 1.367396062738394e+01
0.600000 -1.498884183065046e+01
0.610000 2.490020285449351e+01
0.620000 -1.062445846169589e+01
0.630000 -1.536903068394818e+01
0.640000 -6.201775176532913e+00
0.650000 -1.490028738317048e+01
0.660000 7.661978801721728e+00
0.670000 9.065220015177248e+00
0.680000 -8.765680562043636e+00
0.690000 1.651726898226078e+01
0.700000 1.864960428352713e+01
0.710000 -6.612113852899578e+00
0.720000 -3.151938427618491e+01
0.730000 5.053098055154950e+00
0.740000 -5.784767555058825e+00
0.750000 1.502016577604738e+01
0.760000 -5.979388674157783e-01
0.770000 2.933600028313963e+01
0.780000 -4.766655459080712e+01
0.790000 3.426947289882084e+00
0.800000 2.338975500233504e+01
0.810000 2.813646128506899e-01
0.820000 -1.529055878139219e+01
0.830000 2.331130449589292e+01
0.840000 -2.139178909776343e+01
0.850000 -2.096423142920978e+00
0.860000 6.129023358388118e+00
0.870000 9.320735157784265e+00
0.880000 -7.994672341472114e+00
0.890000 1.171377980597102e+01
0.900000 -8.115089972522309e+00
0.910000 -9.795127136877039e+00
0.920000 -2.395453306210234e+01
0.930000 -1.176341617702839e+01
0.940000 1.302239542613049e+01
0.950000 -4.284279074114332e+00
0.960000 1.020118761737123e+01
0.970000 5.803434942516579e+00
0.980000 8.639338554743100e+00
0.990000 5.923748311735887e+00
1.000000 -3.361380529689707e+00
1.010000 -8.360264747047031e+00
1.020000 6.687836693707277e+00
1.030000 1.327862237642212e+00
1.040000 -8.039962027159975e+00
1.050000 8.450091231141345e-01
1.060000 5.695915453714687e+00
1.070000 8.999722826144346e+00
1.080000 8.765228286702959e+00
1.090000 1.382065244963900e+01
1.100000 -1.451721947052010e+01
1.110000 -1.191355553705473e+01
1.120000 -1.417076331521843e+01
1.130000 4.222517082325346e+00
1.140000 -3.060371596745190e+00
1.150000 -2.120690433375301e+00
1.160000 1.468562543824059e+00
1.170000 -4.964950933520375e-01
1.180000 -6.724851157518321e-01
1.190000 -8.588467242082721e+00
1.200000 2.425011290694900e+01
