3.200000 3.373904570504469e+00
3.210000 3.901082589358792e+00
3.220000 4.403920980580673e+00
3.230000 4.860059713767082e+00
3.240000 5.254902909234034e+00
3.250000 5.580502894136926e+00
3.260000 5.834444258590866e+00
3.270000 6.018727911791014e+00
3.280000 6.138655138132902e+00
3.290000 6.201711653332786e+00
3.300000 6.216451660547969e+00
3.310000 6.191391993559554e+00
3.320000 6.134168444632616e+00
3.330000 6.051357512871640e+00
3.340000 5.948560238600316e+00
3.350000 5.830496114938414e+00
3.360000 5.701096999378672e+00
3.370000 5.563601025363691e+00
3.380000 5.420646513862807e+00
3.390000 5.274365884948994e+00
3.400000 5.126479569375745e+00
3.410000 4.978389290372726e+00
3.420000 4.831254975950166e+00
3.430000 4.686030125525781e+00
3.440000 4.543480813084480e+00
3.450000 4.404204061159239e+00
3.460000 4.268646214811998e+00
3.470000 4.137121315614528e+00
3.480000 4.009829475629325e+00
3.490000 3.886875251390489e+00
3.500000 3.768286017884602e+00
3.510000 3.654030230861121e+00
3.520000 3.544032786545380e+00
3.530000 3.438183014545189e+00
3.540000 3.336339769204251e+00
3.550000 3.238336409389460e+00
3.560000 3.143985778278228e+00
3.570000 3.053085183145806e+00
3.580000 2.965421375152592e+00
3.590000 2.880775529131460e+00
3.600000 2.798928223375070e+00
3.610000 2.719664407005109e+00
3.620000 2.642778044562291e+00
3.630000 2.568075941377642e+00
3.640000 2.495381246278007e+00
3.650000 2.424536941884808e+00
3.660000 2.355409334912809e+00
3.670000 2.287891546468882e+00
3.680000 2.221907002350762e+00
3.690000 2.157412923345822e+00
3.700000 2.094403815529829e+00
3.710000 2.032914840094054e+00
3.720000 1.973022051769387e+00
3.730000 1.914834689668522e+00
3.740000 1.858484337799842e+00
3.750000 1.804113965217120e+00
3.760000 1.751866966169219e+00
3.770000 1.701876200249798e+00
3.780000 1.654253032547007e+00
3.790000 1.609076373793195e+00
3.800000 1.566381720514605e+00
3.810000 1.526150371413376e+00
3.820000 1.488303224561404e+00
3.830000 1.452706200861503e+00
3.840000 1.419180246786180e+00
3.850000 1.387511513195272e+00
3.860000 1.357461534153591e+00
3.870000 1.328777405748560e+00
3.880000 1.301201964907857e+00
3.890000 1.274483968217053e+00
3.900000 1.248388270737258e+00
3.910000 1.222705902789383e+00
3.920000 1.197261494564111e+00
3.930000 1.171913969389065e+00
3.940000 1.146554585688037e+00
3.950000 1.121104876993489e+00
3.960000 1.095514591959049e+00
3.970000 1.069759634372005e+00
3.980000 1.043840003165808e+00
3.990000 1.017777732432566e+00
4.000000 9.916148314355403e-01
4.010000 9.654112101903169e-01
4.020000 9.392422299269457e-01
4.030000 9.131953014784778e-01
4.040000 8.873661086699131e-01
4.050000 8.618548172877620e-01
4.060000 8.367622840496048e-01
4.070000 8.121862655736535e-01
4.080000 7.882176273483137e-01
4.090000 7.649365527017434e-01
4.100000 7.424087517714169e-01
4.110000 7.206817246474508e-01
4.120000 6.997824326844513e-01
4.130000 6.797185438406529e-01
4.140000 6.604810857488669e-01
4.150000 6.420471529175243e-01
4.160000 6.243826139317208e-01
4.170000 6.074448186542607e-01
4.180000 5.911853054267013e-01
4.190000 5.755525082703973e-01
4.200000 5.604944640875446e-01
4.210000 5.459614848020572e-01
4.220000 5.319079181562117e-01
4.230000 5.182915954441940e-01
4.240000 5.050723681765091e-01
4.250000 4.922106097117336e-01
4.260000 4.796657168882675e-01
4.270000 4.673946116560864e-01
4.280000 4.553502427084931e-01
4.290000 4.434800871138698e-01
4.300000 4.317246519474306e-01
4.310000 4.200160256274732e-01
4.320000 4.082777212651110e-01
4.330000 3.964277992590565e-01
4.340000 3.843832815245633e-01
4.350000 3.720646153889385e-01
4.360000 3.594001374870532e-01
4.370000 3.463305376568540e-01
4.380000 3.328133228348746e-01
4.390000 3.188272809517465e-01
4.400000 3.043769448277107e-01
4.410000 2.894969695427750e-01
4.420000 2.742542606611528e-01
4.430000 2.587443939003539e-01
4.440000 2.430857862962816e-01
4.450000 2.274137809071484e-01
4.460000 2.118747315173899e-01
4.470000 1.966200873415815e-01
4.480000 1.818004777283525e-01
4.490000 1.675597968643024e-01
4.500000 1.540292884779149e-01
4.510000 1.413216832591581e-01
4.520000 1.295267065830762e-01
4.530000 1.187100642154836e-01
4.540000 1.089137979430086e-01
4.550000 1.001566938808577e-01
4.560000 9.243469078057905e-02
4.570000 8.572128833782622e-02
4.580000 7.996795550012187e-02
4.590000 7.510453877462166e-02
4.600000 7.103967053587766e-02
4.610000 6.766122794724018e-02
4.620000 6.483810755387742e-02
4.630000 6.242533920873432e-02
4.640000 6.027051531648209e-02
4.650000 5.822027065574264e-02
4.660000 5.612676220131326e-02
4.670000 5.385414894639103e-02
4.680000 5.128507172479742e-02
4.690000 4.832713303320278e-02
4.700000 4.491937685335080e-02
4.710000 4.103865404878870e-02
4.720000 3.670301331876777e-02
4.730000 3.196754262698084e-02
4.740000 2.691723696234829e-02
4.750000 2.165975175179728e-02
4.760000 1.631815627304112e-02
4.770000 1.102368706735848e-02
4.780000 5.908501352372687e-03
4.790000 1.098430434831030e-03
4.800000 -3.294266876615951e-03
4.810000 -7.178057911685362e-03
4.820000 -1.048687364569438e-02
4.830000 -1.317871371958241e-02
4.840000 -1.523183593634701e-02
4.850000 -1.664085287147505e-02
4.860000 -1.741282848337398e-02
4.870000 -1.756337472380302e-02
4.880000 -1.711274814830440e-02
4.890000 -1.608194652663457e-02
4.900000 -1.448880545319545e-02
4.910000 -1.234415838836076e-02
4.920000 -9.649645581189237e-03
4.930000 -6.399708103500595e-03
4.940000 -2.585230363054898e-03
4.950000 1.802753992601271e-03
4.960000 6.769356172288616e-03
4.970000 1.231212633734895e-02
4.980000 1.841734769779902e-02
4.990000 2.505633060848432e-02
5.000000 3.218170666523290e-02
5.010000 3.972380028620572e-02
5.020000 4.758901452847569e-02
5.030000 5.566332936064722e-02
5.040000 6.381781369594093e-02
5.050000 7.191421486299819e-02
5.060000 7.981054807668592e-02
5.070000 8.736668590890134e-02
5.080000 9.444994775937671e-02
5.090000 1.009406893264840e-01
5.100000 1.067378920780395e-01
5.110000 1.117646929358412e-01
5.120000 1.159723598000799e-01
5.130000 1.193403223467011e-01
5.140000 1.218746490181119e-01
5.150000 1.236064642629671e-01
5.160000 1.245903657759546e-01
5.170000 1.249028417375813e-01
5.180000 1.246406880539595e-01
5.190000 1.239194255965924e-01
5.200000 1.228717174421600e-01
5.210000 1.216457437100810e-01
5.220000 1.204024741355382e-01
5.230000 1.193101428930101e-01
5.240000 1.185376213968436e-01
5.250000 1.182477487237614e-01
5.260000 1.185906620353684e-01
5.270000 1.196971270006591e-01
5.280000 1.216718682185245e-01
5.290000 1.245868996402585e-01
5.300000 1.284748549920655e-01
5.310000 1.333224554194890e-01
5.320000 1.390675442998715e-01
5.330000 1.456051762187743e-01
5.340000 1.527972723621274e-01
5.350000 1.604824130550709e-01
5.360000 1.684856303007971e-01
5.370000 1.766282003193918e-01
5.380000 1.847374360866763e-01
5.390000 1.926564798730487e-01
5.400000 2.002540957823263e-01
5.410000 2.074343311786044e-01
5.420000 2.141427697541627e-01
5.430000 2.203641334858593e-01
5.440000 2.261164769231952e-01
5.450000 2.314452504334581e-01
5.460000 2.364173634468662e-01
5.470000 2.411152477017126e-01
5.480000 2.456309204895091e-01
5.490000 2.500600479001304e-01
5.500000 2.544960080669583e-01
5.510000 2.590239979653364e-01
5.520000 2.637162724210493e-01
5.530000 2.686302569110896e-01
5.540000 2.738077923543949e-01
5.550000 2.792744234338922e-01
5.560000 2.850386869185411e-01
5.570000 2.910913999853779e-01
5.580000 2.974049485415595e-01
5.590000 3.039325755464063e-01
5.600000 3.106076693334467e-01
5.610000 3.173430810000005e-01
5.620000 3.240311974402919e-01
5.630000 3.305459323721183e-01
5.640000 3.367454728664326e-01
5.650000 3.424750549304058e-01
5.660000 3.475697390904861e-01
5.670000 3.518571859754613e-01
5.680000 3.551604318995200e-01
5.690000 3.573006644453123e-01
5.700000 3.580999980470115e-01
5.710000 3.573842719303511e-01
5.720000 3.549864292513700e-01
5.730000 3.507513714545424e-01
5.740000 3.445413937262669e-01
5.750000 3.362416427949981e-01
5.760000 3.257655747313783e-01
5.770000 3.130604127483687e-01
5.780000 2.981126050013813e-01
5.790000 2.809532823884097e-01
5.800000 2.616637163501610e-01
5.810000 2.403806438132333e-01
5.820000 2.172981383210162e-01
5.830000 1.926607145382365e-01
5.840000 1.667529795288114e-01
5.850000 1.398891512353064e-01
5.860000 1.124025769583925e-01
5.870000 8.463525183630397e-02
5.880000 5.692733732429608e-02
5.890000 2.960667967410258e-02
5.900000 2.978328413393175e-03
5.910000 -2.268583960330501e-02
5.920000 -4.715475163978165e-02
5.930000 -7.023880426752754e-02
5.940000 -9.178778449383966e-02
5.950000 -1.116886853627261e-01
5.960000 -1.298635215558104e-01
5.970000 -1.462671449932360e-01
5.980000 -1.608850604345712e-01
5.990000 -1.737312410797133e-01
6.000000 -1.848459441697935e-01
6.010000 -1.942935236089065e-01
6.020000 -2.021601651367882e-01
6.030000 -2.085514249150913e-01
6.040000 -2.135896906764584e-01
6.050000 -2.174116398956061e-01
6.060000 -2.201656979604077e-01
6.070000 -2.220094963429785e-01
6.080000 -2.231073307707582e-01
6.090000 -2.236276193975952e-01
6.100000 -2.237403609748302e-01
6.110000 -2.236145854350418e-01
6.120000 -2.234156072278337e-01
6.130000 -2.233017779855056e-01
6.140000 -2.234210419693153e-01
6.150000 -2.239074839312570e-01
6.160000 -2.248778769758398e-01
6.170000 -2.264282304218666e-01
6.180000 -2.286303376642124e-01
6.190000 -2.315283240356029e-01
6.200000 -2.351351946683932e-01
6.210000 -2.394294734991225e-01
6.220000 -2.443542117265532e-01
6.230000 -2.498220106258233e-01
6.240000 -2.557224134927292e-01
6.250000 -2.619293886984503e-01
6.260000 -2.683088127442740e-01
6.270000 -2.747259533163205e-01
6.280000 -2.810529523402671e-01
6.290000 -2.871763090360727e-01
6.300000 -2.930043629727031e-01
6.310000 -2.984746623390528e-01
6.320000 -3.035583481420748e-01
6.330000 -3.082569639364552e-01
6.340000 -3.125962818640440e-01
6.350000 -3.166200139477391e-01
6.360000 -3.203835233853682e-01
6.370000 -3.239475358435737e-01
6.380000 -3.273718507516950e-01
6.390000 -3.307090525956525e-01
6.400000 -3.339982222118306e-01
6.410000 -3.372587314612334e-01
6.420000 -3.404862055827430e-01
6.430000 -3.436539877864391e-01
6.440000 -3.467167712660608e-01
6.450000 -3.496143145657409e-01
6.460000 -3.522751569467442e-01
6.470000 -3.546203337542029e-01
6.480000 -3.565670917838534e-01
6.490000 -3.580326046487722e-01
6.500000 -3.589376881461127e-01
6.510000 -3.592104840703422e-01
6.520000 -3.587893237087826e-01
6.530000 -3.576235091084846e-01
6.540000 -3.556732741169969e-01
6.550000 -3.529097138787995e-01
6.560000 -3.493147143317328e-01
6.570000 -3.448808817034295e-01
6.580000 -3.396114720077450e-01
6.590000 -3.335203205411891e-01
6.600000 -3.266317713793560e-01
6.610000 -3.189806024210888e-01
6.620000 -3.106118346832650e-01
6.630000 -3.015802477854297e-01
6.640000 -2.919497796970176e-01
6.650000 -2.817929220335048e-01
6.660000 -2.711901153525602e-01
6.670000 -2.602291444501968e-01
6.680000 -2.490045336569240e-01
6.690000 -2.376169421338984e-01
6.700000 -2.261725591690754e-01
6.710000 -2.147824840378627e-01
6.720000 -2.035617045713350e-01
6.730000 -1.926270571074822e-01
6.740000 -1.820947851881877e-01
6.750000 -1.720780828245272e-01
6.760000 -1.626846377620652e-01
6.770000 -1.540141747461528e-01
6.780000 -1.461559987872249e-01
6.790000 -1.391865384260981e-01
6.800000 -1.331668889992678e-01
6.810000 -1.281403699776476e-01
6.820000 -1.241304481893753e-01
6.830000 -1.211395897849188e-01
6.840000 -1.191484780544735e-01
6.850000 -1.181152453156237e-01
6.860000 -1.179747048010046e-01
6.870000 -1.186375825459642e-01
6.880000 -1.199897492762245e-01
6.890000 -1.218914522955436e-01
6.900000 -1.241765473733774e-01
6.910000 -1.266518241376343e-01
6.920000 -1.290987624470349e-01
6.930000 -1.312814594692558e-01
6.940000 -1.329569875476656e-01
6.950000 -1.338858455540522e-01
6.960000 -1.338424102413518e-01
6.970000 -1.326253875963759e-01
6.980000 -1.300682641925402e-01
6.990000 -1.260497585425916e-01
7.000000 -1.205042724513369e-01
7.010000 -1.134321745588813e-01
7.020000 -1.049057210825345e-01
7.030000 -9.506390214464065e-02
7.040000 -8.410292560579638e-02
7.050000 -7.226653311925119e-02
7.060000 -5.983631618530790e-02
7.070000 -4.712203220572350e-02
7.080000 -3.445192053810951e-02
7.090000 -2.216301855033264e-02
7.100000 -1.059147767491540e-02
7.110000 -6.289538165384258e-05
7.120000 9.116938996653948e-03
7.130000 1.667024792086080e-02
7.140000 2.235505547468515e-02
7.150000 2.597296127827585e-02
7.160000 2.737691440177686e-02
7.170000 2.647898727889207e-02
7.180000 2.325814962044996e-02
7.190000 1.776804232796846e-02
7.200000 1.014475140721955e-02
7.210000 6.143436435680809e-04
7.220000 -1.050579165015758e-02
7.230000 -2.282132350978839e-02
7.240000 -3.588155379040787e-02
7.250000 -4.920022984187136e-02
7.260000 -6.227635718432586e-02
7.270000 -7.461501218372907e-02
7.280000 -8.574815472736916e-02
7.290000 -9.525544089938409e-02
7.300000 -1.027850356562811e-01
7.310000 -1.080741635274192e-01
7.320000 -1.109628482124116e-01
7.330000 -1.113903628485941e-01
7.340000 -1.093848694852579e-01
7.350000 -1.050527966138299e-01
7.360000 -9.856821669805281e-02
7.370000 -9.016222370416521e-02
7.380000 -8.011231063108211e-02
7.390000 -6.873174704057496e-02
7.400000 -5.635895658745170e-02
7.410000 -4.334691476185711e-02
7.420000 -3.005307213103817e-02
7.430000 -1.683061151646702e-02
7.440000 -4.020230650870266e-03
7.450000 8.058054954577841e-03
7.460000 1.911310914306219e-02
7.470000 2.889087224493361e-02
7.480000 3.718255821051562e-02
7.490000 4.383285174291129e-02
7.500000 4.874810543081004e-02
7.510000 5.190435333529257e-02
7.520000 5.335055249111092e-02
7.530000 5.319971082774610e-02
7.540000 5.161524314308864e-02
7.550000 4.879714354493182e-02
7.560000 4.496815789246475e-02
7.570000 4.035995623776579e-02
7.580000 3.519930526729576e-02
7.590000 2.969424074339129e-02
7.600000 2.402023994575788e-02
7.610000 1.830660268411843e-02
7.620000 1.262825507118710e-02
7.630000 7.011318621840196e-03
7.640000 1.444102000480836e-03
7.650000 -4.111698671654463e-03
7.660000 -9.709799509189194e-03
7.670000 -1.540812855530031e-02
7.680000 -2.125762547441164e-02
7.690000 -2.729104124488727e-02
7.700000 -3.351173785172500e-02
7.710000 -3.988266707396788e-02
7.720000 -4.632000568856976e-02
7.730000 -5.269861073501059e-02
7.740000 -5.886213113859460e-02
7.750000 -6.463329842268932e-02
7.760000 -6.982421742096447e-02
7.770000 -7.424665698963108e-02
7.780000 -7.772234071968058e-02
7.790000 -8.009323764912364e-02
7.800000 -8.123185297522938e-02
7.810000 -8.105138468789577e-02
7.820000 -7.951239416397426e-02
7.830000 -7.662062760385180e-02
7.840000 -7.242135144340393e-02
7.850000 -6.699355368852121e-02
7.860000 -6.044414524963510e-02
7.870000 -5.290216127624443e-02
7.880000 -4.451296249144147e-02
7.890000 -3.543243652643824e-02
7.900000 -2.582119925509268e-02
7.910000 -1.583884039258157e-02
7.920000 -5.639319965696520e-03
7.930000 4.630713767468798e-03
7.940000 1.483245552144847e-02
7.950000 2.483542992271178e-02
7.960000 3.451797844897046e-02
7.970000 4.376774636848604e-02
7.980000 5.248216967937705e-02
7.990000 6.056896204892650e-02
8.000000 6.794660175288900e-02
8.010000 7.454481020841626e-02
8.020000 8.030481193888302e-02
8.030000 8.517903970855668e-02
8.040000 8.913062108645617e-02
8.050000 9.213285660355723e-02
8.060000 9.416869790999795e-02
8.070000 9.523022593228433e-02
8.080000 9.531812903049559e-02
8.090000 9.444118115548970e-02
8.100000 9.261572000610903e-02
8.110000 8.986512554870670e-02
8.120000 8.621930795718116e-02
8.130000 8.171421946685362e-02
8.140000 7.639137564904809e-02
8.150000 7.029737704801181e-02
8.160000 6.348343081783624e-02
8.170000 5.600487235937743e-02
8.180000 4.792068695717686e-02
8.190000 3.929303141638193e-02
8.200000 3.018675569966672e-02
8.210000 2.066893433162083e-02
8.220000 1.080865176319339e-02
8.230000 6.774324133007461e-04
8.240000 -9.650075322158494e-03
8.250000 -2.009540529308500e-02
8.260000 -3.057557981796033e-02
8.270000 -4.100241590662844e-02
8.280000 -5.128183148307720e-02
8.290000 -6.131315160822011e-02
8.300000 -7.098841470267769e-02
8.310000 -8.019172467559244e-02
8.320000 -8.879979664584957e-02
8.330000 -9.668553260810181e-02
8.340000 -1.037227907356270e-01
8.350000 -1.097912005936626e-01
8.360000 -1.147809783527390e-01
8.370000 -1.185977420020143e-01
8.380000 -1.211673265626076e-01
8.390000 -1.224405993009334e-01
8.400000 -1.223982749420356e-01
8.410000 -1.210556468362367e-01
8.420000 -1.184651328324514e-01
8.430000 -1.147132737422395e-01
8.440000 -1.099155464111064e-01
8.450000 -1.042110927331778e-01
8.460000 -9.775744866587434e-02
8.470000 -9.072527324458611e-02
8.480000 -8.329307759734726e-02
8.490000 -7.564195395951061e-02
8.500000 -6.795030468842220e-02
8.510000 -6.038859414193384e-02
8.520000 -5.311469504227182e-02
8.530000 -4.627074395868422e-02
8.540000 -3.998059130740706e-02
8.550000 -3.434727421866446e-02
8.560000 -2.945048940366891e-02
8.570000 -2.534406602162146e-02
8.580000 -2.205343854671197e-02
8.590000 -1.957311963511929e-02
8.600000 -1.786417299201156e-02
8.610000 -1.685178889618645e-02
8.620000 -1.642552895581895e-02
8.630000 -1.644634681488213e-02
8.640000 -1.675627825626583e-02
8.650000 -1.718823397909425e-02
8.660000 -1.757579237604370e-02
8.670000 -1.776299231066032e-02
8.680000 -1.761412589467773e-02
8.690000 -1.702353126533477e-02
8.700000 -1.592538536269321e-02
8.710000 -1.430332710133252e-02
8.720000 -1.219567054781600e-02
8.730000 -9.689423103890413e-03
8.740000 -6.909893385396363e-03
8.750000 -4.010129464549936e-03
8.760000 -1.160357112224269e-03
8.770000 1.462581959768863e-03
8.780000 3.685791856397494e-03
8.790000 5.350884257127820e-03
8.800000 6.324540173642697e-03
8.810000 6.508946914867026e-03
8.820000 5.848990238005143e-03
8.830000 4.331209340448454e-03
8.840000 1.979506782716044e-03
8.850000 -1.149266406795670e-03
8.860000 -4.969725627063263e-03
8.870000 -9.372367599686585e-03
8.880000 -1.422798526413912e-02
8.890000 -1.939208267301831e-02
8.900000 -2.470928988729578e-02
8.910000 -3.001778185813583e-02
8.920000 -3.515380096668308e-02
8.930000 -3.995644270704615e-02
8.940000 -4.427254503625343e-02
8.950000 -4.796158171167741e-02
8.960000 -5.090055562845895e-02
8.970000 -5.298889215693144e-02
8.980000 -5.415333248004511e-02
8.990000 -5.435282693079131e-02
9.000000 -5.358342832962661e-02
9.010000 -5.188307876259288e-02
9.020000 -4.933362560668710e-02
9.030000 -4.605580377142333e-02
9.040000 -4.220144692407800e-02
9.050000 -3.794559212927445e-02
9.060000 -3.347858448856717e-02
9.070000 -2.899818178002639e-02
9.080000 -2.470165909782234e-02
9.090000 -2.077791349180974e-02
9.100000 -1.739956860711217e-02
9.110000 -1.471514581213763e-02
9.120000 -1.284296416879677e-02
9.130000 -1.186942922903680e-02
9.140000 -1.184905085233450e-02
9.150000 -1.280452752949613e-02
9.160000 -1.472683070645719e-02
9.170000 -1.757528910808234e-02
9.180000 -2.127767306196512e-02
9.190000 -2.573027882222794e-02
9.200000 -3.079801289332177e-02
9.210000 -3.631455738162730e-02
9.220000 -4.208464225809404e-02
9.230000 -4.789166623212619e-02
9.240000 -5.350742477178286e-02
9.250000 -5.870191917530718e-02
9.260000 -6.325316564265535e-02
9.270000 -6.695700434702567e-02
9.280000 -6.963690850638772e-02
9.290000 -7.115379345501133e-02
9.300000 -7.141582571499570e-02
9.310000 -7.038806784301552e-02
9.320000 -6.809785302300450e-02
9.330000 -6.462931913308623e-02
9.340000 -6.011367204626383e-02
9.350000 -5.471928465510839e-02
9.360000 -4.864179589644781e-02
9.370000 -4.209420977605525e-02
9.380000 -3.529699439333787e-02
9.390000 -2.846818096602538e-02
9.400000 -2.181346285485875e-02
9.410000 -1.551638255700549e-02
9.420000 -9.730806120968050e-03
9.430000 -4.579204465201463e-03
9.440000 -1.532224115020542e-04
9.450000 3.485664283549200e-03
9.460000 6.305491897143426e-03
9.470000 8.303151708800574e-03
9.480000 9.503732968926091e-03
9.490000 9.959865867367688e-03
9.500000 9.751064501972028e-03
9.510000 8.983011460852187e-03
9.520000 7.785324195381251e-03
9.530000 6.305467214342532e-03
9.540000 4.701145861591871e-03
9.550000 3.132641686709312e-03
9.560000 1.755147815650786e-03
9.570000 7.111043213997776e-04
9.580000 1.225335946189860e-04
9.590000 8.337571430200335e-05
9.600000 6.518238184249839e-04
9.610000 1.842794842374493e-03
9.620000 3.623920227144781e-03
9.630000 5.920472582120205e-03
9.640000 8.623812827171820e-03
9.650000 1.159997275348461e-02
9.660000 1.469823758438468e-02
9.670000 1.775972853616650e-02
9.680000 2.062598537892013e-02
9.690000 2.314754899735837e-02
9.700000 2.519254395164411e-02
9.710000 2.665516908647583e-02
9.720000 2.746179710220466e-02
9.730000 2.757100410363262e-02
9.740000 2.697120774493974e-02
9.750000 2.567821338627953e-02
9.760000 2.373276025037415e-02
9.770000 2.119806757910988e-02
9.780000 1.815738079013239e-02
9.790000 1.471151763344212e-02
9.800000 1.097641434798958e-02
9.810000 7.080653701945528e-03
9.820000 3.162521947733792e-03
9.830000 -6.341301511345812e-04
9.840000 -4.164497454452106e-03
9.850000 -7.287448703629634e-03
9.860000 -9.870154780011129e-03
9.870000 -1.179271696318838e-02
9.880000 -1.295279518931581e-02
9.890000 -1.327023630942520e-02
9.900000 -1.269170234774046e-02
9.910000 -1.119522867352937e-02
9.920000 -8.792959677707017e-03
9.930000 -5.529257723105275e-03
9.940000 -1.476989290442419e-03
9.950000 3.266258993075501e-03
9.960000 8.581964325153096e-03
9.970000 1.433445169980433e-02
9.980000 2.037467787875102e-02
9.990000 2.654401536282141e-02
10.000000 3.267803636334875e-02
10.010000 3.861030512544889e-02
10.020000 4.417638743104760e-02
10.030000 4.921841145337217e-02
10.040000 5.358984582981808e-02
10.050000 5.716028609055684e-02
10.060000 5.982024108714427e-02
10.070000 6.148591942112847e-02
10.080000 6.210401587265784e-02
10.090000 6.165649782908934e-02
10.100000 6.016539171359635e-02
10.110000 5.769744258730271e-02
10.120000 5.436547577209960e-02
10.130000 5.032138590075892e-02
10.140000 4.574582737390444e-02
10.150000 4.083777792912621e-02
10.160000 3.580410221009511e-02
10.170000 3.084911533567731e-02
10.180000 2.616414646904882e-02
10.190000 2.191710238680982e-02
10.200000 1.824203104809928e-02
10.210000 1.522883405636644e-02
10.220000 1.291685093226055e-02
10.230000 1.129827278538414e-02
10.240000 1.032542854982324e-02
10.250000 9.918220187600409e-03
10.260000 9.971557892127869e-03
10.270000 1.036279529166060e-02
10.280000 1.095916465274943e-02
10.290000 1.162521208369409e-02
10.300000 1.223023273799639e-02
10.310000 1.265563836988740e-02
10.320000 1.280056575861242e-02
10.330000 1.258301919323307e-02
10.340000 1.193925346966845e-02
10.350000 1.082308920415859e-02
10.360000 9.205228146727952e-03
10.370000 7.072568494648909e-03
10.380000 4.427520205905215e-03
10.390000 1.287320312655487e-03
10.400000 -2.316651765303332e-03
10.410000 -6.339574729159153e-03
10.420000 -1.072429735338193e-02
10.430000 -1.540349498211396e-02
10.440000 -2.030223755602425e-02
10.450000 -2.534057346992866e-02
10.460000 -3.043611343040989e-02
10.470000 -3.550661431343759e-02
10.480000 -4.047256302198846e-02
10.490000 -4.525976034366628e-02
10.500000 -4.980190480832201e-02
10.510000 -5.404314210980987e-02
10.520000 -5.793971903826387e-02
10.530000 -6.145936399763063e-02
10.540000 -6.457977183741925e-02
10.550000 -6.728705422895674e-02
10.560000 -6.957419004164363e-02
10.570000 -7.143947571920958e-02
10.580000 -7.288497565596871e-02
10.590000 -7.391497257307529e-02
10.600000 -7.453441789477926e-02
10.610000 -7.474740167836341e-02
10.620000 -7.455613103232871e-02
10.630000 -7.396119945924941e-02
10.640000 -7.296236480255067e-02
10.650000 -7.155934675853504e-02
10.660000 -6.975262438840926e-02
10.670000 -6.754423363031088e-02
10.680000 -6.493856481133478e-02
10.690000 -6.194316015955984e-02
10.700000 -5.856951131607575e-02
10.710000 -5.483384678471843e-02
10.720000 -5.075765771289346e-02
10.730000 -4.636755935763487e-02
10.740000 -4.169489082106042e-02
10.750000 -3.677530471736709e-02
10.760000 -3.164835683982624e-02
10.770000 -2.635709582777903e-02
10.780000 -2.094765283363162e-02
10.790000 -1.546883118985060e-02
10.800000 -9.971696075958212e-03
10.810000 -4.509154194369339e-03
10.820000 8.647263746030229e-04
10.830000 6.096055943400808e-03
10.840000 1.113272287211030e-02
10.850000 1.592600322085040e-02
10.860000 2.043217040216090e-02
10.870000 2.461410483339075e-02
10.880000 2.844290358908629e-02
10.890000 3.189949005337953e-02
10.900000 3.497622357237645e-02
10.910000 3.767847238954742e-02
10.920000 4.002523174648528e-02
10.930000 4.204731786691858e-02
10.940000 4.378460686518160e-02
10.950000 4.528323691359530e-02
10.960000 4.659281040984835e-02
10.970000 4.776359614437813e-02
10.980000 4.884373146775178e-02
10.990000 4.987642445804712e-02
11.000000 5.089715608823384e-02
11.010000 5.193091730301008e-02
11.020000 5.299035393070261e-02
11.030000 5.407621639979388e-02
11.040000 5.517871752707593e-02
11.050000 5.627892523891647e-02
11.060000 5.735015529252496e-02
11.070000 5.835936399721863e-02
11.080000 5.926854093568857e-02
11.090000 6.003610168526578e-02
11.100000 6.061828053918730e-02
11.110000 6.097052859980626e-02
11.120000 6.104905157239005e-02
11.130000 6.081270223115585e-02
11.140000 6.022501262345288e-02
11.150000 5.925623164964484e-02
11.160000 5.788536264299232e-02
11.170000 5.610220094953507e-02
11.180000 5.390937150797454e-02
11.190000 5.132436642955614e-02
11.200000 4.838158257795159e-02
11.210000 4.513429833790856e-02
11.220000 4.165506894131161e-02
11.230000 3.803210680583911e-02
11.240000 3.436407999277106e-02
11.250000 3.075484980973841e-02
11.260000 2.730820841347198e-02
11.270000 2.412261641255154e-02
11.280000 2.128594047015499e-02
11.290000 1.887019090680733e-02
11.300000 1.692625930312974e-02
11.310000 1.547874425601136e-02
11.320000 1.452306964707910e-02
11.330000 1.402842319584758e-02
11.340000 1.394298817945156e-02
11.350000 1.419926337122948e-02
11.360000 1.471938297930697e-02
11.370000 1.542043658518039e-02
11.380000 1.621978908230037e-02
11.390000 1.704040061465526e-02
11.400000 1.781614651535475e-02
11.410000 1.849707000689666e-02
11.420000 1.905288629447764e-02
11.430000 1.947204723606668e-02
11.440000 1.975905689200147e-02
11.450000 1.993171978491620e-02
11.460000 2.001838915966903e-02
11.470000 2.005521524326990e-02
11.480000 2.008339350480811e-02
11.490000 2.014641291538001e-02
11.500000 2.028730420801663e-02
11.510000 2.054590199162410e-02
11.520000 2.095646715626585e-02
11.530000 2.154622400222807e-02
11.540000 2.233425776921613e-02
11.550000 2.333042603044284e-02
11.560000 2.453427008671658e-02
11.570000 2.593392636052948e-02
11.580000 2.750503779014561e-02
11.590000 2.920966522368911e-02
11.600000 3.099519881323239e-02
11.610000 3.279332077517450e-02
11.620000 3.452030400561271e-02
11.630000 3.608070223818235e-02
11.640000 3.737237647130130e-02
11.650000 3.829157280314594e-02
11.660000 3.873800026662702e-02
11.670000 3.861990866436544e-02
11.680000 3.785916640366815e-02
11.690000 3.639633833150409e-02
11.700000 3.419576356947995e-02
11.710000 3.125055125697363e-02
11.720000 2.758544136252479e-02
11.730000 2.325424519013690e-02
11.740000 1.833515027386958e-02
11.750000 1.292594311259194e-02
11.760000 7.139231904735732e-03
11.770000 1.097669283048781e-03
11.780000 -5.070824950651882e-03
11.790000 -1.123784109072665e-02
11.800000 -1.727925679296016e-02
11.810000 -2.307997770238680e-02
11.820000 -2.853772525914593e-02
11.830000 -3.356440540726287e-02
11.840000 -3.808652417010592e-02
11.850000 -4.204556655728704e-02
11.860000 -4.539837547156261e-02
11.870000 -4.811753061573390e-02
11.880000 -5.019172739954787e-02
11.890000 -5.162615584659769e-02
11.900000 -5.244287950122350e-02
11.910000 -5.268117748249202e-02
11.920000 -5.239692810540427e-02
11.930000 -5.165955914983412e-02
11.940000 -5.054803937557791e-02
11.950000 -4.914683315237133e-02
11.960000 -4.754185508990655e-02
11.970000 -4.581642466784899e-02
11.980000 -4.404722086585439e-02
11.990000 -4.230023679358568e-02
12.000000 -4.062673432073006e-02
12.010000 -3.905926216247724e-02
12.020000 -3.760932426013450e-02
12.030000 -3.626923809153215e-02
12.040000 -3.501564384314174e-02
12.050000 -3.381307709431289e-02
12.060000 -3.261754150151043e-02
12.070000 -3.138008148255141e-02
12.080000 -3.005035490084205e-02
12.090000 -2.858020574961487e-02
12.100000 -2.692723683616565e-02
12.110000 -2.505834023103637e-02
12.120000 -2.295212929691995e-02
12.130000 -2.059858192980307e-02
12.140000 -1.799758499363483e-02
12.150000 -1.515743648132194e-02
12.160000 -1.209334767572368e-02
12.170000 -8.825945310647018e-03
12.180000 -5.379773731841637e-03
12.190000 -1.781797057995026e-03
12.200000 1.940098658272470e-03
12.210000 5.758581909058822e-03
12.220000 9.647796680746244e-03
12.230000 1.358287296063137e-02
12.240000 1.753888151455395e-02
12.250000 2.148976728418020e-02
12.260000 2.540728278428613e-02
12.270000 2.925992150004087e-02
12.280000 3.301185128429007e-02
12.290000 3.662184775483905e-02
12.300000 4.004222769173642e-02
12.310000 4.321776920743863e-02
12.320000 4.608428791060976e-02
12.330000 4.856633966226786e-02
12.340000 5.057457919892363e-02
12.350000 5.200310551593611e-02
12.360000 5.272680725086846e-02
12.370000 5.259870806684375e-02
12.380000 5.144731203590068e-02
12.390000 4.907394902234935e-02
12.400000 4.525012006612711e-02
12.410000 3.971588382952371e-02
12.420000 3.220531884251073e-02
12.430000 2.254072955601118e-02
12.440000 1.075393838551015e-02
12.450000 -2.791380162791650e-03
12.460000 -1.727736536582405e-02
12.470000 -3.130963615749385e-02
12.480000 -4.279495700253108e-02
12.490000 -4.881890377033526e-02
12.500000 -4.552352960882176e-02
