3.200000 2.284222622756511e+00
3.210000 4.300886750807575e+00
3.220000 5.561610276639501e+00
3.230000 6.277905581423251e+00
3.240000 6.616557546809789e+00
3.250000 6.705100876333779e+00
3.260000 6.637297416817290e+00
3.270000 6.478613479773497e+00
3.280000 6.271697162810370e+00
3.290000 6.041855671034385e+00
3.300000 5.802532638454226e+00
3.310000 5.560740305968476e+00
3.320000 5.321318323849107e+00
3.330000 5.088214546062940e+00
3.340000 4.864592890598766e+00
3.350000 4.652896100529410e+00
3.360000 4.454908505073827e+00
3.370000 4.271818780659180e+00
3.380000 4.104282711982930e+00
3.390000 3.952485953074916e+00
3.400000 3.816206788359443e+00
3.410000 3.694878755870409e+00
3.420000 3.587649687500789e+00
3.430000 3.493431655705289e+00
3.440000 3.410947338555914e+00
3.450000 3.338776247082419e+00
3.460000 3.275400952612777e+00
3.470000 3.219253314113634e+00
3.480000 3.168760705530770e+00
3.490000 3.122392243129561e+00
3.500000 3.078705012835441e+00
3.510000 3.036389847368558e+00
3.520000 2.994305401396486e+00
3.530000 2.951482526999161e+00
3.540000 2.907116951361519e+00
3.550000 2.860561504681272e+00
3.560000 2.811318348076700e+00
3.570000 2.759031201494439e+00
3.580000 2.703477571617270e+00
3.590000 2.644560979771900e+00
3.600000 2.582303189836763e+00
3.610000 2.516836370948590e+00
3.620000 2.448393565454322e+00
3.630000 2.377294855549522e+00
3.640000 2.303931835757768e+00
3.650000 2.228752020268410e+00
3.660000 2.152243250274312e+00
3.670000 2.074918101309615e+00
3.680000 1.997298290587478e+00
3.690000 1.919899084337837e+00
3.700000 1.843213705145155e+00
3.710000 1.767697863075526e+00
3.720000 1.693757504443254e+00
3.730000 1.621744727029788e+00
3.740000 1.551956911837834e+00
3.750000 1.484635978524390e+00
3.760000 1.419967640833787e+00
3.770000 1.358080662030724e+00
3.780000 1.299046110333304e+00
3.790000 1.242876614346072e+00
3.800000 1.189525618493055e+00
3.810000 1.138886763033309e+00
3.820000 1.090796502353954e+00
3.830000 1.045044942129337e+00
3.840000 1.001389913673066e+00
3.850000 9.595711727641080e-01
3.860000 9.193245984728821e-01
3.870000 8.803963919873535e-01
3.880000 8.425572754391298e-01
3.890000 8.056166907295527e-01
3.900000 7.694369983557953e-01
3.910000 7.339474377038250e-01
3.920000 6.991518871007588e-01
3.930000 6.651208873657619e-01
3.940000 6.319774671457230e-01
3.950000 5.998827299203411e-01
3.960000 5.690214410072109e-01
3.970000 5.395876145669083e-01
3.980000 5.117701006080766e-01
3.990000 4.857381719925123e-01
4.000000 4.616271114402507e-01
4.010000 4.395239671929880e-01
4.020000 4.194576926772761e-01
4.030000 4.014004130107615e-01
4.040000 3.852730741123563e-01
4.050000 3.709512603311619e-01
4.060000 3.582710120753916e-01
4.070000 3.470346434412944e-01
4.080000 3.370165598420783e-01
4.090000 3.279690756368331e-01
4.100000 3.196282317594542e-01
4.110000 3.117196277556067e-01
4.120000 3.039646283358068e-01
4.130000 2.960875204758411e-01
4.140000 2.878230449171547e-01
4.150000 2.789239420636663e-01
4.160000 2.691684978785839e-01
4.170000 2.583680897812199e-01
4.180000 2.463747325438060e-01
4.190000 2.330886241883085e-01
4.200000 2.184656918832434e-01
4.210000 2.025249717784855e-01
4.220000 1.853516722705411e-01
4.230000 1.670892814759818e-01
4.240000 1.479273594383277e-01
4.250000 1.280891644032234e-01
4.260000 1.078192790936143e-01
4.270000 8.737123698492172e-02
4.280000 6.699514858021924e-02
4.290000 4.692532768540857e-02
4.300000 2.736791768439514e-02
4.310000 8.488671631827739e-03
4.320000 -9.595269336809563e-03
4.330000 -2.681344951028350e-02
4.340000 -4.313617496320327e-02
4.350000 -5.856843621743411e-02
4.360000 -7.314383090351120e-02
4.370000 -8.691848642205324e-02
4.380000 -9.996498260517635e-02
4.390000 -1.123662743779077e-01
4.400000 -1.242096144195992e-01
4.410000 -1.355805262697967e-01
4.420000 -1.465580886905773e-01
4.430000 -1.572135481281157e-01
4.440000 -1.676102420565920e-01
4.450000 -1.778035727291435e-01
4.460000 -1.878409809288148e-01
4.470000 -1.977619197195090e-01
4.480000 -2.075978281969381e-01
4.490000 -2.173721052395746e-01
4.500000 -2.271000832596017e-01
4.510000 -2.367890053502940e-01
4.520000 -2.464380907209870e-01
4.530000 -2.560388242156525e-01
4.540000 -2.655753340946009e-01
4.550000 -2.750247732101705e-01
4.560000 -2.843577001824140e-01
4.570000 -2.935384605747857e-01
4.580000 -3.025255680698296e-01
4.590000 -3.112720856448666e-01
4.600000 -3.197260067476814e-01
4.610000 -3.278306626923155e-01
4.620000 -3.355258116309887e-01
4.630000 -3.427504574482846e-01
4.640000 -3.494463500482716e-01
4.650000 -3.555615118434081e-01
4.660000 -3.610537642434490e-01
4.670000 -3.658942541443514e-01
4.680000 -3.700709804171801e-01
4.690000 -3.735923203970141e-01
4.700000 -3.764905563718514e-01
4.710000 -3.788253240012783e-01
4.720000 -3.806850313319788e-01
4.730000 -3.821831269224475e-01
4.740000 -3.834523390932280e-01
4.750000 -3.846388371597828e-01
4.760000 -3.858963926653615e-01
4.770000 -3.873805406138713e-01
4.780000 -3.892427407027451e-01
4.790000 -3.916245385558111e-01
4.800000 -3.946517269561623e-01
4.810000 -3.984285558604369e-01
4.820000 -4.030332104738718e-01
4.830000 -4.085165078428525e-01
4.840000 -4.149018611883776e-01
4.850000 -4.221852929889470e-01
4.860000 -4.303354480634515e-01
4.870000 -4.392936066540623e-01
4.880000 -4.489736975091198e-01
4.890000 -4.592623109660233e-01
4.900000 -4.700187120341203e-01
4.910000 -4.810749246157658e-01
4.920000 -4.922376649588287e-01
4.930000 -5.032949687394331e-01
4.940000 -5.140246669249822e-01
4.950000 -5.242029327302369e-01
4.960000 -5.336128285733929e-01
4.970000 -5.420528530321598e-01
4.980000 -5.493454877998397e-01
4.990000 -5.553457446414037e-01
5.000000 -5.599497123495725e-01
5.010000 -5.631029625015977e-01
5.020000 -5.648052847266402e-01
5.030000 -5.651061056750906e-01
5.040000 -5.640962383636361e-01
5.050000 -5.618994904075434e-01
5.060000 -5.586642722529441e-01
5.070000 -5.545552054091213e-01
5.080000 -5.497447306807931e-01
5.090000 -5.444047164003987e-01
5.100000 -5.386980666603827e-01
5.110000 -5.327704124465000e-01
5.120000 -5.267439578054435e-01
5.130000 -5.207167958620952e-01
5.140000 -5.147643793809703e-01
5.150000 -5.089410741796703e-01
5.160000 -5.032817125423329e-01
5.170000 -4.978031466330828e-01
5.180000 -4.925058019094833e-01
5.190000 -4.873752305359875e-01
5.200000 -4.823836647973896e-01
5.210000 -4.774915911549930e-01
5.220000 -4.726498609193455e-01
5.230000 -4.678031629542058e-01
5.240000 -4.628940328794683e-01
5.250000 -4.578668829050441e-01
5.260000 -4.526720316647428e-01
5.270000 -4.472697340501538e-01
5.280000 -4.416342110445292e-01
5.290000 -4.357576795566632e-01
5.300000 -4.296543822547754e-01
5.310000 -4.233645107292842e-01
5.320000 -4.169553556747084e-01
5.330000 -4.105154187085760e-01
5.340000 -4.041457517942694e-01
5.350000 -3.979511900512441e-01
5.360000 -3.920315845652491e-01
5.370000 -3.864730351985459e-01
5.380000 -3.813391234001271e-01
5.390000 -3.766621450159366e-01
5.400000 -3.724343430990890e-01
5.410000 -3.685993209817649e-01
5.420000 -3.650481413909728e-01
5.430000 -3.616273197012182e-01
5.440000 -3.581515022815223e-01
5.450000 -3.544163250091674e-01
5.460000 -3.502112717834396e-01
5.470000 -3.453325330393743e-01
5.480000 -3.395958642614993e-01
5.490000 -3.328494444975796e-01
5.500000 -3.249867348723620e-01
5.510000 -3.159591463390458e-01
5.520000 -3.057837483828468e-01
5.530000 -2.945383905955465e-01
5.540000 -2.823518661659561e-01
5.550000 -2.693938847044911e-01
5.560000 -2.558650450677452e-01
5.570000 -2.419868081830652e-01
5.580000 -2.279914698731250e-01
5.590000 -2.141121336804996e-01
5.600000 -2.005726836922402e-01
5.610000 -1.875778432989456e-01
5.620000 -1.753054679181654e-01
5.630000 -1.639045080226768e-01
5.640000 -1.534952057173807e-01
5.650000 -1.441693772091248e-01
5.660000 -1.359906952765260e-01
5.670000 -1.289949717397933e-01
5.680000 -1.231904399305511e-01
5.690000 -1.185580371616612e-01
5.700000 -1.150516871970465e-01
5.710000 -1.125986178561262e-01
5.720000 -1.111005919882451e-01
5.730000 -1.104374567955508e-01
5.740000 -1.104716063634521e-01
5.750000 -1.110524793094480e-01
5.760000 -1.120210564319579e-01
5.770000 -1.132143583591507e-01
5.780000 -1.144699431977747e-01
5.790000 -1.156304041819872e-01
5.800000 -1.165478673221838e-01
5.810000 -1.170884510932716e-01
5.820000 -1.171357392823302e-01
5.830000 -1.165917489917101e-01
5.840000 -1.153769119688348e-01
5.850000 -1.134300179921789e-01
5.860000 -1.107081582572449e-01
5.870000 -1.071866687625409e-01
5.880000 -1.028590736955584e-01
5.890000 -9.773702881874904e-02
5.900000 -9.185026485550254e-02
5.910000 -8.524650921374625e-02
5.920000 -7.799084456038868e-02
5.930000 -7.016363797857041e-02
5.940000 -6.185790706658200e-02
5.950000 -5.317666438348671e-02
5.960000 -4.423026189474280e-02
5.970000 -3.513373541782625e-02
5.980000 -2.600414906785306e-02
5.990000 -1.695793970320199e-02
6.000000 -8.108261371136970e-03
6.010000 4.376593546782356e-04
6.020000 8.580884882132931e-03
6.030000 1.623240938672364e-02
6.040000 2.331451848640050e-02
6.050000 2.976213802885406e-02
6.060000 3.552418287880203e-02
6.070000 4.056490570527606e-02
6.080000 4.486524576890848e-02
6.090000 4.842417770921898e-02
6.100000 5.126006033190153e-02
6.110000 5.341192501763766e-02
6.120000 5.493919447237181e-02
6.130000 5.591741724812332e-02
6.140000 5.643243283244854e-02
6.150000 5.657447638214818e-02
6.160000 5.643228345697479e-02
6.170000 5.608719475334013e-02
6.180000 5.560726083802270e-02
6.190000 5.504134688187507e-02
6.200000 5.441323739353139e-02
6.210000 5.371586542612838e-02
6.220000 5.290877772906347e-02
6.230000 5.192381366125999e-02
6.240000 5.067401960786953e-02
6.250000 4.906268782582774e-02
6.260000 4.699239528941036e-02
6.270000 4.437404253578905e-02
6.280000 4.113589251058734e-02
6.290000 3.723260941343644e-02
6.300000 3.265429754353136e-02
6.310000 2.743538795416243e-02
6.320000 2.165956854643579e-02
6.330000 1.545467122934543e-02
6.340000 8.983603026252502e-03
6.350000 2.435125041062477e-03
6.360000 -3.985368575597779e-03
6.370000 -1.006507166020288e-02
6.380000 -1.559298707015179e-02
6.390000 -2.036914771759078e-02
6.400000 -2.421383760323624e-02
6.410000 -2.697673417064581e-02
6.420000 -2.854400518840634e-02
6.430000 -2.884021359146963e-02
6.440000 -2.782817709571171e-02
6.450000 -2.550874915747083e-02
6.460000 -2.192059993308551e-02
6.470000 -1.713999723843267e-02
6.480000 -1.128058750846558e-02
6.490000 -4.493176756751889e-03
6.500000 3.034488464988221e-03
6.510000 1.107804456035429e-02
6.520000 1.937954991741707e-02
6.530000 2.765741683589938e-02
6.540000 3.561905868682980e-02
6.550000 4.297364149488593e-02
6.560000 4.944483552073745e-02
6.570000 5.478356684338956e-02
6.580000 5.878076894252593e-02
6.590000 6.128013428085216e-02
6.600000 6.219086588643882e-02
6.610000 6.150020673747312e-02
6.620000 5.928019248744527e-02
6.630000 5.567974112024239e-02
6.640000 5.091096654290221e-02
6.650000 4.523527004049754e-02
6.660000 3.894943173102071e-02
6.670000 3.237170202026809e-02
6.680000 2.582789305672463e-02
6.690000 1.963747018644832e-02
6.700000 1.409964340795461e-02
6.710000 9.479582581810536e-03
6.720000 5.997850017839256e-03
6.730000 3.827999863223162e-03
6.740000 3.097394562195577e-03
6.750000 3.888145039839671e-03
6.760000 6.238050885887440e-03
6.770000 1.014154053851864e-02
6.780000 1.555061146815973e-02
6.790000 2.237577036128285e-02
6.800000 3.048697330420473e-02
6.810000 3.971462884136254e-02
6.820000 4.985223565641267e-02
6.830000 6.066316950031447e-02
6.840000 7.188910460027829e-02
6.850000 8.325849792899470e-02
6.860000 9.449507347386350e-02
6.870000 1.053263065062231e-01
6.880000 1.154919078505794e-01
6.890000 1.247523081538351e-01
6.900000 1.328971421545188e-01
6.910000 1.397536348172405e-01
6.920000 1.451924361234244e-01
6.930000 1.491269796285733e-01
6.940000 1.515102898762815e-01
6.950000 1.523316916975195e-01
6.960000 1.516135195099190e-01
6.970000 1.494078266170591e-01
6.980000 1.457930945077509e-01
6.990000 1.408709421553231e-01
7.000000 1.347628353169069e-01
7.010000 1.276068007292002e-01
7.020000 1.195542676054983e-01
7.030000 1.107672322707403e-01
7.040000 1.014155500888734e-01
7.050000 9.167423228580027e-02
7.060000 8.172074277232674e-02
7.070000 7.173229496710914e-02
7.080000 6.188314861960170e-02
7.090000 5.234190663300425e-02
7.100000 4.326881188720959e-02
7.110000 3.481306068182764e-02
7.120000 2.711054827975994e-02
7.130000 2.028271128737990e-02
7.140000 1.443580210845894e-02
7.150000 9.660180015488851e-03
7.160000 6.029602221004208e-03
7.170000 3.600514948904752e-03
7.180000 2.411344505777796e-03
7.190000 2.481788352220570e-03
7.200000 3.812106174162672e-03
7.210000 6.382430968939084e-03
7.220000 1.015260049249953e-02
7.230000 1.506330958784028e-02
7.240000 2.103778284659669e-02
7.250000 2.798346728258867e-02
7.260000 3.579372500536636e-02
7.270000 4.434952589375564e-02
7.280000 5.352114026940380e-02
7.290000 6.316983157032498e-02
7.300000 7.314954902444587e-02
7.310000 8.330863028460440e-02
7.320000 9.349176305190440e-02
7.330000 1.035426041160972e-01
7.340000 1.133066573725373e-01
7.350000 1.226341617994136e-01
7.360000 1.313829794349796e-01
7.370000 1.394214833547845e-01
7.380000 1.466314456489045e-01
7.390000 1.529109253991729e-01
7.400000 1.581771566564111e-01
7.410000 1.623694023513841e-01
7.420000 1.654509225089691e-01
7.430000 1.674086941969357e-01
7.440000 1.682522458109055e-01
7.450000 1.680124572963327e-01
7.460000 1.667403603704844e-01
7.470000 1.645059387444217e-01
7.480000 1.613969283449792e-01
7.490000 1.575176175367467e-01
7.500000 1.529876473440489e-01
7.510000 1.479407829319184e-01
7.520000 1.425229378381725e-01
7.530000 1.368883013703634e-01
7.540000 1.311947187754649e-01
7.550000 1.255990426707145e-01
7.560000 1.202524844744555e-01
7.570000 1.152959658369784e-01
7.580000 1.108554700713637e-01
7.590000 1.070373935843234e-01
7.600000 1.039238973070432e-01
7.610000 1.015683291908057e-01
7.620000 9.999249435636318e-02
7.630000 9.918861539279675e-02
7.640000 9.912314027191955e-02
7.650000 9.974062132364049e-02
7.660000 1.009675942113274e-01
7.670000 1.027164569071714e-01
7.680000 1.048893486675502e-01
7.690000 1.073820290083916e-01
7.700000 1.100877566805378e-01
7.710000 1.129011470663391e-01
7.720000 1.157214685338174e-01
7.730000 1.184545146150293e-01
7.740000 1.210139151489596e-01
7.750000 1.233224258463406e-01
7.760000 1.253132178544718e-01
7.770000 1.269311673220400e-01
7.780000 1.281341449639385e-01
7.790000 1.288943056260873e-01
7.800000 1.291993778502525e-01
7.810000 1.290539067919291e-01
7.820000 1.284792843218756e-01
7.830000 1.275107004463606e-01
7.840000 1.261928819160764e-01
7.850000 1.245757841886190e-01
7.860000 1.227102833909654e-01
7.870000 1.206438682819534e-01
7.880000 1.184163322147597e-01
7.890000 1.160554650993786e-01
7.900000 1.135727453651012e-01
7.910000 1.109591230641400e-01
7.920000 1.081831726528934e-01
7.930000 1.051952611211977e-01
7.940000 1.019340858090185e-01
7.950000 9.833330336526844e-02
7.960000 9.432815870662503e-02
7.970000 8.986211397634884e-02
7.980000 8.489347750310083e-02
7.990000 7.940203275976061e-02
8.000000 7.339566732224406e-02
8.010000 6.691688586284317e-02
8.020000 6.004630801120812e-02
8.030000 5.289851237032640e-02
8.040000 4.561486536273507e-02
8.050000 3.835623410751426e-02
8.060000 3.129569929728055e-02
8.070000 2.461126807518044e-02
8.080000 1.847858691188378e-02
8.090000 1.306365448257718e-02
8.100000 8.515534543957442e-03
8.110000 4.959135066830231e-03
8.120000 2.489710042941085e-03
8.130000 1.171734279301745e-03
8.140000 1.039500902371173e-03
8.150000 2.097785121404048e-03
8.160000 4.322507991799235e-03
8.170000 7.661400178448270e-03
8.180000 1.203466571908385e-02
8.190000 1.733564578762831e-02
8.200000 2.343148245754209e-02
8.210000 3.016383929048843e-02
8.220000 3.735109941743631e-02
8.230000 4.479431423178088e-02
8.240000 5.228462961767524e-02
8.250000 5.961076900795625e-02
8.260000 6.656651644206997e-02
8.270000 7.295819962399719e-02
8.280000 7.861217298017902e-02
8.290000 8.338230071744256e-02
8.300000 8.715743988092634e-02
8.310000 8.986880523577234e-02
8.320000 9.149426147525494e-02
8.330000 9.205481542008810e-02
8.340000 9.160803542979974e-02
8.350000 9.024135262643558e-02
8.360000 8.806536211826275e-02
8.370000 8.520712422347396e-02
8.380000 8.180346569389089e-02
8.390000 7.799428093866841e-02
8.400000 7.391583324799803e-02
8.410000 6.969411760623595e-02
8.420000 6.543982488833462e-02
8.430000 6.124737119866437e-02
8.440000 5.719552866599119e-02
8.450000 5.334811783516333e-02
8.460000 4.975470005879837e-02
8.470000 4.645126988896982e-02
8.480000 4.346094746889408e-02
8.490000 4.079467092461718e-02
8.500000 3.845188875670171e-02
8.510000 3.642126178175053e-02
8.520000 3.468161338037306e-02
8.530000 3.320351007844924e-02
8.540000 3.195109044818619e-02
8.550000 3.088390356034667e-02
8.560000 2.995874743647784e-02
8.570000 2.913150750113977e-02
8.580000 2.835899503413406e-02
8.590000 2.760078562273242e-02
8.600000 2.682105761390532e-02
8.610000 2.599040761398455e-02
8.620000 2.508706919199240e-02
8.630000 2.409661659144166e-02
8.640000 2.301107160877903e-02
8.650000 2.182798751556002e-02
8.660000 2.054953298062397e-02
8.670000 1.918157599226903e-02
8.680000 1.773276778042721e-02
8.690000 1.621362673883927e-02
8.700000 1.463562234722977e-02
8.710000 1.301026988722383e-02
8.720000 1.134850581133548e-02
8.730000 9.660775564028307e-03
8.740000 7.957402075579913e-03
8.750000 6.248965051661491e-03
8.760000 4.546680262917329e-03
8.770000 2.862778834544348e-03
8.780000 1.210886535871629e-03
8.790000 -3.935969300600614e-04
8.800000 -1.933118636918732e-03
8.810000 -3.387604896533901e-03
8.820000 -4.734399266394618e-03
8.830000 -5.948976204505373e-03
8.840000 -7.005960294297265e-03
8.850000 -7.880157222972424e-03
8.860000 -8.547584759848421e-03
8.870000 -8.986503734702675e-03
8.880000 -9.178449016116893e-03
8.890000 -9.109260489821455e-03
8.900000 -8.770114037039863e-03
8.910000 -8.158541389175315e-03
8.920000 -7.279160747298920e-03
8.930000 -6.143673157327775e-03
8.940000 -4.770569624883800e-03
8.950000 -3.184827103982747e-03
8.960000 -1.417604485723164e-03
8.970000 4.940614130246172e-04
8.980000 2.507559860929507e-03
8.990000 4.575010223510680e-03
9.000000 6.643565974448579e-03
9.010000 8.655733294526026e-03
9.020000 1.055006897781375e-02
9.030000 1.226284124050202e-02
9.040000 1.373006987305816e-02
9.050000 1.488958098362225e-02
9.060000 1.568306174140286e-02
9.070000 1.605811512007273e-02
9.080000 1.597031464116454e-02
9.090000 1.538525911746656e-02
9.100000 1.428062739641839e-02
9.110000 1.264819640769679e-02
9.120000 1.049490504082302e-02
9.130000 7.841495773762478e-03
9.140000 4.720202032887885e-03
9.150000 1.172398847266811e-03
9.160000 -2.753746497050833e-03
9.170000 -7.005623802745259e-03
9.180000 -1.152852930693931e-02
9.190000 -1.626801502691097e-02
9.200000 -2.117223810580580e-02
9.210000 -2.619427914120906e-02
9.220000 -3.129365399602276e-02
9.230000 -3.643577818088619e-02
9.240000 -4.159062462883856e-02
9.250000 -4.673135044383497e-02
9.260000 -5.183292364926233e-02
9.270000 -5.687074993645532e-02
9.280000 -6.181929941321230e-02
9.290000 -6.665073335231129e-02
9.300000 -7.133353094002588e-02
9.310000 -7.583114310954350e-02
9.320000 -8.010135064941364e-02
9.330000 -8.409741019428357e-02
9.340000 -8.776990457513563e-02
9.350000 -9.106862026287375e-02
9.360000 -9.394442481191034e-02
9.370000 -9.635114430375283e-02
9.380000 -9.824744079059035e-02
9.390000 -9.959868973888039e-02
9.400000 -1.003788574729357e-01
9.410000 -1.005723511334464e-01
9.420000 -1.001751539510397e-01
9.430000 -9.919414620324637e-02
9.440000 -9.764571139487271e-02
9.450000 -9.555431494414450e-02
9.460000 -9.295108286885106e-02
9.470000 -8.987238047248973e-02
9.480000 -8.635839103040953e-02
9.490000 -8.245169447595578e-02
9.500000 -7.819584608661388e-02
9.510000 -7.363397445709682e-02
9.520000 -6.880788098770943e-02
9.530000 -6.375841253682973e-02
9.540000 -5.852633565711693e-02
9.550000 -5.315323012550767e-02
9.560000 -4.768238247321217e-02
9.570000 -4.215967951571042e-02
9.580000 -3.663450188274844e-02
9.590000 -3.116061754833430e-02
9.600000 -2.579707536073444e-02
9.610000 -2.060906816778463e-02
9.620000 -1.566800532883840e-02
9.630000 -1.104957813984693e-02
9.640000 -6.831034530628527e-03
9.650000 -3.088423346008084e-03
9.660000 1.061613730433441e-04
9.670000 2.687336108269045e-03
9.680000 4.599183582987122e-03
9.690000 5.798008480950989e-03
9.700000 6.255093165209862e-03
9.710000 5.959417985265798e-03
9.720000 4.919460767224772e-03
9.730000 3.162658666548645e-03
9.740000 7.339490628877225e-04
9.750000 -2.305724970881340e-03
9.760000 -5.880909199617749e-03
9.770000 -9.903132756878704e-03
9.780000 -1.427240267588156e-02
9.790000 -1.887869842046598e-02
9.800000 -2.360346641605611e-02
9.810000 -2.832113903762949e-02
9.820000 -3.290128956191912e-02
9.830000 -3.721240162055774e-02
9.840000 -4.112627472003855e-02
9.850000 -4.452245422894086e-02
9.860000 -4.729266136515586e-02
9.870000 -4.934522318311227e-02
9.880000 -5.060950256100213e-02
9.890000 -5.104032818800658e-02
9.900000 -5.062242455152139e-02
9.910000 -4.937475166774209e-02
9.920000 -4.735249782123379e-02
9.930000 -4.464311405295315e-02
9.940000 -4.136000125926160e-02
9.950000 -3.763610699449858e-02
9.960000 -3.361752227355490e-02
9.970000 -2.945707837444591e-02
9.980000 -2.530794364088459e-02
9.990000 -2.131722028485493e-02
10.000000 -1.761954118918512e-02
10.010000 -1.433073267821854e-02
10.020000 -1.154319270306186e-02
10.030000 -9.325623927966297e-03
10.040000 -7.724482536370305e-03
10.050000 -6.765493035548515e-03
10.060000 -6.455163061260721e-03
10.070000 -6.782298182400798e-03
10.080000 -7.719516705645697e-03
10.090000 -9.224764480104368e-03
10.100000 -1.124282970196674e-02
10.110000 -1.370686756262299e-02
10.120000 -1.654018086511879e-02
10.130000 -1.965865046685157e-02
10.140000 -2.297342173824405e-02
10.150000 -2.639360086965208e-02
10.160000 -2.982895117827266e-02
10.170000 -3.319258941505179e-02
10.180000 -3.640368207159249e-02
10.190000 -3.939014168706261e-02
10.200000 -4.209132315510281e-02
10.210000 -4.446068334865403e-02
10.220000 -4.646748686236879e-02
10.230000 -4.809609012585545e-02
10.240000 -4.934427144907721e-02
10.250000 -5.022152436712725e-02
10.260000 -5.074735098500417e-02
10.270000 -5.094955532238737e-02
10.280000 -5.086253665841230e-02
10.290000 -5.052558287644589e-02
10.300000 -4.998116380886179e-02
10.310000 -4.927323532252316e-02
10.320000 -4.844582270793225e-02
10.330000 -4.754231314183915e-02
10.340000 -4.660502751012338e-02
10.350000 -4.567480297704327e-02
10.360000 -4.479057555448524e-02
10.370000 -4.398896267121344e-02
10.380000 -4.330384574211898e-02
10.390000 -4.276595273746943e-02
10.400000 -4.240244075215818e-02
10.410000 -4.223647728244011e-02
10.420000 -4.228678789163821e-02
10.430000 -4.256711854654766e-02
10.440000 -4.308566433572084e-02
10.450000 -4.384449689452968e-02
10.460000 -4.483899183022803e-02
10.470000 -4.605725614701398e-02
10.480000 -4.747955567109217e-02
10.490000 -4.907774247573610e-02
10.500000 -5.081468230635054e-02
10.510000 -5.264370980766455e-02
10.520000 -5.450880673309194e-02
10.530000 -5.634661561766395e-02
10.540000 -5.808917659161676e-02
10.550000 -5.966669201195838e-02
10.560000 -6.101029109403574e-02
10.570000 -6.205479454310164e-02
10.580000 -6.274147918588169e-02
10.590000 -6.302084260214134e-02
10.600000 -6.285536775625290e-02
10.610000 -6.222224957071706e-02
10.620000 -6.111513181042447e-02
10.630000 -5.954333139305384e-02
10.640000 -5.753007278506914e-02
10.650000 -5.511068431715690e-02
10.660000 -5.233079449966382e-02
10.670000 -4.924452833803441e-02
10.680000 -4.591270364824828e-02
10.690000 -4.240102737225778e-02
10.700000 -3.877829189342558e-02
10.710000 -3.511457147356511e-02
10.720000 -3.147942185225606e-02
10.730000 -2.794008787441931e-02
10.740000 -2.455971428091240e-02
10.750000 -2.139555662080242e-02
10.760000 -1.849719216363902e-02
10.770000 -1.590473081172746e-02
10.780000 -1.364702601240148e-02
10.790000 -1.173988567029636e-02
10.800000 -1.018428305962188e-02
10.810000 -8.964617762013826e-03
10.820000 -8.048277523353041e-03
10.830000 -7.388502846265206e-03
10.840000 -6.928552819055503e-03
10.850000 -6.605921001968528e-03
10.860000 -6.356551313448243e-03
10.870000 -6.119053916397904e-03
10.880000 -5.838921104439980e-03
10.890000 -5.472743188176087e-03
10.900000 -4.992424381446942e-03
10.910000 -4.389326678354222e-03
10.920000 -3.676541112188702e-03
10.930000 -2.886404845707287e-03
10.940000 -2.066145170842550e-03
10.950000 -1.273451451926858e-03
10.960000 -5.720470689164983e-04
10.970000 -2.726136061580577e-05
10.980000 2.983984320987138e-04
10.990000 3.496752230542526e-04
11.000000 8.299013755758210e-05
11.010000 -5.291865263716676e-04
11.020000 -1.495449130338026e-03
11.030000 -2.806340110323749e-03
11.040000 -4.436718571920076e-03
11.050000 -6.348186019791824e-03
11.060000 -8.491512087141977e-03
11.070000 -1.080906026517630e-02
11.080000 -1.323721363256790e-02
11.090000 -1.570880058492184e-02
11.100000 -1.815552056423973e-02
11.110000 -2.051036149517347e-02
11.120000 -2.270980155141988e-02
11.130000 -2.469546337888293e-02
11.140000 -2.641555259099329e-02
11.150000 -2.782628796501860e-02
11.160000 -2.889333163837387e-02
11.170000 -2.959321930493175e-02
11.180000 -2.991479041133286e-02
11.190000 -2.986061835329620e-02
11.200000 -2.944844067192931e-02
11.210000 -2.871254424640503e-02
11.220000 -2.770398013274634e-02
11.230000 -2.648780709263934e-02
11.240000 -2.513916444401785e-02
11.250000 -2.373929987558077e-02
11.260000 -2.237159726130928e-02
11.270000 -2.111760447498409e-02
11.280000 -2.005306120470276e-02
11.290000 -1.924392676739691e-02
11.300000 -1.874240792334949e-02
11.310000 -1.858304330284431e-02
11.320000 -1.878026008432425e-02
11.330000 -1.932966845965216e-02
11.340000 -2.021082877106198e-02
11.350000 -2.139007530226012e-02
11.360000 -2.282334006952703e-02
11.370000 -2.445897661281859e-02
11.380000 -2.624058378686766e-02
11.390000 -2.810982955228549e-02
11.400000 -3.000927476666324e-02
11.410000 -3.188516814659231e-02
11.420000 -3.368949149747372e-02
11.430000 -3.538010149750933e-02
11.440000 -3.692012152930475e-02
11.450000 -3.827730466037382e-02
11.460000 -3.942339662364268e-02
11.470000 -4.033349879795421e-02
11.480000 -4.098543118857212e-02
11.490000 -4.135909540768534e-02
11.500000 -4.143583765491227e-02
11.510000 -4.119783085490775e-02
11.520000 -4.062795499995895e-02
11.530000 -3.971094235770360e-02
11.540000 -3.843502103426914e-02
11.550000 -3.679357770955768e-02
11.560000 -3.478682037253122e-02
11.570000 -3.242344105649658e-02
11.580000 -2.972227857439054e-02
11.590000 -2.671398125406486e-02
11.600000 -2.344266967357140e-02
11.610000 -1.996754361441999e-02
11.620000 -1.636303832218856e-02
11.630000 -1.271529766848228e-02
11.640000 -9.117196170208447e-03
11.650000 -5.663305181820340e-03
11.660000 -2.444859087561283e-03
11.670000 4.552785062914678e-04
11.680000 2.967648579182705e-03
11.690000 5.041230504035328e-03
11.700000 6.648475855006375e-03
11.710000 7.790246278376448e-03
11.720000 8.498256369349444e-03
11.730000 8.831182093801709e-03
11.740000 8.868273421296364e-03
11.750000 8.702870941766546e-03
11.760000 8.435922482198620e-03
11.770000 8.169499723315408e-03
11.780000 8.000314816259435e-03
11.790000 8.013236999276138e-03
11.800000 8.274809214397091e-03
11.810000 8.826858086122052e-03
11.820000 9.682531946637925e-03
11.830000 1.082850337073396e-02
11.840000 1.222960055066589e-02
11.850000 1.383353211236033e-02
11.860000 1.557561193161900e-02
11.870000 1.738348395032299e-02
11.880000 1.918184699263708e-02
11.890000 2.089717958121398e-02
11.900000 2.246246475339865e-02
11.910000 2.382186289275068e-02
11.920000 2.493403259655874e-02
11.930000 2.577201905984353e-02
11.940000 2.632179004238546e-02
11.950000 2.658071980577398e-02
11.960000 2.655607305045671e-02
11.970000 2.626348885278868e-02
11.980000 2.572546460208150e-02
11.990000 2.496983993765261e-02
12.000000 2.402828068587449e-02
12.010000 2.293476633942235e-02
12.020000 2.172416965897967e-02
12.030000 2.043107016439829e-02
12.040000 1.908865977994356e-02
12.050000 1.772765202490079e-02
12.060000 1.637519120418164e-02
12.070000 1.505376159893057e-02
12.080000 1.378009665713120e-02
12.090000 1.256408818421276e-02
12.100000 1.140769553365653e-02
12.110000 1.030388393903971e-02
12.120000 9.236320736569603e-03
12.130000 8.180995801660769e-03
12.140000 7.108600142470687e-03
12.150000 5.986933661519774e-03
12.160000 4.783312917311409e-03
12.170000 3.466978885951905e-03
12.180000 2.011504722770544e-03
12.190000 3.972035239395739e-04
12.200000 -1.386463911905788e-03
12.210000 -3.338515993899010e-03
12.220000 -5.444978976845675e-03
12.230000 -7.679705011973326e-03
12.240000 -1.000609224985449e-02
12.250000 -1.237883964763149e-02
12.260000 -1.474570177624129e-02
12.270000 -1.704924362764034e-02
12.280000 -1.922859542202938e-02
12.290000 -2.122120741507823e-02
12.300000 -2.296460470515074e-02
12.310000 -2.439815624100396e-02
12.320000 -2.546521315056227e-02
12.330000 -2.611618474958780e-02
12.340000 -2.631198400738776e-02
12.350000 -2.602748722659245e-02
12.360000 -2.525499372293317e-02
12.370000 -2.400768550502029e-02
12.380000 -2.232308695412116e-02
12.390000 -2.026652450393815e-02
12.400000 -1.793458632038662e-02
12.410000 -1.545778997643834e-02
12.420000 -1.298265179767124e-02
12.430000 -1.060145830098447e-02
12.440000 -8.261431550499777e-03
12.450000 -5.673101733176121e-03
12.460000 -2.218679734424452e-03
12.470000 3.139570286277615e-03
12.480000 1.195095831977107e-02
12.490000 2.636799593160081e-02
12.500000 4.923802368640092e-02
