1.940000 5.037357280150058e+01
1.950000 4.264337910378064e+01
1.960000 3.598045428543275e+01
1.970000 3.027232798651789e+01
1.980000 2.540652984709700e+01
1.990000 2.127058950723104e+01
2.000000 1.775203660698097e+01
2.010000 1.473840078640781e+01
2.020000 1.211721168557243e+01
2.030000 9.775998944535806e+00
2.040000 7.615470838553542e+00
2.050000 5.589050183659858e+00
2.060000 3.663338431083607e+00
2.070000 1.804937032053658e+00
2.080000 -1.955256220112944e-02
2.090000 -1.843528900451894e+00
2.100000 -3.700390531469775e+00
2.110000 -5.623536004025910e+00
2.120000 -7.646363866891432e+00
2.130000 -9.802272668837485e+00
2.140000 -1.213701188849826e+01
2.150000 -1.474573472396024e+01
2.160000 -1.773594530317296e+01
2.170000 -2.121514775408597e+01
2.180000 -2.529084620464883e+01
2.190000 -3.007054478281107e+01
2.200000 -3.566174761652226e+01
2.210000 -4.217195883373195e+01
2.220000 -4.970868256238965e+01
2.230000 -5.837942293044495e+01
