3.300000 8.630800253272664e+00
3.310000 8.657152844398771e+00
3.320000 8.256513552327835e+00
3.330000 7.603512217450485e+00
3.340000 6.830916919501393e+00
3.350000 6.034967620042324e+00
3.360000 5.280709804945205e+00
3.370000 4.607328126875180e+00
3.380000 4.033480047773657e+00
3.390000 3.562629481341378e+00
3.400000 3.188380435521475e+00
3.410000 2.899766107005892e+00
3.420000 2.685380076917550e+00
3.430000 2.534568777763364e+00
3.440000 2.437466497145325e+00
3.450000 2.384985877053169e+00
3.460000 2.368808413157060e+00
3.470000 2.381374954100268e+00
3.480000 2.415876200791845e+00
3.490000 2.466243205699303e+00
3.500000 2.527137872141293e+00
3.510000 2.593943102064042e+00
3.520000 2.662743807084933e+00
3.530000 2.730284730557003e+00
3.540000 2.793919136261315e+00
3.550000 2.851557145919143e+00
3.560000 2.901614076704181e+00
3.570000 2.942958778754725e+00
3.580000 2.974861972685885e+00
3.590000 2.996944587101771e+00
3.600000 3.009126096107690e+00
3.610000 3.011573053028252e+00
3.620000 3.004652724012021e+00
3.630000 2.988899665175019e+00
3.640000 2.964987397797556e+00
3.650000 2.933700279543617e+00
3.660000 2.895905375680268e+00
3.670000 2.852524330297057e+00
3.680000 2.804505237525408e+00
3.690000 2.752794512758025e+00
3.700000 2.698308763868290e+00
3.710000 2.641906910820015e+00
3.720000 2.584368761612406e+00
3.730000 2.526389974506191e+00
3.740000 2.468583474318091e+00
3.750000 2.411481116878949e+00
3.760000 2.355535353491857e+00
3.770000 2.301120895390294e+00
3.780000 2.248536378196252e+00
3.790000 2.198006026378362e+00
3.800000 2.149681317710038e+00
3.810000 2.103642759246972e+00
3.820000 2.059904562013464e+00
3.830000 2.018426672688446e+00
3.840000 1.979129703006782e+00
3.850000 1.941909970580600e+00
3.860000 1.906654539720618e+00
3.870000 1.873256262257476e+00
3.880000 1.841628818363059e+00
3.890000 1.811721757371830e+00
3.900000 1.783535538602157e+00
3.910000 1.757136249912150e+00
3.920000 1.732661949594213e+00
3.930000 1.710307747992589e+00
3.940000 1.690302515260716e+00
3.950000 1.672885267133192e+00
3.960000 1.658281550697745e+00
3.970000 1.646679830167205e+00
3.980000 1.638207872651469e+00
3.990000 1.632909133929476e+00
4.000000 1.630719144221171e+00
4.010000 1.631442350586556e+00
4.020000 1.634740828532175e+00
4.030000 1.640153118232177e+00
4.040000 1.647124926087062e+00
4.050000 1.655040282522520e+00
4.060000 1.663252699788279e+00
4.070000 1.671116329756946e+00
4.080000 1.678017121722846e+00
4.090000 1.683403980200876e+00
4.100000 1.686819922725335e+00
4.110000 1.687932808182237e+00
4.120000 1.686554901849239e+00
4.130000 1.682634107348680e+00
4.140000 1.676234038854546e+00
4.150000 1.667513664187537e+00
4.160000 1.656706947910121e+00
4.170000 1.644102494421589e+00
4.180000 1.630023191053123e+00
4.190000 1.614805851162849e+00
4.200000 1.598780857230896e+00
4.210000 1.582251984023662e+00
4.220000 1.565480902398828e+00
4.230000 1.548683562899196e+00
4.240000 1.532031258539480e+00
4.250000 1.515651867517522e+00
4.260000 1.499631095925507e+00
4.270000 1.484013720461177e+00
4.280000 1.468804831139043e+00
4.290000 1.453971074001607e+00
4.300000 1.439441893830573e+00
4.310000 1.425110857706717e+00
4.320000 1.410839080128798e+00
4.330000 1.396463982056405e+00
4.340000 1.381810150879356e+00
4.350000 1.366700281172513e+00
4.360000 1.350966115450587e+00
4.370000 1.334459384922957e+00
4.380000 1.317062750248469e+00
4.390000 1.298700742290259e+00
4.400000 1.279350702870556e+00
4.410000 1.259053514261018e+00
4.420000 1.237918837082435e+00
4.430000 1.216116410052411e+00
4.440000 1.193861859749245e+00
4.450000 1.171402299272027e+00
4.460000 1.149001926900727e+00
4.470000 1.126927624756285e+00
4.480000 1.105434557460709e+00
4.490000 1.084751770797160e+00
4.500000 1.065067790370046e+00
4.510000 1.046516423019663e+00
4.520000 1.029167828656366e+00
4.530000 1.013032968950500e+00
4.540000 9.980733249437939e-01
4.550000 9.842108172654997e-01
4.560000 9.713377263485307e-01
4.570000 9.593266126455960e-01
4.580000 9.480402368453393e-01
4.590000 9.373414800884773e-01
4.600000 9.271032641839347e-01
4.610000 9.172183411444853e-01
4.620000 9.076056857793472e-01
4.630000 8.982082664670419e-01
4.640000 8.889874199223684e-01
4.650000 8.799170953765902e-01
4.660000 8.709780987576243e-01
4.670000 8.621523368702301e-01
4.680000 8.534170615761982e-01
4.690000 8.447391139745384e-01
4.700000 8.360691685816696e-01
4.710000 8.273360726089564e-01
4.720000 8.184436572421434e-01
4.730000 8.092738231631103e-01
4.740000 7.996920974122098e-01
4.750000 7.895532852818209e-01
4.760000 7.787071222099008e-01
4.770000 7.670039256735395e-01
4.780000 7.543002470825122e-01
4.790000 7.404645236728329e-01
4.800000 7.253827304003082e-01
4.810000 7.089639846080686e-01
4.820000 6.911449230721595e-01
4.830000 6.718909631798751e-01
4.840000 6.511963368043034e-01
4.850000 6.290840769846681e-01
4.860000 6.056060046066677e-01
4.870000 5.808427150828193e-01
4.880000 5.549035650327965e-01
4.890000 5.279266589637729e-01
4.900000 5.000788359507611e-01
4.910000 4.715556009755625e-01
4.920000 4.425796176782208e-01
4.930000 4.133955497674198e-01
4.940000 3.842634642041905e-01
4.950000 3.554521790803068e-01
4.960000 3.272326114966804e-01
4.970000 2.998711254417574e-01
4.980000 2.736228796699124e-01
4.990000 2.487251755798456e-01
5.000000 2.253908050929762e-01
5.010000 2.038014424647118e-01
5.020000 1.841021781288294e-01
5.030000 1.663989511975544e-01
5.040000 1.507571237178730e-01
5.050000 1.372000988330286e-01
5.060000 1.257079389440182e-01
5.070000 1.162159838710888e-01
5.080000 1.086134690152337e-01
5.090000 1.027421435196889e-01
5.100000 9.839488843142964e-02
5.110000 9.531447329041080e-02
5.120000 9.319591116615675e-02
5.130000 9.169794714535619e-02
5.140000 9.045814442445847e-02
5.150000 8.910810874577973e-02
5.160000 8.728871283360931e-02
5.170000 8.466532083031544e-02
5.180000 8.094301273245176e-02
5.190000 7.588180882686323e-02
5.200000 6.931189412679228e-02
5.210000 6.114859124301711e-02
5.220000 5.140079374694684e-02
5.230000 4.016280111773233e-02
5.240000 2.759961565747745e-02
5.250000 1.393198798909699e-02
5.260000 -5.785374458256031e-04
5.270000 -1.564457688918032e-02
5.280000 -3.096786176847286e-02
5.290000 -4.625419319896667e-02
5.300000 -6.122839648582527e-02
5.310000 -7.564911307480314e-02
5.320000 -8.931936690013619e-02
5.330000 -1.020864053681047e-01
5.340000 -1.138373156563055e-01
5.350000 -1.244944785533230e-01
5.360000 -1.340110222984016e-01
5.370000 -1.423662764211165e-01
5.380000 -1.495612255810458e-01
5.390000 -1.556139634074422e-01
5.400000 -1.605551463389042e-01
5.410000 -1.644234838343221e-01
5.420000 -1.672621740788314e-01
5.430000 -1.691177395416441e-01
5.440000 -1.700398078312732e-01
5.450000 -1.700809289022678e-01
5.460000 -1.692963922619489e-01
5.470000 -1.677440441771456e-01
5.480000 -1.654841048809308e-01
5.490000 -1.625789857793571e-01
5.500000 -1.590931066581923e-01
5.510000 -1.550927201791704e-01
5.520000 -1.506459258732011e-01
5.530000 -1.458231651160610e-01
5.540000 -1.406979055630220e-01
5.550000 -1.353473328691920e-01
5.560000 -1.298530424098550e-01
5.570000 -1.243017310008122e-01
5.580000 -1.187858886187226e-01
5.590000 -1.134044901214437e-01
5.600000 -1.082636869683717e-01
5.610000 -1.034774465187738e-01
5.620000 -9.916682856756283e-02
5.630000 -9.545580289334200e-02
5.640000 -9.246570430593733e-02
5.650000 -9.030963529812563e-02
5.660000 -8.908686869736233e-02
5.670000 -8.887725031750943e-02
5.680000 -8.973560161056353e-02
5.690000 -9.168612231838383e-02
5.700000 -9.471679312441990e-02
5.710000 -9.877389919037459e-02
5.720000 -1.037596962387000e-01
5.730000 -1.095380531331687e-01
5.740000 -1.159432364272712e-01
5.750000 -1.227888157397480e-01
5.760000 -1.298765691301207e-01
5.770000 -1.370053884742236e-01
5.780000 -1.439801848397358e-01
5.790000 -1.506207938617124e-01
5.800000 -1.567708811181160e-01
5.810000 -1.623067277093441e-01
5.820000 -1.671429015791054e-01
5.830000 -1.712300241034987e-01
5.840000 -1.745494229682122e-01
5.850000 -1.771076653043935e-01
5.860000 -1.789310908245214e-01
5.870000 -1.800603449582769e-01
5.880000 -1.805449119884133e-01
5.890000 -1.804376481866281e-01
5.900000 -1.797893149494335e-01
5.910000 -1.786431748063241e-01
5.920000 -1.770312218889827e-01
5.930000 -1.749745610700772e-01
5.940000 -1.724854212897990e-01
5.950000 -1.695692317273662e-01
5.960000 -1.662266979725281e-01
5.970000 -1.624558781970693e-01
5.980000 -1.582542593263135e-01
5.990000 -1.536208332106277e-01
6.000000 -1.485581727969267e-01
6.010000 -1.430745025031745e-01
6.020000 -1.371856178899944e-01
6.030000 -1.309164228091660e-01
6.040000 -1.243023158731682e-01
6.050000 -1.173905711301157e-01
6.060000 -1.102417187386936e-01
6.070000 -1.029309256430936e-01
6.080000 -9.554937624794936e-02
6.090000 -8.820565309327202e-02
6.100000 -8.102711752938589e-02
6.110000 -7.416120334867343e-02
6.120000 -6.777444756682637e-02
6.130000 -6.204577747738640e-02
6.140000 -5.715753519632897e-02
6.150000 -5.328641519751040e-02
6.160000 -5.059440184811489e-02
6.170000 -4.921970694410158e-02
6.180000 -4.926770724565149e-02
6.190000 -5.080188201261472e-02
6.200000 -5.383475053995729e-02
6.210000 -5.831897394038090e-02
6.220000 -6.414272686786252e-02
6.230000 -7.113590755168629e-02
6.240000 -7.908061716450729e-02
6.250000 -8.772180337689907e-02
6.260000 -9.677790391190116e-02
6.270000 -1.059514900995666e-01
6.280000 -1.149399104315095e-01
6.290000 -1.234459341154524e-01
6.300000 -1.311883946297743e-01
6.310000 -1.379127610939155e-01
6.320000 -1.433998330519430e-01
6.330000 -1.474696719312226e-01
6.340000 -1.499836561652803e-01
6.350000 -1.508464641576274e-01
6.360000 -1.500080572455834e-01
6.370000 -1.474656626641006e-01
6.380000 -1.432657565095870e-01
6.390000 -1.375060467037311e-01
6.400000 -1.303374559573249e-01
6.410000 -1.219659736369707e-01
6.420000 -1.126510994486935e-01
6.430000 -1.026956361223684e-01
6.440000 -9.243207434047558e-02
6.450000 -8.220884661247911e-02
6.460000 -7.237658114920664e-02
6.470000 -6.327435573722830e-02
6.480000 -5.521595161323580e-02
6.490000 -4.847610733842201e-02
6.500000 -4.327677267285983e-02
6.510000 -3.977355020904814e-02
6.520000 -3.804701828666587e-02
6.530000 -3.810644412673201e-02
6.540000 -3.989837767562003e-02
6.550000 -4.331543315110347e-02
6.560000 -4.820507058840168e-02
6.570000 -5.437837738622531e-02
6.580000 -6.161884985282215e-02
6.590000 -6.969117475202255e-02
6.600000 -7.835001084928524e-02
6.610000 -8.734872639428705e-02
6.620000 -9.644699105327902e-02
6.630000 -1.054154600642681e-01
6.640000 -1.140393129664748e-01
6.650000 -1.221217482787858e-01
6.660000 -1.294874781782067e-01
6.670000 -1.359862231783147e-01
6.680000 -1.414962068077110e-01
6.690000 -1.459276502884742e-01
6.700000 -1.492262672146121e-01
6.710000 -1.513766786096778e-01
6.720000 -1.524037580087784e-01
6.730000 -1.523687222507186e-01
6.740000 -1.513631525022170e-01
6.750000 -1.495029356820528e-01
6.760000 -1.469222058852135e-01
6.770000 -1.437672858070413e-01
6.780000 -1.401906281673806e-01
6.790000 -1.363447571347248e-01
6.800000 -1.323762097503634e-01
6.810000 -1.284195337094056e-01
6.820000 -1.245927503127798e-01
6.830000 -1.209965365283722e-01
6.840000 -1.177148720883908e-01
6.850000 -1.148157429301315e-01
6.860000 -1.123518446367434e-01
6.870000 -1.103612858779950e-01
6.880000 -1.088682918510395e-01
6.890000 -1.078839077211805e-01
6.900000 -1.074067020626380e-01
6.910000 -1.074234886911150e-01
6.920000 -1.079105266512046e-01
6.930000 -1.088359339307273e-01
6.940000 -1.101625792899318e-01
6.950000 -1.118509924784979e-01
6.960000 -1.138622744525403e-01
6.970000 -1.161610075916116e-01
6.980000 -1.187181659157061e-01
6.990000 -1.215140253022632e-01
7.000000 -1.245410737031705e-01
7.010000 -1.278068517252427e-01
7.020000 -1.313349827700483e-01
7.030000 -1.351616076126858e-01
7.040000 -1.393300086761404e-01
7.050000 -1.438851646827389e-01
7.060000 -1.488683053056044e-01
7.070000 -1.543114658201113e-01
7.080000 -1.602320417553407e-01
7.090000 -1.666273435455340e-01
7.100000 -1.734691511815492e-01
7.110000 -1.806983683378843e-01
7.120000 -1.882222627261094e-01
7.130000 -1.959182712649999e-01
7.140000 -2.036403913040922e-01
7.150000 -2.112256713055100e-01
7.160000 -2.185007015257899e-01
7.170000 -2.252881046977079e-01
7.180000 -2.314130267121049e-01
7.190000 -2.367096272997133e-01
7.200000 -2.410275707129831e-01
7.210000 -2.442384692297517e-01
7.220000 -2.462411000823031e-01
7.230000 -2.469635088650663e-01
7.240000 -2.463638864394879e-01
7.250000 -2.444313986679293e-01
7.260000 -2.411870161475635e-01
7.270000 -2.366843439442717e-01
7.280000 -2.310104513265394e-01
7.290000 -2.242867014993543e-01
7.300000 -2.166695813381018e-01
7.310000 -2.083514320448001e-01
7.320000 -1.995586038885026e-01
7.330000 -1.905430722464476e-01
7.340000 -1.815714778586015e-01
7.350000 -1.729140680174589e-01
7.360000 -1.648336377578455e-01
7.370000 -1.575744710467195e-01
7.380000 -1.513512819729733e-01
7.390000 -1.463381559372350e-01
7.400000 -1.426574908416709e-01
7.410000 -1.403691150148970e-01
7.420000 -1.394640000960802e-01
7.430000 -1.398696378024000e-01
7.440000 -1.414600114636059e-01
7.450000 -1.440657442724762e-01
7.460000 -1.474842475352767e-01
7.470000 -1.514898689222193e-01
7.480000 -1.558440407179212e-01
7.490000 -1.603054280718629e-01
7.500000 -1.646400772488474e-01
7.510000 -1.686314874423328e-01
7.520000 -1.720886952756601e-01
7.530000 -1.748493146722979e-01
7.540000 -1.767805894804460e-01
7.550000 -1.777803696671594e-01
7.560000 -1.777780875124725e-01
7.570000 -1.767357338035236e-01
7.580000 -1.746488340286785e-01
7.590000 -1.715474245716553e-01
7.600000 -1.674970289056479e-01
7.610000 -1.625995536664712e-01
7.620000 -1.569921016220466e-01
7.630000 -1.508404968296853e-01
7.640000 -1.443307267419638e-01
7.650000 -1.376603041968448e-01
7.660000 -1.310296294077988e-01
7.670000 -1.246333519539243e-01
7.680000 -1.186517327700697e-01
7.690000 -1.132420061369536e-01
7.700000 -1.085297416712865e-01
7.710000 -1.046003297045981e-01
7.720000 -1.014936747255229e-01
7.730000 -9.920703229969535e-02
7.740000 -9.770105399945692e-02
7.750000 -9.690595571690497e-02
7.760000 -9.672768597694183e-02
7.770000 -9.705409425032378e-02
7.780000 -9.776109926670996e-02
7.790000 -9.871885732771161e-02
7.800000 -9.979793061994087e-02
7.810000 -1.008754022382586e-01
7.820000 -1.018396056834604e-01
7.830000 -1.025913372713156e-01
7.840000 -1.030436830276294e-01
7.850000 -1.031217922946617e-01
7.860000 -1.027626513375465e-01
7.870000 -1.019148569507107e-01
7.880000 -1.005383900642936e-01
7.890000 -9.860438935056572e-02
7.900000 -9.609492483034782e-02
7.910000 -9.300276820943562e-02
7.920000 -8.933107819515672e-02
7.930000 -8.509286999326619e-02
7.940000 -8.031039978497503e-02
7.950000 -7.501454593398388e-02
7.960000 -6.924419019351648e-02
7.970000 -6.304559891335358e-02
7.980000 -5.647180424686631e-02
7.990000 -4.958198535804997e-02
8.000000 -4.244084962855760e-02
8.010000 -3.511801071971454e-02
8.020000 -2.768728486348733e-02
8.030000 -2.022577957993131e-02
8.040000 -1.281290062290887e-02
8.050000 -5.529355780720253e-03
8.060000 1.543841323265646e-03
8.070000 8.326367429980499e-03
8.080000 1.473958584402576e-02
8.090000 2.070754263304187e-02
8.100000 2.615796282707749e-02
8.110000 3.102325874849901e-02
8.120000 3.524185374016833e-02
8.130000 3.876030652668788e-02
8.140000 4.153575097918814e-02
8.150000 4.353834801118284e-02
8.160000 4.475373747442433e-02
8.170000 4.518549005475877e-02
8.180000 4.485755916798138e-02
8.190000 4.381673285569181e-02
8.200000 4.213508568114929e-02
8.210000 3.991234460789846e-02
8.220000 3.727601838554927e-02
8.230000 3.437584961328289e-02
8.240000 3.137603025441178e-02
8.250000 2.844733112810002e-02
8.260000 2.575923140108393e-02
8.270000 2.347204807939240e-02
8.280000 2.172906550006748e-02
8.290000 2.064866482288476e-02
8.300000 2.031645352207390e-02
8.310000 2.077752021272522e-02
8.320000 2.203194826622775e-02
8.330000 2.403860187465978e-02
8.340000 2.672217101320225e-02
8.350000 2.998034174813761e-02
8.360000 3.369096654484852e-02
8.370000 3.771923457581668e-02
8.380000 4.192484202862163e-02
8.390000 4.616916241393948e-02
8.400000 5.032241687354173e-02
8.410000 5.427076660611028e-02
8.420000 5.792138028854982e-02
8.430000 6.120236099380390e-02
8.440000 6.406064801950921e-02
8.450000 6.645984082600004e-02
8.460000 6.837802297431288e-02
8.470000 6.980558606419092e-02
8.480000 7.074305367208861e-02
8.490000 7.119890528917620e-02
8.500000 7.118740025934428e-02
8.510000 7.072642616629472e-02
8.520000 6.983598292239143e-02
8.530000 6.853828060245598e-02
8.540000 6.685847301121541e-02
8.550000 6.482541570302552e-02
8.560000 6.247242400159431e-02
8.570000 5.983803101970514e-02
8.580000 5.696674567894023e-02
8.590000 5.390981072940391e-02
8.600000 5.072596076944603e-02
8.610000 4.748214402556681e-02
8.620000 4.425330185292448e-02
8.630000 4.111975622583413e-02
8.640000 3.816365489371762e-02
8.650000 3.546538029171971e-02
8.660000 3.309995845132435e-02
8.670000 3.113346791097084e-02
8.680000 2.961944862667003e-02
8.690000 2.859531088262055e-02
8.700000 2.807874420182504e-02
8.710000 2.806419806568022e-02
8.720000 2.852122976680004e-02
8.730000 2.939759206625780e-02
8.740000 3.062418810895729e-02
8.750000 3.212009816046747e-02
8.760000 3.379760634385729e-02
8.770000 3.556722737653029e-02
8.780000 3.734273330705943e-02
8.790000 3.904618025202168e-02
8.800000 4.061293513283283e-02
8.810000 4.199662883633375e-02
8.820000 4.317219627775028e-02
8.830000 4.413405995618423e-02
8.840000 4.489240026851011e-02
8.850000 4.546935223262687e-02
8.860000 4.589520221070953e-02
8.870000 4.620458463246085e-02
8.880000 4.643267871836294e-02
8.890000 4.661140520292899e-02
8.900000 4.676562305795480e-02
8.910000 4.690938229086256e-02
8.920000 4.704363479296186e-02
8.930000 4.715764654608370e-02
8.940000 4.723186800104776e-02
8.950000 4.724086054341306e-02
8.960000 4.715622295922871e-02
8.970000 4.694951790078470e-02
8.980000 4.659519835236250e-02
8.990000 4.607353409598599e-02
9.000000 4.537353817717196e-02
9.010000 4.449584900212617e-02
9.020000 4.345445876763069e-02
9.030000 4.227551321616290e-02
9.040000 4.099495761759468e-02
9.050000 3.965613837172547e-02
9.060000 3.830740461081546e-02
9.070000 3.699970980211862e-02
9.080000 3.578421335041580e-02
9.090000 3.470988220054801e-02
9.100000 3.382109243994928e-02
9.110000 3.315525801345985e-02
9.120000 3.274116441400066e-02
9.130000 3.259909201713774e-02
9.140000 3.274164446224497e-02
9.150000 3.317460415302069e-02
9.160000 3.389778775800403e-02
9.170000 3.490590171109138e-02
9.180000 3.618939771205288e-02
9.190000 3.773532822704877e-02
9.200000 3.952820198914598e-02
9.210000 4.155082634144245e-02
9.220000 4.378480745825210e-02
9.230000 4.621018205570388e-02
9.240000 4.880470694321201e-02
9.250000 5.154313541383530e-02
9.260000 5.439649363463661e-02
9.270000 5.733135703704208e-02
9.280000 6.030912670720063e-02
9.290000 6.328530577634316e-02
9.300000 6.620877581114212e-02
9.310000 6.902110636164749e-02
9.320000 7.165672668695661e-02
9.330000 7.404528621399968e-02
9.340000 7.611487727498854e-02
9.350000 7.779529101253529e-02
9.360000 7.902127328477093e-02
9.370000 7.973578057046384e-02
9.380000 7.989323587413849e-02
9.390000 7.946278463119411e-02
9.400000 7.843155061302308e-02
9.410000 7.680783410384621e-02
9.420000 7.462280899156766e-02
9.430000 7.192840917064743e-02
9.440000 6.879371367071835e-02
9.450000 6.530127403809229e-02
9.460000 6.154344171726629e-02
9.470000 5.761869543242863e-02
9.480000 5.362796856896494e-02
9.490000 4.967097655496435e-02
9.500000 4.584254424272553e-02
9.510000 4.222896424148802e-02
9.520000 3.890516006814747e-02
9.530000 3.593389243412975e-02
9.540000 3.336577045792437e-02
9.550000 3.123929383961041e-02
9.560000 2.958089503538259e-02
9.570000 2.840498143207731e-02
9.580000 2.771397752169858e-02
9.590000 2.749836707594417e-02
9.600000 2.773673532073147e-02
9.610000 2.839582600242162e-02
9.620000 2.943098568222071e-02
9.630000 3.078759106427861e-02
9.640000 3.240286360700956e-02
9.650000 3.420769903161554e-02
9.660000 3.612849683060931e-02
9.670000 3.808898977633772e-02
9.680000 4.001207342950484e-02
9.690000 4.182163564769523e-02
9.700000 4.344438609389706e-02
9.710000 4.481168520660108e-02
9.720000 4.586135916918446e-02
9.730000 4.653947933634250e-02
9.740000 4.680212765769808e-02
9.750000 4.661716156277596e-02
9.760000 4.596597884597721e-02
9.770000 4.484528255155355e-02
9.780000 4.326884585858171e-02
9.790000 4.126927696593789e-02
9.800000 3.889978397727201e-02
9.810000 3.623587548249896e-02
9.820000 3.337538903622742e-02
9.830000 3.043427472970956e-02
9.840000 2.754070639407230e-02
9.850000 2.482912847349949e-02
9.860000 2.243430289841435e-02
9.870000 2.048535595866163e-02
9.880000 1.909982517669000e-02
9.890000 1.837770618073432e-02
9.900000 1.839549957799797e-02
9.910000 1.920033299714147e-02
9.920000 2.080603779421790e-02
9.930000 2.319418801147696e-02
9.940000 2.631709432650991e-02
9.950000 3.010087320339040e-02
9.960000 3.444851604381523e-02
9.970000 3.924295833824518e-02
9.980000 4.435014881704574e-02
9.990000 4.962211860162797e-02
10.000000 5.490005035558918e-02
10.010000 6.001736299604386e-02
10.020000 6.480320102672879e-02
10.030000 6.908695107809790e-02
10.040000 7.270316314024314e-02
10.050000 7.549648736311089e-02
10.060000 7.732661085671816e-02
10.070000 7.807319449136878e-02
10.080000 7.764080969786974e-02
10.090000 7.596387526774745e-02
10.100000 7.301159415346378e-02
10.110000 6.879279996023731e-02
10.120000 6.335845507402309e-02
10.130000 5.679818700990349e-02
10.140000 4.923447596462497e-02
10.150000 4.081675201753798e-02
10.160000 3.171549233153723e-02
10.170000 2.211631835400159e-02
10.180000 1.221409301773423e-02
10.190000 2.207017941902699e-03
10.200000 -7.709269367021081e-03
10.210000 -1.734756103065829e-02
10.220000 -2.653397478974881e-02
10.230000 -3.511038865819117e-02
10.240000 -4.293590586624565e-02
10.250000 -4.988828250142836e-02
10.260000 -5.586535514940535e-02
10.270000 -6.078646853488683e-02
10.280000 -6.459390316252124e-02
10.290000 -6.725430295778939e-02
10.300000 -6.876010290789869e-02
10.310000 -6.913090581696010e-02
10.320000 -6.841353582010748e-02
10.330000 -6.667873256404387e-02
10.340000 -6.401652188096980e-02
10.350000 -6.053153555023871e-02
10.360000 -5.633833106001222e-02
10.370000 -5.155671136891547e-02
10.380000 -4.630704466769255e-02
10.390000 -4.070558414086169e-02
10.400000 -3.485978772837075e-02
10.410000 -2.886369991486384e-02
10.420000 -2.279494650655933e-02
10.430000 -1.671582434310291e-02
10.440000 -1.067600433423020e-02
10.450000 -4.715296557760580e-03
10.460000 1.133584642409007e-03
10.470000 6.842255558310222e-03
10.480000 1.238389801990947e-02
10.490000 1.773049429711412e-02
10.500000 2.285006200177866e-02
10.510000 2.770393613110537e-02
10.520000 3.224527700048712e-02
10.530000 3.642069038781679e-02
10.540000 4.017307383376556e-02
10.550000 4.344451011010837e-02
10.560000 4.617916068804933e-02
10.570000 4.832615920654728e-02
10.580000 4.984250494064120e-02
10.590000 5.069595626977563e-02
10.600000 5.086792414612620e-02
10.610000 5.035632048568590e-02
10.620000 4.917723433943962e-02
10.630000 4.736363209347951e-02
10.640000 4.496288518454708e-02
10.650000 4.203425271186979e-02
10.660000 3.864636404899800e-02
10.670000 3.487470145564157e-02
10.680000 3.079908268950663e-02
10.690000 2.650114361813239e-02
10.700000 2.206182083072777e-02
10.710000 1.755886025233080e-02
10.720000 1.306500194498987e-02
10.730000 8.647881584631121e-03
10.740000 4.370608283271129e-03
10.750000 2.923684293844022e-04
10.760000 -3.530970471729095e-03
10.770000 -7.046255957576428e-03
10.780000 -1.020244676810417e-02
10.790000 -1.295000900533089e-02
10.800000 -1.524031229297963e-02
10.810000 -1.702505346189118e-02
10.820000 -1.825639604458128e-02
10.830000 -1.888892704408830e-02
10.840000 -1.888232968555162e-02
10.850000 -1.820408371092955e-02
10.860000 -1.683216567371725e-02
10.870000 -1.475774923366460e-02
10.880000 -1.198790545149415e-02
10.890000 -8.548303083619027e-03
10.900000 -4.485908876860792e-03
10.910000 1.283834981551865e-04
10.920000 5.198980280359725e-03
10.930000 1.060952583499169e-02
10.940000 1.622869710265714e-02
10.950000 2.191606945626607e-02
10.960000 2.752798255796919e-02
10.970000 3.292340621609488e-02
10.980000 3.796980624208585e-02
10.990000 4.254901030743606e-02
11.000000 4.656307380062748e-02
11.010000 4.994006095259173e-02
11.020000 5.263762248694103e-02
11.030000 5.464097910812184e-02
11.040000 5.595870094312894e-02
11.050000 5.661840219462332e-02
11.060000 5.666243579404993e-02
11.070000 5.614358805475572e-02
11.080000 5.512077332510736e-02
11.090000 5.365472864160926e-02
11.100000 5.180370838202140e-02
11.110000 4.961922813700909e-02
11.120000 4.714308853757233e-02
11.130000 4.440764863568936e-02
11.140000 4.143737958324858e-02
11.150000 3.825046756376333e-02
11.160000 3.486041672408682e-02
11.170000 3.127765210612692e-02
11.180000 2.751112257856094e-02
11.190000 2.356990376855049e-02
11.200000 1.946480099345629e-02
11.210000 1.520993660618107e-02
11.220000 1.082393200537632e-02
11.230000 6.330060576034656e-03
11.240000 1.755995183090653e-03
11.250000 -2.866459932535834e-03
11.260000 -7.501637257896316e-03
11.270000 -1.211027411197032e-02
11.280000 -1.664978074962206e-02
11.290000 -2.107450846555710e-02
11.300000 -2.533601769827901e-02
11.310000 -2.938336147545598e-02
11.320000 -3.316376782667454e-02
11.330000 -3.662433510352618e-02
11.340000 -3.971412638051621e-02
11.350000 -4.238627920872588e-02
11.360000 -4.460011536947456e-02
11.370000 -4.632325062798202e-02
11.380000 -4.753370448703054e-02
11.390000 -4.822200994062718e-02
11.400000 -4.839332322766590e-02
11.410000 -4.806948639809736e-02
11.420000 -4.728986271701931e-02
11.430000 -4.610905650918678e-02
11.440000 -4.459340548227077e-02
11.450000 -4.281742582670769e-02
11.460000 -4.086025731554829e-02
11.470000 -3.880210840430709e-02
11.480000 -3.672070133081141e-02
11.490000 -3.468771721505060e-02
11.500000 -3.276524115902522e-02
11.510000 -3.100224921776307e-02
11.520000 -2.943218428286374e-02
11.530000 -2.807329654466084e-02
11.540000 -2.693007319472871e-02
11.550000 -2.599471003233731e-02
11.560000 -2.524858307090717e-02
11.570000 -2.466372014446441e-02
11.580000 -2.420427251409573e-02
11.590000 -2.382798647440331e-02
11.600000 -2.348767495995987e-02
11.610000 -2.313270632693191e-02
11.620000 -2.271093979961739e-02
11.630000 -2.217179493408857e-02
11.640000 -2.146976788495282e-02
11.650000 -2.056796486110217e-02
11.660000 -1.944163558146293e-02
11.670000 -1.808170673074518e-02
11.680000 -1.649831541519238e-02
11.690000 -1.472434261833092e-02
11.700000 -1.281894665671965e-02
11.710000 -1.087098418425798e-02
11.720000 -8.999506715734613e-03
11.730000 -7.346832288998777e-03
11.740000 -6.068691717041435e-03
11.750000 -5.324262295701918e-03
11.760000 -5.266201511374591e-03
11.770000 -6.030680748715471e-03
11.780000 -7.727418998348893e-03
11.790000 -1.042971656457414e-02
11.800000 -1.416448877307212e-02
11.810000 -1.890247686254328e-02
11.820000 -2.455306686053400e-02
11.830000 -3.097080755721558e-02
11.840000 -3.796653796620058e-02
11.850000 -4.531869211957527e-02
11.860000 -5.278460386293232e-02
11.870000 -6.011181165040309e-02
11.880000 -6.704936333969036e-02
11.890000 -7.335912098710065e-02
11.900000 -7.882706564257705e-02
11.910000 -8.327447788196606e-02
11.920000 -8.656588664280171e-02
11.930000 -8.860881315090660e-02
11.940000 -8.935028206949389e-02
11.950000 -8.877320827740225e-02
11.960000 -8.689278364733088e-02
11.970000 -8.375286382407439e-02
11.980000 -7.942235500275786e-02
11.990000 -7.399160070707182e-02
12.000000 -6.756876856750722e-02
12.010000 -6.027624535237862e-02
12.020000 -5.224724663020046e-02
12.030000 -4.362297135889267e-02
12.040000 -3.454997117992968e-02
12.050000 -2.517752797263639e-02
12.060000 -1.565503140848448e-02
12.070000 -6.129356505388577e-03
12.080000 3.257758817997596e-03
12.090000 1.237233618798505e-02
12.100000 2.109077922155335e-02
12.110000 2.930246989537685e-02
12.120000 3.691168673072694e-02
12.130000 4.383780113175204e-02
12.140000 5.001479530143364e-02
12.150000 5.539075405704443e-02
12.160000 5.992735664560658e-02
12.170000 6.359936855935014e-02
12.180000 6.639413335117116e-02
12.190000 6.831106445009012e-02
12.200000 6.936113697671006e-02
12.210000 6.956637934863737e-02
12.220000 6.895935942335189e-02
12.230000 6.758265677211082e-02
12.240000 6.548832948933758e-02
12.250000 6.273738079177678e-02
12.260000 5.939922561764924e-02
12.270000 5.555115722580693e-02
12.280000 5.127781379488788e-02
12.290000 4.667064502247113e-02
12.300000 4.182737872423174e-02
12.310000 3.685150665494956e-02
12.320000 3.185227024483573e-02
12.330000 2.694591558511997e-02
12.340000 2.225744851290491e-02
12.350000 1.792240893626886e-02
12.360000 1.408864515936904e-02
12.370000 1.091808820754438e-02
12.380000 8.588526152418643e-03
12.390000 7.295378437003326e-03
12.400000 7.253470200800692e-03
12.410000 8.697314994369862e-03
12.420000 1.184260394417322e-02
12.430000 1.674920045562025e-02
12.440000 2.314532676740694e-02
12.450000 3.025025743541980e-02
12.460000 3.659701281663982e-02
12.470000 3.985505255304655e-02
12.480000 3.665296905552202e-02
12.490000 2.240118098775479e-02
12.500000 -8.885373249856025e-03
