0.800000 1.887497588165846e+00
0.900000 2.297497388462646e+00
1.000000 2.583228727219385e+00
1.100000 2.761361131666427e+00
1.200000 2.848564129034134e+00
1.300000 2.861507246552868e+00
1.400000 2.816860011452993e+00
1.500000 2.731291950964872e+00
1.600000 2.621472592318868e+00
1.700000 2.504071462745342e+00
1.800000 2.392831637936521e+00
1.900000 2.289790387432070e+00
2.000000 2.194058529233517e+00
2.100000 2.104746881342391e+00
2.200000 2.020966261760218e+00
2.300000 1.941827488488528e+00
2.400000 1.866441379528849e+00
2.500000 1.793918752882707e+00
2.600000 1.723370426551631e+00
2.700000 1.653907218537150e+00
2.800000 1.584859784179716e+00
2.900000 1.516438128175496e+00
3.000000 1.449072092559578e+00
3.100000 1.383191519367052e+00
3.200000 1.319226250633009e+00
3.300000 1.257606128392540e+00
3.400000 1.198760994680734e+00
3.500000 1.143120691532682e+00
3.600000 1.091115060983474e+00
3.700000 1.043173945068200e+00
3.800000 9.994969075201039e-01
3.900000 9.593623988650416e-01
4.000000 9.218185913270229e-01
4.100000 8.859136571300575e-01
4.200000 8.506957684981550e-01
4.300000 8.152130976553247e-01
4.400000 7.785138168255761e-01
4.500000 7.396460982329190e-01
4.600000 6.976581141013627e-01
4.700000 6.515980366549170e-01
4.800000 6.008789631075770e-01
4.900000 5.463736906332813e-01
5.000000 4.893199413959538e-01
5.100000 4.309554375595189e-01
5.200000 3.725179012879005e-01
5.300000 3.152450547450228e-01
5.400000 2.603746200948099e-01
5.500000 2.091443195011860e-01
5.600000 1.627918751280751e-01
5.700000 1.225550091394014e-01
5.800000 8.978436388469455e-02
5.900000 6.628226245590657e-02
6.000000 5.396394813059498e-02
6.100000 5.474466418631732e-02
6.200000 7.053965390063116e-02
6.300000 1.032641605510940e-01
6.400000 1.548334274152635e-01
6.500000 2.271626977706971e-01
6.600000 3.221672148949524e-01
6.700000 4.417622220655869e-01
6.800000 5.861721770842970e-01
6.900000 7.488583958493323e-01
7.000000 9.215914087830803e-01
7.100000 1.096141746307928e+00
7.200000 1.264279938846265e+00
7.300000 1.417776516820476e+00
7.400000 1.548402010652951e+00
7.500000 1.647926950766076e+00
7.600000 1.708121867582239e+00
7.700000 1.720757291523828e+00
7.800000 1.680125976917427e+00
7.900000 1.590609573706415e+00
8.000000 1.459111955738370e+00
8.100000 1.292536996860867e+00
8.200000 1.097788570921487e+00
8.300000 8.817705517678046e-01
8.400000 6.513868132473994e-01
8.500000 4.135412292078477e-01
8.600000 1.751376734967268e-01
8.700000 -5.691998003838544e-02
8.800000 -2.767087237765132e-01
8.900000 -4.822290150030889e-01
9.000000 -6.724621772301472e-01
9.100000 -8.463895339697229e-01
9.200000 -1.002992408733850e+00
9.300000 -1.141252125034565e+00
9.400000 -1.260150006383900e+00
9.500000 -1.358667376293892e+00
9.600000 -1.435785558276575e+00
9.700000 -1.490485875843983e+00
9.800000 -1.522523460230403e+00
9.900000 -1.534748673559136e+00
10.000000 -1.530785685675734e+00
10.100000 -1.514258666425752e+00
10.200000 -1.488791785654741e+00
10.300000 -1.458009213208254e+00
10.400000 -1.425535118931845e+00
10.500000 -1.394993672671067e+00
10.600000 -1.370009044271473e+00
10.700000 -1.354205403578616e+00
