2.742436
2.742436
2.087486
0.777585
0.514182
-0.075850
-0.319328
-0.659922
-1.036388
-1.306897
-1.591428
-1.857819
-2.136688
-2.358337
-2.552488
-2.707324
-2.806532
-2.877230
-2.867301
-2.796662
-2.678403
-2.449318
-2.176264
-1.759289
-1.263180
-0.669744
0.192853
1.089526
2.742436
2.742436
1.261031
1.582359
1.432536
1.019308
0.847803
0.622875
0.486448
0.291692
0.184630
-0.140768
-0.220374
-0.425092
-0.539630
-0.696414
-0.746421
-1.011657
-1.118884
-1.232904
-1.356927
-1.490325
-1.620989
-1.708981
-1.797216
-1.903553
-1.964739
-2.009205
-2.025461
-2.066886
-2.079468
-2.071543
-2.031246
-2.005278
-1.944651
-1.862316
-1.750134
-1.622567
-1.525193
-1.278813
-1.131588
-0.868384
-0.608229
-0.329757
0.003003
0.386857
0.755904
1.502753
2.087486
1.782951
100.000000
100.000000
100.000000
2.329208
100.000000
1.915981
1.915981
1.502753
1.369724
1.369724
0.777585
0.528548
0.301546
0.108094
-0.026370
-0.271902
-0.356707
-0.631528
-0.776486
-1.001693
-1.100253
-1.298134
-1.474879
-1.582224
-1.719455
-1.837013
-1.920046
-2.002576
-2.070428
-2.098212
-2.147240
-2.153256
-2.123230
-2.099453
-2.027462
-1.954667
-1.851948
-1.720459
-1.560762
-1.347626
-1.171521
-0.902305
-0.592914
-0.294261
0.115320
0.558362
1.089526
1.432536
2.329208
2.329208
2.329208
100.000000
100.000000
100.000000
100.000000
100.000000
100.000000
100.000000
100.000000
100.000000
100.000000
100.000000
100.000000
100.000000
100.000000
100.000000
100.000000
100.000000
100.000000
100.000000
100.000000
100.000000
100.000000
100.000000
100.000000
100.000000
100.000000
100.000000
100.000000
100.000000
100.000000
100.000000
100.000000
100.000000
100.000000
100.000000
100.000000
100.000000
100.000000
100.000000
2.742436
100.000000
2.329208
2.329208
1.915981
2.329208
1.915981
1.432536
1.782951
1.432536
1.502753
1.312903
1.128001
0.956496
0.873176
0.987075
0.606081
0.422283
0.364358
0.375502
0.235761
0.015170
-0.059809
-0.048869
-0.163968
-0.244711
-0.382491
-0.499536
-0.519920
-0.653951
-0.761643
-0.871170
-0.887617
-0.975446
-1.055052
-1.144906
-1.204990
-1.262459
-1.355695
-1.413803
-1.502497
-1.539404
-1.590597
-1.629228
-1.695885
-1.693091
-1.745664
-1.748223
-1.748542
-1.786538
-1.793382
-1.771383
-1.777188
-1.788331
-1.750770
-1.727439
-1.697277
-1.644614
-1.609823
-1.528432
-1.452243
-1.416036
-1.352604
-1.248603
-1.119801
-1.035334
-0.915350
-0.725501
-0.603894
-0.439598
-0.336610
-0.126402
0.168517
0.244726
0.640156
0.676298
1.213312
1.169132
1.782951
1.915981
2.329208
2.329208
100.000000
2.742436
-0.692676
-2.025661
-2.948194
-3.253274
-2.665732
-0.876703
