0.145555 -3.222638493293690e+00
0.148555 -3.783552467181509e+00
0.151555 -3.206691267043369e+00
0.154555 -1.563643070107895e+00
0.157555 4.285235126807612e-01
0.160555 1.083788965231179e+00
0.163555 6.784524713129800e-01
0.166555 5.098148631940097e-01
0.169555 6.535832028162805e-01
0.172555 6.975374985805345e-01
0.175555 5.874895421779281e-01
0.178555 3.978752290120208e-01
0.181555 5.206103943138092e-01
0.184555 4.381486741137677e-01
0.187555 4.698811485397333e-01
0.190555 3.780554840365127e-01
0.193555 8.544713930157810e-02
0.196555 -2.528214140882837e-01
0.199555 -4.116470244811429e-01
0.202555 -4.136667327578208e-01
0.205555 -3.450132342685240e-01
0.208555 -3.479472435730471e-01
0.211555 -4.020982236066970e-01
0.214555 -9.422867760140998e-01
0.217555 -1.982922546418807e+00
0.220555 -1.633525832146631e+00
0.223555 -8.498521497275662e-01
0.226555 2.650268728251508e-01
0.229555 1.095981661944638e-01
0.232555 2.353476168259221e-15
0.235555 -6.631585086266263e-14
0.238555 -1.420813313236087e-14
0.241555 -3.789936932736701e-14
0.244555 -9.237798811945304e-14
0.247555 -1.444702973782910e-13
0.250555 -1.446858126915612e-21
0.253555 -1.515889832207408e-13
0.256555 -1.136811752022199e-13
0.259555 -2.605173648256141e-14
0.262555 -4.263403422275528e-14
0.265555 -2.131228005811974e-14
0.268555 1.657946660941498e-13
0.271555 4.760124255179620e-14
0.274555 1.543191179015438e-01
0.277555 7.651816533131546e-01
0.280555 7.042347173862056e-01
0.283555 -2.514767421778769e-02
0.286555 1.936250306131930e-02
0.289555 3.674338416642318e-01
0.292555 2.026006545201682e-01
0.295555 -1.851273928210234e-01
0.298555 -8.755066337592495e-01
0.301555 -7.788203602296526e-01
0.304555 -1.500171724372968e-01
0.307555 4.359200089894153e-02
0.310555 6.077988040320380e-02
0.313555 1.210417357733652e-01
0.316555 1.421385434483252e-01
0.319555 1.287041764791862e-02
0.322555 -1.613549297937432e-01
0.325555 -6.923819192889091e-02
0.328555 5.590209722354667e-02
0.331555 1.669623260555018e-01
0.334555 1.888402781815504e-01
0.337555 1.017555122462753e-01
0.340555 -4.747054973476994e-03
0.343555 -2.524602669622838e-02
0.346555 -4.760795960417796e-02
0.349555 -4.081321046146549e-02
0.352555 -9.331676711047598e-02
0.355555 -8.913892917023246e-02
0.358555 -4.371482507136049e-02
0.361555 -7.589156913793020e-02
0.364555 -2.025805186207973e-01
0.367555 -2.400286374517310e-01
0.370555 -2.337837485711056e-01
0.373555 -1.861679182901776e-01
0.376555 -1.893314121475065e-01
0.379555 -2.138043612774369e-01
0.382555 -1.929788918125059e-01
0.385555 -2.154137142912859e-01
0.388555 -3.183570935754477e-01
0.391555 -3.483230190342017e-01
0.394555 -5.531147745527336e-01
0.397555 -6.609333947717762e-01
0.400555 -6.529181497462841e-01
0.403555 -1.247722107170397e+00
0.406555 1.160407649807306e+00
