3.200000 3.268788245521185e+00
3.210000 3.787023187640487e+00
3.220000 4.281384866484813e+00
3.230000 4.729883826814611e+00
3.240000 5.118154444226471e+00
3.250000 5.438360100738097e+00
3.260000 5.688098360373297e+00
3.270000 5.869306144746961e+00
3.280000 5.987164908650045e+00
3.290000 6.049005815634551e+00
3.300000 6.063214913598518e+00
3.310000 6.038148198925616e+00
3.320000 5.981303705653115e+00
3.330000 5.899145920028745e+00
3.340000 5.797187123384296e+00
3.350000 5.680078613892642e+00
3.360000 5.551701928324772e+00
3.370000 5.415260063806850e+00
3.380000 5.273368699577222e+00
3.390000 5.128147418743474e+00
3.400000 4.981310930039465e+00
3.410000 4.834259679299358e+00
3.420000 4.688154598245062e+00
3.430000 4.543951593863643e+00
3.440000 4.402420180935686e+00
3.450000 4.264161504864410e+00
3.460000 4.129626364504793e+00
3.470000 3.999133234992677e+00
3.480000 3.872886290573888e+00
3.490000 3.750993427433362e+00
3.500000 3.633484286524248e+00
3.510000 3.520328170053885e+00
3.520000 3.411449193843585e+00
3.530000 3.306734424322594e+00
3.540000 3.206039252390234e+00
3.550000 3.109192661034329e+00
3.560000 3.016002492949627e+00
3.570000 2.926260718156233e+00
3.580000 2.839748701618025e+00
3.590000 2.756242470861089e+00
3.600000 2.675517983592140e+00
3.610000 2.597356379637586e+00
3.620000 2.521548825333858e+00
3.630000 2.447900323552724e+00
3.640000 2.376233116321130e+00
3.650000 2.306390071775983e+00
3.660000 2.238238071118936e+00
3.670000 2.171671395571186e+00
3.680000 2.106615113328254e+00
3.690000 2.043028466514784e+00
3.700000 1.980908258139326e+00
3.710000 1.920292118918868e+00
3.720000 1.861258651574222e+00
3.730000 1.803919650065548e+00
3.740000 1.748409197370373e+00
3.750000 1.694872643238533e+00
3.760000 1.643455581947104e+00
3.770000 1.594292830055330e+00
3.780000 1.547497404159567e+00
3.790000 1.503149498648211e+00
3.800000 1.461285463456629e+00
3.810000 1.421886959313507e+00
3.820000 1.384874726527245e+00
3.830000 1.350114063104980e+00
3.840000 1.317424914866443e+00
3.850000 1.286592142894702e+00
3.860000 1.257375790986913e+00
3.870000 1.229521353105055e+00
3.880000 1.202770040826685e+00
3.890000 1.176869050795670e+00
3.900000 1.151581832172945e+00
3.910000 1.126698251264510e+00
3.920000 1.102042083456962e+00
3.930000 1.077471721734150e+00
3.940000 1.052878213374418e+00
3.950000 1.028183193912417e+00
3.960000 1.003336821100921e+00
3.970000 9.783157088726437e-01
3.980000 9.531208613020452e-01
3.990000 9.277756065671517e-01
4.000000 9.023235309113697e-01
4.010000 8.768263973841528e-01
4.020000 8.513616689327013e-01
4.030000 8.260190273138729e-01
4.040000 8.008964964830934e-01
4.050000 7.760965507747205e-01
4.060000 7.517222230824094e-01
4.070000 7.278732130394745e-01
4.080000 7.046419951992564e-01
4.090000 6.821099272154832e-01
4.100000 6.603433580226372e-01
4.110000 6.393897920459377e-01
4.120000 6.192755098200442e-01
4.130000 6.000068850719584e-01
4.140000 5.815731577609741e-01
4.150000 5.639492631030792e-01
4.160000 5.470986605953614e-01
4.170000 5.309761630404102e-01
4.180000 5.155307655707208e-01
4.190000 5.007084746730979e-01
4.200000 4.864551372130587e-01
4.210000 4.727192328635423e-01
4.220000 4.594537152753340e-01
4.230000 4.466154388793962e-01
4.240000 4.341636347180584e-01
4.250000 4.220583497092278e-01
4.260000 4.102588859105983e-01
4.270000 3.987222397838617e-01
4.280000 3.874015414589166e-01
4.290000 3.762444939980791e-01
4.300000 3.651918126602928e-01
4.310000 3.541757147161935e-01
4.320000 3.431197232767028e-01
4.330000 3.319418062047522e-01
4.340000 3.205588286547580e-01
4.350000 3.088910561243727e-01
4.360000 2.968666575062363e-01
4.370000 2.844262081397274e-01
4.380000 2.715271928627156e-01
4.390000 2.581485090633124e-01
4.400000 2.442949697316223e-01
4.410000 2.300017191920626e-01
4.420000 2.153363790486469e-01
4.430000 2.003954331852044e-01
4.440000 1.852983436261769e-01
4.450000 1.701815791427456e-01
4.460000 1.551926438589572e-01
4.470000 1.404841058578506e-01
4.480000 1.262076257875827e-01
4.490000 1.125079854675557e-01
4.500000 9.951711649454223e-02
4.510000 8.734818248015365e-02
4.520000 7.609105539410355e-02
4.530000 6.581133030116548e-02
4.540000 5.655073381769030e-02
4.550000 4.832758616084093e-02
4.560000 4.113726319782657e-02
4.570000 3.495265849513730e-02
4.580000 2.972464536777849e-02
4.590000 2.538253892850533e-02
4.600000 2.183455813705720e-02
4.610000 1.896833764061966e-02
4.620000 1.665273390783611e-02
4.630000 1.474291643564611e-02
4.640000 1.308675290179192e-02
4.650000 1.153124407376431e-02
4.660000 9.928958717748348e-03
4.670000 8.144468507569237e-03
4.680000 6.060782933638081e-03
4.690000 3.585784211897714e-03
4.700000 6.586621927684841e-04
4.710000 -2.743764461804908e-03
4.720000 -6.603683514410579e-03
4.730000 -1.086642815158758e-02
4.740000 -1.544757162616709e-02
4.750000 -2.024013555449440e-02
4.760000 -2.512179821365101e-02
4.770000 -2.996210283867665e-02
4.780000 -3.462966591979130e-02
4.790000 -3.899938549961732e-02
4.800000 -4.295964947040141e-02
4.810000 -4.641945132301329e-02
4.820000 -4.931310012770232e-02
4.830000 -5.159882433496194e-02
4.840000 -5.325497041498990e-02
4.850000 -5.427610900960868e-02
4.860000 -5.466914108418601e-02
4.870000 -5.444940407955528e-02
4.880000 -5.363677806393617e-02
4.890000 -5.225179188485504e-02
4.900000 -5.031172932106545e-02
4.910000 -4.782679890604466e-02
4.920000 -4.479795888935780e-02
4.930000 -4.121894318928346e-02
4.940000 -3.707994207949717e-02
4.950000 -3.237134650694989e-02
4.960000 -2.708749240974637e-02
4.970000 -2.123040503502377e-02
4.980000 -1.481354325683006e-02
4.990000 -7.865543894002461e-03
5.000000 -4.339660280460453e-04
5.010000 7.411043406153991e-03
5.020000 1.557513054996811e-02
5.030000 2.394330995157406e-02
5.040000 3.238558593448332e-02
5.050000 4.076265264499614e-02
5.060000 4.893159409965674e-02
5.070000 5.675158423270844e-02
5.080000 6.408958694354877e-02
5.090000 7.082605614418459e-02
5.100000 7.686063580668728e-02
5.110000 8.211779737412159e-02
5.120000 8.655084891810393e-02
5.130000 9.014181150785161e-02
5.140000 9.289966769618270e-02
5.150000 9.485854740602230e-02
5.160000 9.607591381690830e-02
5.170000 9.663074925149742e-02
5.180000 9.662174106207129e-02
5.190000 9.616546751704223e-02
5.200000 9.539458368745951e-02
5.210000 9.445596941046860e-02
5.220000 9.350789142643751e-02
5.230000 9.271466330809511e-02
5.240000 9.224031977939522e-02
5.250000 9.224225313294007e-02
5.260000 9.286484964740387e-02
5.270000 9.423312600495612e-02
5.280000 9.644636570868551e-02
5.290000 9.957175550002273e-02
5.300000 1.036380217761647e-01
5.310000 1.086292002402259e-01
5.320000 1.144818690178896e-01
5.330000 1.210911727234264e-01
5.340000 1.283203092617815e-01
5.350000 1.360101497903463e-01
5.360000 1.439888586807316e-01
5.370000 1.520815134805392e-01
5.380000 1.601197248751346e-01
5.390000 1.679512566494191e-01
5.400000 1.754496456496024e-01
5.410000 1.825236916125345e-01
5.420000 1.891235641000509e-01
5.430000 1.952383229545563e-01
5.440000 2.008900565450847e-01
5.450000 2.061278899494654e-01
5.460000 2.110219931364892e-01
5.470000 2.156575891480747e-01
5.480000 2.201289622814346e-01
5.490000 2.245334662712413e-01
5.500000 2.289655324717940e-01
5.510000 2.335107230146007e-01
5.520000 2.382409531449727e-01
5.530000 2.432126811861417e-01
5.540000 2.484662674551509e-01
5.550000 2.540253781314384e-01
5.560000 2.598963891254210e-01
5.570000 2.660677899470781e-01
5.580000 2.725095875745354e-01
5.590000 2.791727103226486e-01
5.600000 2.859884117115868e-01
5.610000 2.928677021854891e-01
5.620000 2.997015048252061e-01
5.630000 3.063626487211774e-01
5.640000 3.127085862056688e-01
5.650000 3.185841379216095e-01
5.660000 3.238242378914286e-01
5.670000 3.282566785858928e-01
5.680000 3.317048559929433e-01
5.690000 3.339905146865327e-01
5.700000 3.349364928954624e-01
5.710000 3.343694899039418e-01
5.720000 3.321234139943542e-01
5.730000 3.280442039430483e-01
5.740000 3.219952309551061e-01
5.750000 3.138627229205094e-01
5.760000 3.035611886703067e-01
5.770000 2.910388422327800e-01
5.780000 2.762830270896128e-01
5.790000 2.593256404320552e-01
5.800000 2.402485574170926e-01
5.810000 2.191889230562960e-01
5.820000 1.963410030212708e-01
5.830000 1.719493001317681e-01
5.840000 1.462982303438191e-01
5.850000 1.197016664288965e-01
5.860000 9.249248165307598e-02
5.870000 6.501209345619748e-02
5.880000 3.760000713102726e-02
5.890000 1.058335950241884e-02
5.900000 -1.573353739352535e-02
5.910000 -4.107954713249660e-02
5.920000 -6.522431713623018e-02
5.930000 -8.797892551201396e-02
5.940000 -1.091937857457207e-01
5.950000 -1.287564459412780e-01
5.960000 -1.465893880601364e-01
5.970000 -1.626478271607389e-01
5.980000 -1.769175106379899e-01
5.990000 -1.894125174627242e-01
6.000000 -2.001730574211757e-01
6.010000 -2.092632680923919e-01
6.020000 -2.167689530194117e-01
6.030000 -2.227951706145002e-01
6.040000 -2.274637642671446e-01
6.050000 -2.309108901908954e-01
6.060000 -2.332845452702075e-01
6.070000 -2.347420949072816e-01
6.080000 -2.354478008689048e-01
6.090000 -2.355703491332922e-01
6.100000 -2.352803777369276e-01
6.110000 -2.347479954129994e-01
6.120000 -2.341400608390081e-01
6.130000 -2.336168542439463e-01
6.140000 -2.333285096592991e-01
6.150000 -2.334114379651044e-01
6.160000 -2.339847499360128e-01
6.170000 -2.351466792873478e-01
6.180000 -2.369710057211658e-01
6.190000 -2.395034779723160e-01
6.200000 -2.427582368545003e-01
6.210000 -2.467143314317800e-01
6.220000 -2.513146561873422e-01
6.230000 -2.564710333813489e-01
6.240000 -2.620717160756599e-01
6.250000 -2.679889842509635e-01
6.260000 -2.740867409239072e-01
6.270000 -2.802281082642284e-01
6.280000 -2.862830237118847e-01
6.290000 -2.921358360941846e-01
6.300000 -2.976929017429185e-01
6.310000 -3.028900646608061e-01
6.320000 -3.076971222793831e-01
6.330000 -3.121146397471824e-01
6.340000 -3.161677501957928e-01
6.350000 -3.198998390938772e-01
6.360000 -3.233662286011912e-01
6.370000 -3.266278619226030e-01
6.380000 -3.297449876621116e-01
6.390000 -3.327708441768660e-01
6.400000 -3.357453439311843e-01
6.410000 -3.386888411492293e-01
6.420000 -3.415980650250023e-01
6.430000 -3.444475497866469e-01
6.440000 -3.471932300583648e-01
6.450000 -3.497761194950151e-01
6.460000 -3.521259894167153e-01
6.470000 -3.541650474434417e-01
6.480000 -3.558116161296301e-01
6.490000 -3.569838115987755e-01
6.500000 -3.576032221780336e-01
6.510000 -3.575985559706586e-01
6.520000 -3.569084808843578e-01
6.530000 -3.554824148544971e-01
6.540000 -3.532805086133903e-01
6.550000 -3.502735974064440e-01
6.560000 -3.464431527082998e-01
6.570000 -3.417812339389796e-01
6.580000 -3.362904401800285e-01
6.590000 -3.299838618906591e-01
6.600000 -3.228850326238952e-01
6.610000 -3.150278764529937e-01
6.620000 -3.064565438743104e-01
6.630000 -2.972249646265467e-01
6.640000 -2.873962889979709e-01
6.650000 -2.770423248450697e-01
6.660000 -2.662429746112001e-01
6.670000 -2.550856723452410e-01
6.680000 -2.436648207202456e-01
6.690000 -2.320812280520928e-01
6.700000 -2.204415453181390e-01
6.710000 -2.088576864491347e-01
6.720000 -1.974458137591081e-01
6.730000 -1.863242195472036e-01
6.740000 -1.756107728788502e-01
6.750000 -1.654203496443305e-01
6.760000 -1.558622626173498e-01
6.770000 -1.470376915136046e-01
6.780000 -1.390371130493515e-01
6.790000 -1.319377309999767e-01
6.800000 -1.258009062585640e-01
6.810000 -1.206696032648683e-01
6.820000 -1.165662620352076e-01
6.830000 -1.134917505170114e-01
6.840000 -1.114247425073272e-01
6.850000 -1.103211119380350e-01
6.860000 -1.101133271610617e-01
6.870000 -1.107098452335953e-01
6.880000 -1.119945062032996e-01
6.890000 -1.138259273935282e-01
6.900000 -1.160368976885391e-01
6.910000 -1.184338626584849e-01
6.920000 -1.207987713701174e-01
6.930000 -1.228969180103113e-01
6.940000 -1.244871450097338e-01
6.950000 -1.253321369877340e-01
6.960000 -1.252087146972317e-01
6.970000 -1.239181289696075e-01
6.980000 -1.212963546595912e-01
6.990000 -1.172243845901513e-01
7.000000 -1.116385234973844e-01
7.010000 -1.045405160820520e-01
7.020000 -9.600336207654774e-02
7.030000 -8.616618335127754e-02
7.040000 -7.522477833968808e-02
7.050000 -6.342201060026492e-02
7.060000 -5.103819737853035e-02
7.070000 -3.838149816904161e-02
7.080000 -2.577830327738860e-02
7.090000 -1.356362238219219e-02
7.100000 -2.071473097102131e-03
7.110000 8.374714723410290e-03
7.120000 1.747128535991106e-02
7.130000 2.494250459720572e-02
7.140000 3.054829780058429e-02
7.150000 3.409197225081068e-02
7.160000 3.542793947911205e-02
7.170000 3.446943760216827e-02
7.180000 3.119625365710130e-02
7.190000 2.566244593646452e-02
7.200000 1.800406632323213e-02
7.210000 8.446645739804366e-03
7.220000 -2.693479173680360e-03
7.230000 -1.502347276330471e-02
7.240000 -2.809446550491705e-02
7.250000 -4.142225600054938e-02
7.260000 -5.450801297483576e-02
7.270000 -6.685897727143002e-02
7.280000 -7.800916384942423e-02
7.290000 -8.754006377976656e-02
7.300000 -9.510134624167944e-02
7.310000 -1.004313000199382e-01
7.320000 -1.033705022710072e-01
7.330000 -1.038582953627151e-01
7.340000 -1.019224912908857e-01
7.350000 -9.766881562763999e-02
7.360000 -9.127035146969770e-02
7.370000 -8.295698338667923e-02
7.380000 -7.300484136940726e-02
7.390000 -6.172574477820841e-02
7.400000 -4.945664629121498e-02
7.410000 -3.654909550030280e-02
7.420000 -2.335921333035506e-02
7.430000 -1.023896313976041e-02
7.440000 2.472067374775426e-03
7.450000 1.445486462768356e-02
7.460000 2.541918759398584e-02
7.470000 3.511176625874851e-02
7.480000 4.332450006653612e-02
7.490000 4.990265637086541e-02
7.500000 5.475306888365900e-02
7.510000 5.785215249871614e-02
7.520000 5.924914395019040e-02
7.530000 5.905722361227254e-02
7.540000 5.743986327208849e-02
7.550000 5.459699029043465e-02
7.560000 5.075115176251310e-02
7.570000 4.613367867866717e-02
7.580000 4.097085008511663e-02
7.590000 3.547005724469329e-02
7.600000 2.980596779757608e-02
7.610000 2.410689894204816e-02
7.620000 1.844662504591358e-02
7.630000 1.284998020849966e-02
7.640000 7.303895140945929e-03
7.650000 1.768643055277461e-03
7.660000 -3.810914446521865e-03
7.670000 -9.494081483436115e-03
7.680000 -1.533308200634404e-02
7.690000 -2.136181390894573e-02
7.700000 -2.758460313868947e-02
7.710000 -3.396513744714744e-02
7.720000 -4.042007071970943e-02
7.730000 -4.682448331768866e-02
7.740000 -5.302201294179858e-02
7.750000 -5.883516512928380e-02
7.760000 -6.407562375105114e-02
7.770000 -6.855456150880071e-02
7.780000 -7.209295043215697e-02
7.790000 -7.453187237579957e-02
7.800000 -7.574282951659472e-02
7.810000 -7.563792088317005e-02
7.820000 -7.417653574056302e-02
7.830000 -7.136320516372122e-02
7.840000 -6.724197048048092e-02
7.850000 -6.189061774843006e-02
7.860000 -5.541491223177118e-02
7.870000 -4.794283287818461e-02
7.880000 -3.961880679569130e-02
7.890000 -3.059794372951597e-02
7.900000 -2.104027053895005e-02
7.910000 -1.110500940048249e-02
7.920000 -9.459928976519549e-04
7.930000 9.290034939916723e-03
7.940000 1.946398070605291e-02
7.950000 2.944491996084239e-02
7.960000 3.911061557342990e-02
7.970000 4.834803606482140e-02
7.980000 5.705387395068635e-02
7.990000 6.513506408416035e-02
8.000000 7.250930199864719e-02
8.010000 7.910555370223625e-02
8.020000 8.486434321189977e-02
8.030000 8.973747588516970e-02
8.040000 9.368753948883753e-02
8.050000 9.668739671899283e-02
8.060000 9.871967772106165e-02
8.070000 9.977627260984553e-02
8.080000 9.985782398955982e-02
8.090000 9.897321947387228e-02
8.100000 9.713908420594200e-02
8.110000 9.437927311522651e-02
8.120000 9.072435633016714e-02
8.130000 8.621108721715255e-02
8.140000 8.088186357521886e-02
8.150000 7.478418856750377e-02
8.160000 6.797013165270148e-02
8.170000 6.049578951651698e-02
8.180000 5.242074700312073e-02
8.190000 4.380753804660311e-02
8.200000 3.472110660242896e-02
8.210000 2.522827838351420e-02
8.220000 1.539751352298070e-02
8.230000 5.299372368801938e-03
8.240000 -4.992737786740170e-03
8.250000 -1.540180517216315e-02
8.260000 -2.584645600189182e-02
8.270000 -3.624019694136613e-02
8.280000 -4.649065757214904e-02
8.290000 -5.649883285703444e-02
8.300000 -6.615832560515490e-02
8.310000 -7.535463534986883e-02
8.320000 -8.396565399484122e-02
8.330000 -9.186522485178021e-02
8.340000 -9.892790849128499e-02
8.350000 -1.050337950109651e-01
8.360000 -1.100733163035590e-01
8.370000 -1.139520583250537e-01
8.380000 -1.165955733628033e-01
8.390000 -1.179541923036483e-01
8.400000 -1.180078369020345e-01
8.410000 -1.167707484609804e-01
8.420000 -1.142940431680068e-01
8.430000 -1.106627503527864e-01
8.440000 -1.059906773008839e-01
8.450000 -1.004151904704563e-01
8.460000 -9.409199670895368e-02
8.470000 -8.718992446981988e-02
8.480000 -7.988570502919318e-02
8.490000 -7.235875370260697e-02
8.500000 -6.478595106169049e-02
8.510000 -5.733644636657016e-02
8.520000 -5.016703863133710e-02
8.530000 -4.341902402825266e-02
8.540000 -3.721562095607616e-02
8.550000 -3.165941732719917e-02
8.560000 -2.682981785477985e-02
8.570000 -2.278049133987719e-02
8.580000 -1.953681795858529e-02
8.590000 -1.709333654916761e-02
8.600000 -1.541119189919130e-02
8.610000 -1.441568503870881e-02
8.620000 -1.399650182358773e-02
8.630000 -1.401474046625275e-02
8.640000 -1.431261752272825e-02
8.650000 -1.472327690234327e-02
8.660000 -1.508059887743670e-02
8.670000 -1.522900909306234e-02
8.680000 -1.503328757669398e-02
8.690000 -1.438837774793057e-02
8.700000 -1.322919542820121e-02
8.710000 -1.154026783847842e-02
8.720000 -9.360952036572150e-03
8.730000 -6.779431537346852e-03
8.740000 -3.922292061716121e-03
8.750000 -9.439272425651764e-04
8.760000 1.984055669326735e-03
8.770000 4.683430099363866e-03
8.780000 6.979944443211593e-03
8.790000 8.713916360873902e-03
8.800000 9.750827070771028e-03
8.810000 9.991790611637312e-03
8.820000 9.380772063386261e-03
8.830000 7.903552801110974e-03
8.840000 5.583444452583428e-03
8.850000 2.476877798027185e-03
8.860000 -1.331008330109895e-03
8.870000 -5.730778147382824e-03
8.880000 -1.059311001757685e-02
8.890000 -1.577320755293465e-02
8.900000 -2.111521071438361e-02
8.910000 -2.645661126286727e-02
8.920000 -3.163278134724574e-02
8.930000 -3.648178929749689e-02
8.940000 -4.084932856431241e-02
8.950000 -4.459365101078107e-02
8.960000 -4.759050020407168e-02
8.970000 -4.973804470711618e-02
8.980000 -5.096181137029271e-02
8.990000 -5.121961862310875e-02
9.000000 -5.050650976588401e-02
9.010000 -4.885957924708373e-02
9.020000 -4.636001635581521e-02
9.030000 -4.312808509379142e-02
9.040000 -3.931532119776607e-02
9.050000 -3.509662212114951e-02
9.060000 -3.066233701562468e-02
9.070000 -2.621035671276297e-02
9.080000 -2.193820370564023e-02
9.090000 -1.803512213045256e-02
9.100000 -1.467416774813233e-02
9.110000 -1.200436429992649e-02
9.120000 -1.014458572874655e-02
9.130000 -9.181819670887284e-03
9.140000 -9.171156991965759e-03
9.150000 -1.013584771466770e-02
9.160000 -1.206735694649380e-02
9.170000 -1.492542080750611e-02
9.180000 -1.863810235807432e-02
9.190000 -2.310184752662219e-02
9.200000 -2.818154103737379e-02
9.210000 -3.371064413405087e-02
9.220000 -3.949345918828329e-02
9.230000 -4.531279362450389e-02
9.240000 -5.093975096706318e-02
9.250000 -5.614360370704580e-02
9.260000 -6.070166616908678e-02
9.270000 -6.440916737818796e-02
9.280000 -6.708912392653428e-02
9.290000 -6.860221284031021e-02
9.300000 -6.885664444651611e-02
9.310000 -6.781786986651366e-02
9.320000 -6.551398839196002e-02
9.330000 -6.203023852297279e-02
9.340000 -5.749918837292279e-02
9.350000 -5.209076064837974e-02
9.360000 -4.600225762905834e-02
9.370000 -3.944838614776401e-02
9.380000 -3.265128257033875e-02
9.390000 -2.583053777560696e-02
9.400000 -1.919322213532135e-02
9.410000 -1.292399914693111e-02
9.420000 -7.177544276153663e-03
9.430000 -2.076815861092446e-03
9.440000 2.286368478282915e-03
9.450000 5.850666748278204e-03
9.460000 8.584547489616245e-03
9.470000 1.048562468557853e-02
9.480000 1.157999267014681e-02
9.490000 1.192156103614475e-02
9.500000 1.159138954337952e-02
9.510000 1.069696405891929e-02
9.520000 9.369939165498014e-03
9.530000 7.759988200322020e-03
9.540000 6.027119752725904e-03
9.550000 4.333935173036458e-03
9.560000 2.837886081436602e-03
9.570000 1.683531876829356e-03
9.580000 9.947972457017274e-04
9.590000 8.672296709886936e-04
9.600000 1.360256940937103e-03
9.610000 2.489581198298196e-03
9.620000 4.223123449182361e-03
9.630000 6.485981429520967e-03
9.640000 9.168938445148853e-03
9.650000 1.213710880361124e-02
9.660000 1.523858324597054e-02
9.670000 1.831307437861334e-02
9.680000 2.120056210505716e-02
9.690000 2.374993905775743e-02
9.700000 2.582765602991430e-02
9.710000 2.732627502883768e-02
9.720000 2.817062019577766e-02
9.730000 2.831783053561367e-02
9.740000 2.775501014540883e-02
9.750000 2.649678602776226e-02
9.760000 2.458286590416137e-02
9.770000 2.207559602833426e-02
9.780000 1.905751899960201e-02
9.790000 1.562893157623104e-02
9.800000 1.190544248878542e-02
9.810000 8.015511820670207e-03
9.820000 4.097511073796334e-03
9.830000 2.955664137345661e-04
9.840000 -3.245077477324063e-03
9.850000 -6.382711988148383e-03
9.860000 -8.983819166047197e-03
9.870000 -1.092772630444937e-02
9.880000 -1.211126053048394e-02
9.890000 -1.245340339256026e-02
9.900000 -1.189994544794806e-02
9.910000 -1.042807067105004e-02
9.920000 -8.049115952142584e-03
9.930000 -4.806697740696311e-03
9.940000 -7.730134697038135e-04
9.950000 3.954927230246289e-03
9.960000 9.259071316895193e-03
9.970000 1.500409112223988e-02
9.980000 2.104115313845899e-02
9.990000 2.721168680383870e-02
10.000000 3.335115328869874e-02
10.010000 3.929282308186396e-02
10.020000 4.487178242388280e-02
10.030000 4.992952071056567e-02
10.040000 5.431874678397042e-02
10.050000 5.790821402800318e-02
10.060000 6.058754546401969e-02
10.070000 6.227205884642622e-02
10.080000 6.290759175828065e-02
10.090000 6.247532670689376e-02
10.100000 6.099661621943003e-02
10.110000 5.853768065553715e-02
10.120000 5.521099616995274e-02
10.130000 5.116827996627377e-02
10.140000 4.659016508466900e-02
10.150000 4.167574784501606e-02
10.160000 3.663213529003862e-02
10.170000 3.166399262844346e-02
10.180000 2.696309067805765e-02
10.190000 2.269785330896560e-02
10.200000 1.900290488664624e-02
10.210000 1.596876660054328e-02
10.220000 1.363542441590376e-02
10.230000 1.199572594758361e-02
10.240000 1.100264970974379e-02
10.250000 1.057672332624162e-02
10.260000 1.061344174102222e-02
10.270000 1.099068542850994e-02
10.280000 1.157613860399978e-02
10.290000 1.223470743404880e-02
10.300000 1.283593824686749e-02
10.310000 1.326136833906025e-02
10.320000 1.341012400329809e-02
10.330000 1.320006874289357e-02
10.340000 1.256719835207693e-02
10.350000 1.146496855709801e-02
10.360000 9.863622657328229e-03
10.370000 7.749519166362559e-03
10.380000 5.124459453121438e-03
10.390000 2.005015382952764e-03
10.400000 -1.578143041266174e-03
10.410000 -5.580935831227285e-03
10.420000 -9.946971857798694e-03
10.430000 -1.460969033271877e-02
10.440000 -1.949491306943023e-02
10.450000 -2.452341254577796e-02
10.460000 -2.961347996670681e-02
10.470000 -3.468349332695947e-02
10.480000 -3.965448547377426e-02
10.490000 -4.445271216958287e-02
10.500000 -4.901222015470835e-02
10.510000 -5.327738088461679e-02
10.520000 -5.720453164906045e-02
10.530000 -6.076135056614032e-02
10.540000 -6.392533876258617e-02
10.550000 -6.668226820902284e-02
10.560000 -6.902462955523704e-02
10.570000 -7.095007996544365e-02
10.580000 -7.245989095355233e-02
10.590000 -7.355739621843407e-02
10.600000 -7.424643947918766e-02
10.610000 -7.452984237967211e-02
10.620000 -7.440839428891459e-02
10.630000 -7.388116706480603e-02
10.640000 -7.294635183239664e-02
10.650000 -7.160211584332987e-02
10.660000 -6.984745933527606e-02
10.670000 -6.768307239136653e-02
10.680000 -6.511219179962713e-02
10.690000 -6.214145791241221e-02
10.700000 -5.878177150583854e-02
10.710000 -5.504913951669697e-02
10.720000 -5.096523153924840e-02
10.730000 -4.655720201056471e-02
10.740000 -4.185722308756230e-02
10.750000 -3.690200639469481e-02
10.760000 -3.173232477164564e-02
10.770000 -2.639253402102055e-02
10.780000 -2.093009465604019e-02
10.790000 -1.539509364823276e-02
10.800000 -9.839766175126535e-03
10.810000 -4.318008272045816e-03
10.820000 1.115347055574916e-03
10.830000 6.405854239514393e-03
10.840000 1.150101615329318e-02
10.850000 1.635185421837139e-02
10.860000 2.091447851034623e-02
10.870000 2.515165786514975e-02
10.880000 2.903438998524636e-02
10.890000 3.254347154583056e-02
10.900000 3.567106830102457e-02
10.910000 3.842224909398684e-02
10.920000 4.081558117927168e-02
10.930000 4.288134242185813e-02
10.940000 4.465879457159274e-02
10.950000 4.619342041785971e-02
10.960000 4.753416094425100e-02
10.970000 4.873065248323630e-02
10.980000 4.983046387083320e-02
10.990000 5.087633360127716e-02
11.000000 5.190340698169176e-02
11.010000 5.293650782299616e-02
11.020000 5.398830826017874e-02
11.030000 5.505977873644893e-02
11.040000 5.614153635078940e-02
11.050000 5.721522776514936e-02
11.060000 5.825491211163773e-02
11.070000 5.922844389971638e-02
11.080000 6.009885592339350e-02
11.090000 6.082574216841663e-02
11.100000 6.136664071946608e-02
11.110000 6.167842165033966e-02
11.120000 6.171880449978452e-02
11.130000 6.144820473972677e-02
11.140000 6.083170986398746e-02
11.150000 5.984106046347426e-02
11.160000 5.845663130137303e-02
11.170000 5.666941238833952e-02
11.180000 5.448299005769098e-02
11.190000 5.191552804059774e-02
11.200000 4.900174854127484e-02
11.210000 4.579485348852368e-02
11.220000 4.236689002753103e-02
11.230000 3.880516622821382e-02
11.240000 3.520711060267839e-02
11.250000 3.167507175591538e-02
11.260000 2.831111803649477e-02
11.270000 2.521183718726066e-02
11.280000 2.246313599602629e-02
11.290000 2.013503994626898e-02
11.300000 1.827649286782494e-02
11.310000 1.691024445915252e-02
11.320000 1.603002299200675e-02
11.330000 1.560350969150289e-02
11.340000 1.557759895078382e-02
11.350000 1.588374648247491e-02
11.360000 1.644331747013892e-02
11.370000 1.717293471973080e-02
11.380000 1.798982681105263e-02
11.390000 1.881717624920843e-02
11.400000 1.958946761605906e-02
11.410000 2.025776741498890e-02
11.420000 2.079322752453089e-02
11.430000 2.118607868931267e-02
11.440000 2.144284709818066e-02
11.450000 2.158350260346795e-02
11.460000 2.163860694026212e-02
11.470000 2.164646194567314e-02
11.480000 2.165025777810120e-02
11.490000 2.169522113650462e-02
11.500000 2.182576347966767e-02
11.510000 2.208264457956297e-02
11.520000 2.250053485747715e-02
11.530000 2.310659016766346e-02
11.540000 2.391942548416926e-02
11.550000 2.494810393379931e-02
11.560000 2.619112582907900e-02
11.570000 2.763541770121754e-02
11.580000 2.925532133307123e-02
11.590000 3.101158279210673e-02
11.600000 3.285034146336418e-02
11.610000 3.470216964097551e-02
11.620000 3.648242696834850e-02
11.630000 3.809495308879433e-02
11.640000 3.943707555271594e-02
11.650000 4.040466832414075e-02
11.660000 4.089721028725353e-02
11.670000 4.082284375292901e-02
11.680000 4.010343296526476e-02
11.690000 3.867962260811394e-02
11.700000 3.651589631161804e-02
11.710000 3.360555317412454e-02
11.720000 2.997355214098500e-02
11.730000 2.567394315820396e-02
11.740000 2.078516550388976e-02
11.750000 1.540526406718222e-02
11.760000 9.647105627180434e-03
11.770000 3.633595131870576e-03
11.780000 -2.507108022946347e-03
11.790000 -8.646373714726688e-03
11.800000 -1.465988481525645e-02
11.810000 -2.043238416970604e-02
11.820000 -2.586146603350289e-02
11.830000 -3.085894150584796e-02
11.840000 -3.535124810880749e-02
11.850000 -3.927982259316341e-02
11.860000 -4.260147374426357e-02
11.870000 -4.528875518787207e-02
11.880000 -4.733033819601946e-02
11.890000 -4.873138449285312e-02
11.900000 -4.951391906048749e-02
11.910000 -4.971716623790833e-02
11.920000 -4.939693118347106e-02
11.930000 -4.862255762367321e-02
11.940000 -4.747293064567581e-02
11.950000 -4.603244275089451e-02
11.960000 -4.438695990859044e-02
11.970000 -4.261978760946122e-02
11.980000 -4.080763691923189e-02
11.990000 -3.901659053224595e-02
12.000000 -3.729806882505625e-02
12.010000 -3.568485904257028e-02
12.020000 -3.418878638144008e-02
12.030000 -3.280255368185822e-02
12.040000 -3.150322358029124e-02
12.050000 -3.025576385113654e-02
12.060000 -2.901659274837933e-02
12.070000 -2.773712434724963e-02
12.080000 -2.636731388587907e-02
12.090000 -2.485920310695794e-02
12.100000 -2.317046559939211e-02
12.110000 -2.126791044144632e-02
12.120000 -1.912990137758560e-02
12.130000 -1.674602263541340e-02
12.140000 -1.411565989501791e-02
12.150000 -1.124653952167599e-02
12.160000 -8.153267798556936e-03
12.170000 -4.855870159426332e-03
12.180000 -1.378330421349862e-03
12.190000 2.252869982602834e-03
12.200000 6.010212770654366e-03
12.210000 9.866582667641401e-03
12.220000 1.379616339247259e-02
12.230000 1.777395280953845e-02
12.240000 2.177473401653753e-02
12.250000 2.577202550075634e-02
12.260000 2.973703129534930e-02
12.270000 3.363759113561856e-02
12.280000 3.743713061529402e-02
12.290000 4.109361134281311e-02
12.300000 4.455848109760081e-02
12.310000 4.777561096366119e-02
12.320000 5.067989377355416e-02
12.330000 5.319498264356950e-02
12.340000 5.523069069460082e-02
12.350000 5.668037773786243e-02
12.360000 5.741833696060632e-02
12.370000 5.729718161183918e-02
12.380000 5.614523168803933e-02
12.390000 5.376390061887366e-02
12.400000 4.992508195291478e-02
12.410000 4.436957780777363e-02
12.420000 3.683262135153110e-02
12.430000 2.713818938381375e-02
12.440000 1.532041914676807e-02
12.450000 1.746067920310442e-03
12.460000 -1.276302738262273e-02
12.470000 -2.680749062082499e-02
12.480000 -3.828794682956978e-02
12.490000 -4.428256262536036e-02
12.500000 -4.092458661067973e-02
