3.200000 2.284111407912377e+00
3.210000 4.293960034864608e+00
3.220000 5.550846099746727e+00
3.230000 6.265243184039814e+00
3.240000 6.603146695022541e+00
3.250000 6.691518890870528e+00
3.260000 6.623733905755718e+00
3.270000 6.465022774945738e+00
3.280000 6.257918459903256e+00
3.290000 6.027700873385356e+00
3.300000 5.787841904542898e+00
3.310000 5.545405575160212e+00
3.320000 5.305281956706302e+00
3.330000 5.071461191078607e+00
3.340000 4.847141710982935e+00
3.350000 4.634793635336167e+00
3.360000 4.436222164668970e+00
3.370000 4.252630976528517e+00
3.380000 4.084685620881189e+00
3.390000 3.932576915515298e+00
3.400000 3.796084341443791e+00
3.410000 3.674639298972506e+00
3.420000 3.567384742138767e+00
3.430000 3.473225621474199e+00
3.440000 3.390875706470669e+00
3.450000 3.318904268845045e+00
3.460000 3.255782765803950e+00
3.470000 3.199931523308523e+00
3.480000 3.149766419339168e+00
3.490000 3.103745567160313e+00
3.500000 3.060415998585168e+00
3.510000 3.018459891773054e+00
3.520000 2.976728960281735e+00
3.530000 2.934248795326763e+00
3.540000 2.890211373554669e+00
3.550000 2.843967109774597e+00
3.560000 2.795016909689942e+00
3.570000 2.743004222629998e+00
3.580000 2.687707094281588e+00
3.590000 2.629030219420710e+00
3.600000 2.566996994644178e+00
3.610000 2.501741506937504e+00
3.620000 2.433498854454317e+00
3.630000 2.362591234422904e+00
3.640000 2.289412363850474e+00
3.650000 2.214411836122268e+00
3.660000 2.138079477600674e+00
3.670000 2.060929704224345e+00
3.680000 1.983485878107318e+00
3.690000 1.906264664138125e+00
3.700000 1.829760386578915e+00
3.710000 1.754429510284033e+00
3.720000 1.680678361135120e+00
3.730000 1.608859067691673e+00
3.740000 1.539268740946404e+00
3.750000 1.472148778588910e+00
3.760000 1.407684169269342e+00
3.770000 1.346002796862069e+00
3.780000 1.287174744729345e+00
3.790000 1.231211599984976e+00
3.800000 1.178065757757987e+00
3.810000 1.127629849602757e+00
3.820000 1.079739398852518e+00
3.830000 1.034183666072545e+00
3.840000 9.907197203759143e-01
3.850000 9.490866347776388e-01
3.860000 9.090196815488102e-01
3.870000 8.702645275707380e-01
3.880000 8.325914296890911e-01
3.890000 7.958094300680350e-01
3.900000 7.597805515443765e-01
3.910000 7.244337544680352e-01
3.920000 6.897726938078522e-01
3.930000 6.558677410400544e-01
3.940000 6.228418083272705e-01
3.950000 5.908559343864069e-01
3.960000 5.600948703565247e-01
3.970000 5.307526656667139e-01
3.980000 5.030182539039700e-01
3.990000 4.770610386810696e-01
4.000000 4.530164795044467e-01
4.010000 4.309718462762448e-01
4.020000 4.109563571681884e-01
4.030000 3.929424417447065e-01
4.040000 3.768513860622332e-01
4.050000 3.625591462631210e-01
4.060000 3.499021621695553e-01
4.070000 3.386831708774680e-01
4.080000 3.286770203504520e-01
4.090000 3.196364830136739e-01
4.100000 3.112980693477892e-01
4.110000 3.033878559681151e-01
4.120000 2.956276902271141e-01
4.130000 2.877423504586022e-01
4.140000 2.794670826284967e-01
4.150000 2.705551514591469e-01
4.160000 2.607853915536659e-01
4.170000 2.499697585202602e-01
4.180000 2.379608800965622e-01
4.190000 2.246596072739597e-01
4.200000 2.100225654219275e-01
4.210000 1.940695389913252e-01
4.220000 1.768865303157174e-01
4.230000 1.586178389343859e-01
4.240000 1.394538163191680e-01
4.250000 1.196184543108408e-01
4.260000 9.935697355550729e-02
4.270000 7.892341194098072e-02
4.280000 5.856821303316972e-02
4.290000 3.852581451246369e-02
4.300000 1.900223661011763e-02
4.310000 1.628252419063363e-04
4.320000 -1.787598367389666e-02
4.330000 -3.504469377531064e-02
4.340000 -5.131475781168617e-02
4.350000 -6.669243261953123e-02
4.360000 -8.121263409833777e-02
4.370000 -9.493279218640782e-02
4.380000 -1.079267058366800e-01
4.390000 -1.202783979925557e-01
4.400000 -1.320759705637255e-01
4.410000 -1.434055108101132e-01
4.420000 -1.543463340317902e-01
4.430000 -1.649696179362445e-01
4.440000 -1.753383729303475e-01
4.450000 -1.855074637823101e-01
4.460000 -1.955236312836388e-01
4.470000 -2.054255139110931e-01
4.480000 -2.152436694886410e-01
4.490000 -2.250005968494161e-01
4.500000 -2.347107574976734e-01
4.510000 -2.443806002593861e-01
4.520000 -2.540086636202358e-01
4.530000 -2.635858752427533e-01
4.540000 -2.730959291493291e-01
4.550000 -2.825156658917133e-01
4.560000 -2.918154527205142e-01
4.570000 -3.009595637546967e-01
4.580000 -3.099065601510818e-01
4.590000 -3.186096702738448e-01
4.600000 -3.270171698640149e-01
4.610000 -3.350727882068192e-01
4.620000 -3.427167900976823e-01
4.630000 -3.498887730665554e-01
4.640000 -3.565311402192572e-01
4.650000 -3.625925990584982e-01
4.660000 -3.680316603049035e-01
4.670000 -3.728201367180360e-01
4.680000 -3.769466419174197e-01
4.690000 -3.804200892035631e-01
4.700000 -3.832731903789827e-01
4.710000 -3.855658768712917e-01
4.720000 -3.873867011310071e-01
4.730000 -3.888491117022750e-01
4.740000 -3.900857090944764e-01
4.750000 -3.912424240085146e-01
4.760000 -3.924726955631034e-01
4.770000 -3.939316495210544e-01
4.780000 -3.957702765155650e-01
4.790000 -3.981296102765063e-01
4.800000 -4.011349058567106e-01
4.810000 -4.048898666027491e-01
4.820000 -4.094721382267201e-01
4.830000 -4.149320189595173e-01
4.840000 -4.212924364854931e-01
4.850000 -4.285489735896484e-01
4.860000 -4.366698938048233e-01
4.870000 -4.455961670588869e-01
4.880000 -4.552414953219290e-01
4.890000 -4.654923382534493e-01
4.900000 -4.762079388495487e-01
4.910000 -4.872204199816247e-01
4.920000 -4.983367237544583e-01
4.930000 -5.093452282197692e-01
4.940000 -5.200242064595644e-01
4.950000 -5.301503565160314e-01
4.960000 -5.395073313214297e-01
4.970000 -5.478942686279855e-01
4.980000 -5.551343209377844e-01
4.990000 -5.610831854326636e-01
5.000000 -5.656376339041059e-01
5.010000 -5.687439014855648e-01
5.020000 -5.704024049402665e-01
5.030000 -5.706631447648827e-01
5.040000 -5.696174377138192e-01
5.050000 -5.673895082124510e-01
5.060000 -5.641280797703555e-01
5.070000 -5.599979663945500e-01
5.080000 -5.551716640027247e-01
5.090000 -5.498209418364777e-01
5.100000 -5.441084338745502e-01
5.110000 -5.381793137869300e-01
5.120000 -5.321551415563379e-01
5.130000 -5.261332221669178e-01
5.140000 -5.201881354663980e-01
5.150000 -5.143733495197292e-01
5.160000 -5.087228339627227e-01
5.170000 -5.032526733556881e-01
5.180000 -4.979626805370719e-01
5.190000 -4.928380099770951e-01
5.200000 -4.878507711313921e-01
5.210000 -4.829616613152126e-01
5.220000 -4.781221060233193e-01
5.230000 -4.732776872401013e-01
5.240000 -4.683720790841666e-01
5.250000 -4.633510029623779e-01
5.260000 -4.581661827238890e-01
5.270000 -4.527792998141814e-01
5.280000 -4.471659484291006e-01
5.290000 -4.413195906688909e-01
5.300000 -4.352555116922335e-01
5.310000 -4.290146691266451e-01
5.320000 -4.226647936081963e-01
5.330000 -4.162945121545703e-01
5.340000 -4.100047232471642e-01
5.350000 -4.038998662275269e-01
5.360000 -3.980791906937973e-01
5.370000 -3.926280258971425e-01
5.380000 -3.876090501381954e-01
5.390000 -3.830535601634931e-01
5.400000 -3.789527405619152e-01
5.410000 -3.752491131507408e-01
5.420000 -3.718326653332248e-01
5.430000 -3.685488546420234e-01
5.440000 -3.652112913060552e-01
5.450000 -3.616146007121750e-01
5.460000 -3.575472858668449e-01
5.470000 -3.528045898578083e-01
5.480000 -3.472013583157622e-01
5.490000 -3.405849018760292e-01
5.500000 -3.328478586402321e-01
5.510000 -3.239408660729313e-01
5.520000 -3.138802789777871e-01
5.530000 -3.027433133592255e-01
5.540000 -2.906582373264511e-01
5.550000 -2.777943715287113e-01
5.560000 -2.643520895905591e-01
5.570000 -2.505528185471179e-01
5.580000 -2.366290392793444e-01
5.590000 -2.228142869492922e-01
5.600000 -2.093331514353755e-01
5.610000 -1.963913628370651e-01
5.620000 -1.841680884555574e-01
5.630000 -1.728138429987979e-01
5.640000 -1.624506098509524e-01
5.650000 -1.531720473701569e-01
5.660000 -1.450436951862671e-01
5.670000 -1.381031804986093e-01
5.680000 -1.323604243737297e-01
5.690000 -1.277978480431451e-01
5.700000 -1.243705792010926e-01
5.710000 -1.220066943855725e-01
5.720000 -1.206083993915459e-01
5.730000 -1.200555906309647e-01
5.740000 -1.202103543581583e-01
5.750000 -1.209215019618331e-01
5.760000 -1.220291052570722e-01
5.770000 -1.233690317773347e-01
5.780000 -1.247774800664557e-01
5.790000 -1.260955149706456e-01
5.800000 -1.271736029304894e-01
5.810000 -1.278761094166925e-01
5.820000 -1.280848122367063e-01
5.830000 -1.276999168792270e-01
5.840000 -1.266400878964323e-01
5.850000 -1.248424424466481e-01
5.860000 -1.222625438370164e-01
5.870000 -1.188743950661622e-01
5.880000 -1.146704323668614e-01
5.890000 -1.096615187487076e-01
5.900000 -1.038769375407799e-01
5.910000 -9.736436329660661e-02
5.920000 -9.018924419477355e-02
5.930000 -8.243269066433323e-02
5.940000 -7.418877560077064e-02
5.950000 -6.556181195375703e-02
5.960000 -5.666363031490344e-02
5.970000 -4.761085650551451e-02
5.980000 -3.852218916434204e-02
5.990000 -2.951567733533877e-02
6.000000 -2.070599805541199e-02
6.010000 -1.220174548054121e-02
6.020000 -4.103019972639990e-03
6.030000 3.500221433025367e-03
6.040000 1.052951464556922e-02
6.050000 1.691922660244569e-02
6.060000 2.261789335340749e-02
6.070000 2.758955814446513e-02
6.080000 3.181510950184575e-02
6.090000 3.529361931595218e-02
6.100000 3.804368092532191e-02
6.110000 4.010468683256442e-02
6.120000 4.153653703347136e-02
6.130000 4.241536380634168e-02
6.140000 4.282768734162837e-02
6.150000 4.286451102627842e-02
6.160000 4.261541672807269e-02
6.170000 4.216266007996583e-02
6.180000 4.157526576442619e-02
6.190000 4.090312279777576e-02
6.200000 4.017107981452997e-02
6.210000 3.937316456591438e-02
6.220000 3.847003263439078e-02
6.230000 3.739461282947928e-02
6.240000 3.606098135890821e-02
6.250000 3.437336016987262e-02
6.260000 3.223511529029275e-02
6.270000 2.955775517007243e-02
6.280000 2.626992902235758e-02
6.290000 2.232642516479457e-02
6.300000 1.771716936078878e-02
6.310000 1.247607198119143e-02
6.320000 6.685944900245625e-03
6.330000 4.734422026306712e-04
6.340000 -5.999928871386718e-03
6.350000 -1.254694810998796e-02
6.360000 -1.896382251383811e-02
6.370000 -2.503932648012140e-02
6.380000 -3.056394198657680e-02
6.390000 -3.533899877553354e-02
6.400000 -3.918581453794661e-02
6.410000 -4.195475757854188e-02
6.420000 -4.353229418317862e-02
6.430000 -4.384292053706784e-02
6.440000 -4.284907958689633e-02
6.450000 -4.055100040822828e-02
6.460000 -3.698653757290774e-02
6.470000 -3.223101051646043e-02
6.480000 -2.639704290549593e-02
6.490000 -1.963440200510964e-02
6.500000 -1.212983804628489e-02
6.510000 -4.106818530664867e-03
6.520000 4.177468849057436e-03
6.530000 1.244204641585447e-02
6.540000 2.039480779448502e-02
6.550000 2.774528422974783e-02
6.560000 3.421741090473499e-02
6.570000 3.956229325908554e-02
6.580000 4.357097330723891e-02
6.590000 4.608719595668847e-02
6.600000 4.702017532623500e-02
6.610000 4.635713873940067e-02
6.620000 4.417009075010585e-02
6.630000 4.060790570102015e-02
6.640000 3.588264091174338e-02
6.650000 3.025562760190343e-02
6.660000 2.402356181425430e-02
6.670000 1.750459533777409e-02
6.680000 1.102442663076300e-02
6.690000 4.902391743941328e-03
6.700000 -5.624447564525903e-04
6.710000 -5.105075105776456e-03
6.720000 -8.505116148460114e-03
6.730000 -1.058921000945246e-02
6.740000 -1.123020756206488e-02
6.750000 -1.034622816663039e-02
6.760000 -7.899719409162651e-03
6.770000 -3.896516840015051e-03
6.780000 1.615096287460214e-03
6.790000 8.545329278253053e-03
6.800000 1.676382425703643e-02
6.810000 2.610065934596315e-02
6.820000 3.634898755666391e-02
6.830000 4.727182769953175e-02
6.840000 5.861049086515436e-02
6.850000 7.009306980799693e-02
6.860000 8.144292833008501e-02
6.870000 9.238719066468758e-02
6.880000 1.026652308599997e-01
6.890000 1.120371621628255e-01
6.900000 1.202923264022611e-01
6.910000 1.272576851627475e-01
6.920000 1.328036576412570e-01
6.930000 1.368434772649998e-01
6.940000 1.393299951938892e-01
6.950000 1.402523856324385e-01
6.960000 1.396328511416586e-01
6.970000 1.375233279509558e-01
6.980000 1.340021912700288e-01
6.990000 1.291709606007662e-01
7.000000 1.231510050491440e-01
7.010000 1.160802536472416e-01
7.020000 1.081100359310070e-01
7.030000 9.940225315561144e-02
7.040000 9.012667975739583e-02
7.050000 8.045826982502019e-02
7.060000 7.057446357061296e-02
7.070000 6.065249380092017e-02
7.080000 5.086669238845479e-02
7.090000 4.138579674264607e-02
7.100000 3.237025628098875e-02
7.110000 2.396955527607603e-02
7.120000 1.631996145447680e-02
7.130000 9.543355316773120e-03
7.140000 3.746485183031572e-03
7.150000 -9.797613884829522e-04
7.160000 -4.561086182593348e-03
7.170000 -6.940508908496506e-03
7.180000 -8.079095781049430e-03
7.190000 -7.956688102055407e-03
7.200000 -6.572630841550152e-03
7.210000 -3.946480964139231e-03
7.220000 -1.181891493185852e-04
7.230000 4.853055221390758e-03
7.240000 1.089050565501350e-02
7.250000 1.790156038980843e-02
7.260000 2.577946423795697e-02
7.270000 3.440501042825136e-02
7.280000 4.364824244878332e-02
7.290000 5.337015588963223e-02
7.300000 6.342440028555373e-02
7.310000 7.365899086084540e-02
7.320000 8.391827772145720e-02
7.330000 9.404556855216481e-02
7.340000 1.038860087492759e-01
7.350000 1.132894714543428e-01
7.360000 1.221134475878751e-01
7.370000 1.302259358830521e-01
7.380000 1.375083329194356e-01
7.390000 1.438583231566824e-01
7.400000 1.491927689682568e-01
7.410000 1.534505666302718e-01
7.420000 1.565946171700246e-01
7.430000 1.586115503617264e-01
7.440000 1.595105636148723e-01
7.450000 1.593222268210334e-01
7.460000 1.580972872006495e-01
7.470000 1.559054741498213e-01
7.480000 1.528343040871031e-01
7.490000 1.489878853002952e-01
7.500000 1.444857227932365e-01
7.510000 1.394614943671425e-01
7.520000 1.340610788174640e-01
7.530000 1.284386856822335e-01
7.540000 1.227522371275832e-01
7.550000 1.171587210699733e-01
7.560000 1.118095442984205e-01
7.570000 1.068458855967259e-01
7.580000 1.023940488657040e-01
7.590000 9.856081624541102e-02
7.600000 9.542880123737313e-02
7.610000 9.305187272541235e-02
7.620000 9.145242232951227e-02
7.630000 9.062331094132944e-02
7.640000 9.053165855462780e-02
7.650000 9.112270499049935e-02
7.660000 9.232367062258416e-02
7.670000 9.404761710229145e-02
7.680000 9.619730808401970e-02
7.690000 9.866906995037684e-02
7.700000 1.013566525374013e-01
7.710000 1.041550685394365e-01
7.720000 1.069638785905262e-01
7.730000 1.096890692257043e-01
7.740000 1.122443765256831e-01
7.750000 1.145525884418826e-01
7.760000 1.165468471214607e-01
7.770000 1.181719512323432e-01
7.780000 1.193856582882536e-01
7.790000 1.201599869737430e-01
7.800000 1.204825194692201e-01
7.810000 1.203576569491043e-01
7.820000 1.198066575852137e-01
7.830000 1.188645839929087e-01
7.840000 1.175760331875044e-01
7.850000 1.159908197143112e-01
7.860000 1.141596587786743e-01
7.870000 1.121298493760137e-01
7.880000 1.099409574218642e-01
7.890000 1.076204988819151e-01
7.900000 1.051796229020504e-01
7.910000 1.026088862999993e-01
7.920000 9.987640346673760e-02
7.930000 9.693202616664298e-02
7.940000 9.371389875722569e-02
7.950000 9.015510477145118e-02
7.960000 8.619031350006388e-02
7.970000 8.176242657391029e-02
7.980000 7.682922454626229e-02
7.990000 7.137001347514052e-02
8.000000 6.539227150563780e-02
8.010000 5.893817932062818e-02
8.020000 5.208813113954176e-02
8.030000 4.495658090698764e-02
8.040000 3.768486899197950e-02
8.050000 3.043393275180130e-02
8.060000 2.337701709587249e-02
8.070000 1.669238504961366e-02
8.080000 1.055602831831193e-02
8.090000 5.134377850986388e-03
8.100000 5.770144042535922e-04
8.110000 -2.990554745331102e-03
8.120000 -5.472399200108344e-03
8.130000 -6.803302923380009e-03
8.140000 -6.948181797085825e-03
8.150000 -5.901435027447614e-03
8.160000 -3.686296550613611e-03
8.170000 -3.541864383027052e-04
8.180000 4.015937696551283e-03
8.190000 9.318229294155321e-03
8.200000 1.542060144221290e-02
8.210000 2.216543229677069e-02
8.220000 2.937174802604786e-02
8.230000 3.684115644381949e-02
8.240000 4.436525820855668e-02
8.250000 5.173311485333537e-02
8.260000 5.873871681574495e-02
8.270000 6.518845146779687e-02
8.280000 7.090857114583331e-02
8.290000 7.575266118043598e-02
8.300000 7.960910792633459e-02
8.310000 8.240844911351891e-02
8.320000 8.412766445853001e-02
8.330000 8.478669909934911e-02
8.340000 8.444192717657699e-02
8.350000 8.317949772442862e-02
8.360000 8.110868056172672e-02
8.370000 7.835521218289652e-02
8.380000 7.505464164895945e-02
8.390000 7.134567647852759e-02
8.400000 6.736352853879762e-02
8.410000 6.323332107291232e-02
8.420000 5.906508533071762e-02
8.430000 5.495279243838706e-02
8.440000 5.097497494375833e-02
8.450000 4.719540950526843e-02
8.460000 4.366379958088899e-02
8.470000 4.041645811706149e-02
8.480000 3.747699023763253e-02
8.490000 3.485697593278907e-02
8.500000 3.255665274799370e-02
8.510000 3.056560780042858e-02
8.520000 2.886371232109685e-02
8.530000 2.742267185552726e-02
8.540000 2.620781900317564e-02
8.550000 2.517991548563903e-02
8.560000 2.429695421486973e-02
8.570000 2.351596136138946e-02
8.580000 2.279479842250343e-02
8.590000 2.209396429051448e-02
8.600000 2.137839732093713e-02
8.610000 2.061925483862882e-02
8.620000 1.979510600065218e-02
8.630000 1.889163544157117e-02
8.640000 1.790076023908508e-02
8.650000 1.681972431394003e-02
8.660000 1.565019282984067e-02
8.670000 1.439734659336172e-02
8.680000 1.306897645385969e-02
8.690000 1.167457770338438e-02
8.700000 1.022444447659060e-02
8.710000 8.728775305501920e-03
8.720000 7.197068716745116e-03
8.730000 5.638255116322963e-03
8.740000 4.061118737250076e-03
8.750000 2.474730744080210e-03
8.760000 8.888823374335660e-04
8.770000 -6.854821414758975e-04
8.780000 -2.235832106313181e-03
8.790000 -3.747617621094928e-03
8.800000 -5.203836295662123e-03
8.810000 -6.584612922363456e-03
8.820000 -7.867110405040912e-03
8.830000 -9.026281693824094e-03
8.840000 -1.003595303825986e-02
8.850000 -1.086991998425597e-02
8.860000 -1.150304337102473e-02
8.870000 -1.191234532802658e-02
8.880000 -1.207810527191375e-02
8.890000 -1.198495590347389e-02
8.900000 -1.162297920457371e-02
8.910000 -1.098879057119081e-02
8.920000 -1.008631446330764e-02
8.930000 -8.926776948219089e-03
8.940000 -7.528389733909603e-03
8.950000 -5.916022335839306e-03
8.960000 -4.120874243730128e-03
8.970000 -2.180147088351909e-03
8.980000 -1.367168083085253e-04
8.990000 1.961194183175995e-03
9.000000 4.060344831471351e-03
9.010000 6.102817808276834e-03
9.020000 8.026739805686170e-03
9.030000 9.767961227330972e-03
9.040000 1.126211384180320e-02
9.050000 1.244668297419467e-02
9.060000 1.326307969763650e-02
9.070000 1.365871302483859e-02
9.080000 1.358906209962910e-02
9.090000 1.301974838849388e-02
9.100000 1.192860787211601e-02
9.110000 1.030772606020884e-02
9.120000 8.164506332028454e-03
9.130000 5.520284284445512e-03
9.140000 2.407975305745538e-03
9.150000 -1.130315037272220e-03
9.160000 -5.045680612195944e-03
9.170000 -9.284804333902399e-03
9.180000 -1.379234777745808e-02
9.190000 -1.851334079102038e-02
9.200000 -2.339557110873873e-02
9.210000 -2.839194229352904e-02
9.220000 -3.346200818299379e-02
9.230000 -3.857141680353574e-02
9.240000 -4.369053069565841e-02
9.250000 -4.879301555994384e-02
9.260000 -5.385442890303054e-02
9.270000 -5.885080868359122e-02
9.280000 -6.375726195831068e-02
9.290000 -6.854655352786364e-02
9.300000 -7.318769458289259e-02
9.310000 -7.764455891399864e-02
9.320000 -8.187521585483759e-02
9.330000 -8.583308273374382e-02
9.340000 -8.946879414442555e-02
9.350000 -9.273209878926916e-02
9.360000 -9.557375632264381e-02
9.370000 -9.794743419420615e-02
9.380000 -9.981160449220469e-02
9.390000 -1.011314407867844e-01
9.400000 -1.018807149732915e-01
9.410000 -1.020436663926255e-01
9.420000 -1.016161500809029e-01
9.430000 -1.006049549992965e-01
9.440000 -9.902640130076065e-02
9.450000 -9.690490986456188e-02
9.460000 -9.427157183080910e-02
9.470000 -9.116271813498450e-02
9.480000 -8.761848904247359e-02
9.490000 -8.368140368309622e-02
9.500000 -7.939492958563661e-02
9.510000 -7.480207170092681e-02
9.520000 -6.994446818262567e-02
9.530000 -6.486277264070185e-02
9.540000 -5.959754322177796e-02
9.550000 -5.419015118494401e-02
9.560000 -4.868368947757064e-02
9.570000 -4.312388131112253e-02
9.580000 -3.755998873697171e-02
9.590000 -3.204572122221092e-02
9.600000 -2.664014422546686e-02
9.610000 -2.140855707103139e-02
9.620000 -1.642257248680935e-02
9.630000 -1.175816944989655e-02
9.640000 -7.492947580408983e-03
9.650000 -3.703350822072995e-03
9.660000 -4.618911228156188e-04
9.670000 2.165627884645225e-03
9.680000 4.122887202210444e-03
9.690000 5.365828785809511e-03
9.700000 5.865431864810247e-03
9.710000 5.610453544087448e-03
9.720000 4.609240641533259e-03
9.730000 2.889183712069071e-03
9.740000 4.952421649695354e-04
9.750000 -2.511566350367418e-03
9.760000 -6.055676558650641e-03
9.770000 -1.004848617292577e-02
9.780000 -1.438986650880524e-02
9.790000 -1.896967309869831e-02
9.800000 -2.366925630604106e-02
9.810000 -2.836299612284962e-02
9.820000 -3.292046581481411e-02
9.830000 -3.721019200042835e-02
9.840000 -4.110404367909564e-02
9.850000 -4.448164545270104e-02
9.860000 -4.723479074718401e-02
9.870000 -4.927185503411064e-02
9.880000 -5.052220905224615e-02
9.890000 -5.094063202912738e-02
9.900000 -5.051172490263506e-02
9.910000 -4.925423364089854e-02
9.920000 -4.722303480173457e-02
9.930000 -4.450518627391906e-02
9.940000 -4.121363986156456e-02
9.950000 -3.748086392718739e-02
9.960000 -3.345246603477478e-02
9.970000 -2.928081559285178e-02
9.980000 -2.511866649754829e-02
9.990000 -2.111277977566619e-02
10.000000 -1.739754622774626e-02
10.010000 -1.408867466702732e-02
10.020000 -1.127858589425443e-02
10.030000 -9.036137002357249e-03
10.040000 -7.408051720340755e-03
10.050000 -6.420416383404147e-03
10.060000 -6.080175903059848e-03
10.070000 -6.376629737252454e-03
10.080000 -7.282927860477724e-03
10.090000 -8.757566733901526e-03
10.100000 -1.074588527547883e-02
10.110000 -1.318157076827468e-02
10.120000 -1.598842320051173e-02
10.130000 -1.908277568566318e-02
10.140000 -2.237617336237191e-02
10.150000 -2.577806223738167e-02
10.160000 -2.919847802846826e-02
10.170000 -3.255073500737068e-02
10.180000 -3.575411484272237e-02
10.190000 -3.873655544298227e-02
10.200000 -4.143733979936604e-02
10.210000 -4.380974833541268e-02
10.220000 -4.582276228151320e-02
10.230000 -4.746035787867297e-02
10.240000 -4.871985142276097e-02
10.250000 -4.961020779694660e-02
10.260000 -5.015034900413666e-02
10.270000 -5.036746269941225e-02
10.280000 -5.029531072246568e-02
10.290000 -4.997253763003746e-02
10.300000 -4.944097922835313e-02
10.310000 -4.874398183433180e-02
10.320000 -4.792500053008052e-02
10.330000 -4.702690570287762e-02
10.340000 -4.609156863498495e-02
10.350000 -4.515945782788582e-02
10.360000 -4.426923532652292e-02
10.370000 -4.345735304353642e-02
10.380000 -4.275764908350189e-02
10.390000 -4.220094406716832e-02
10.400000 -4.181463745569602e-02
10.410000 -4.162230216738212e-02
10.420000 -4.164323479156643e-02
10.430000 -4.189189307580086e-02
10.440000 -4.237728900083283e-02
10.450000 -4.310238014713970e-02
10.460000 -4.406346106146293e-02
10.470000 -4.524955462334247e-02
10.480000 -4.664180341165114e-02
10.490000 -4.821286107112870e-02
10.500000 -4.992628367891641e-02
10.510000 -5.173594932134157e-02
10.520000 -5.358621126584126e-02
10.530000 -5.541391354003140e-02
10.540000 -5.715114026672867e-02
10.550000 -5.872799322530427e-02
10.560000 -6.007536941303771e-02
10.570000 -6.112773860647058e-02
10.580000 -6.182592092276028e-02
10.590000 -6.211986438103385e-02
10.600000 -6.197142246374167e-02
10.610000 -6.135709370766601e-02
10.620000 -6.026977388628781e-02
10.630000 -5.871800140821026e-02
10.640000 -5.672421508231869e-02
10.650000 -5.432297389013253e-02
10.660000 -5.155917675815757e-02
10.670000 -4.848628233023828e-02
10.680000 -4.516452873990976e-02
10.690000 -4.165915338275008e-02
10.700000 -3.803861268873242e-02
10.710000 -3.437280161126747e-02
10.720000 -3.073126574880173e-02
10.730000 -2.718139476223828e-02
10.740000 -2.378660842317634e-02
10.750000 -2.060454237866748e-02
10.760000 -1.768523391597185e-02
10.770000 -1.506930772731429e-02
10.780000 -1.278616167464055e-02
10.790000 -1.085215255437350e-02
10.800000 -9.268781862169256e-03
10.810000 -8.020931875575900e-03
10.820000 -7.076410257566417e-03
10.830000 -6.388816695254739e-03
10.840000 -5.901718378808564e-03
10.850000 -5.552875830196870e-03
10.860000 -5.278468731937473e-03
10.870000 -5.017321755844568e-03
10.880000 -4.715130391776259e-03
10.890000 -4.328686776382104e-03
10.900000 -3.830105521850670e-03
10.910000 -3.210977301884175e-03
10.920000 -2.484643746448249e-03
10.930000 -1.683702749515971e-03
10.940000 -8.556346115809693e-04
10.950000 -5.835589199705294e-05
10.960000 6.442267386821608e-04
10.970000 1.186662646363631e-03
10.980000 1.506403381075243e-03
10.990000 1.548248824626202e-03
11.000000 1.268793338267396e-03
11.010000 6.408143957341617e-04
11.020000 -3.438344755032772e-04
11.030000 -1.675128003727535e-03
11.040000 -3.327269564001356e-03
11.050000 -5.261149122787264e-03
11.060000 -7.426801182567179e-03
11.070000 -9.765862726462080e-03
11.080000 -1.221403116285161e-02
11.090000 -1.470352226999374e-02
11.100000 -1.716552814064438e-02
11.110000 -1.953266642794543e-02
11.120000 -2.174120337564586e-02
11.130000 -2.373270253136460e-02
11.140000 -2.545544718336763e-02
11.150000 -2.686585409253152e-02
11.160000 -2.792988722430713e-02
11.170000 -2.862447148068307e-02
11.180000 -2.893890643214945e-02
11.190000 -2.887628004966136e-02
11.200000 -2.845488243660244e-02
11.210000 -2.770957454052691e-02
11.220000 -2.669198607962735e-02
11.230000 -2.546774106403132e-02
11.240000 -2.411251220736771e-02
11.250000 -2.270803028566589e-02
11.260000 -2.133809349625478e-02
11.270000 -2.008457681666185e-02
11.280000 -1.902344136351228e-02
11.290000 -1.822074375142805e-02
11.300000 -1.772864545192695e-02
11.310000 -1.758147919373894e-02
11.320000 -1.779329877858859e-02
11.330000 -1.835919502740071e-02
11.340000 -1.925809556533978e-02
11.350000 -2.045562169060334e-02
11.360000 -2.190694524321545e-02
11.370000 -2.355964547382012e-02
11.380000 -2.535656591247471e-02
11.390000 -2.723867123744336e-02
11.400000 -2.914790414399044e-02
11.410000 -3.103001294862106e-02
11.420000 -3.283661813618625e-02
11.430000 -3.452534670906308e-02
11.440000 -3.605920525569646e-02
11.450000 -3.740592373223794e-02
11.460000 -3.853729924418410e-02
11.470000 -3.942853982801546e-02
11.480000 -4.005760823283496e-02
11.490000 -4.040456570200673e-02
11.500000 -4.045091575479468e-02
11.510000 -4.017896742238641e-02
11.520000 -3.957170442011722e-02
11.530000 -3.861393881316186e-02
11.540000 -3.729397077119275e-02
11.550000 -3.560526779270019e-02
11.560000 -3.354814392931256e-02
11.570000 -3.113143901011645e-02
11.580000 -2.837419786597685e-02
11.590000 -2.530734955385730e-02
11.600000 -2.197538658114011e-02
11.610000 -1.843798797882763e-02
11.620000 -1.477018208332939e-02
11.630000 -1.105880184972038e-02
11.640000 -7.397479420570585e-03
11.650000 -3.881584498354395e-03
11.660000 -6.031627178600018e-04
11.670000 2.354125981401273e-03
11.680000 4.920068982785586e-03
11.690000 7.042962620107231e-03
11.700000 8.694673805229244e-03
11.710000 9.875605387549445e-03
11.720000 1.061715790501431e-02
11.730000 1.097783500932166e-02
11.740000 1.103684448526244e-02
11.750000 1.088760292221903e-02
11.760000 1.063124038566351e-02
11.770000 1.037010508865602e-02
11.780000 1.020126806334301e-02
11.790000 1.021002783245559e-02
11.800000 1.046341508080780e-02
11.810000 1.100379068874871e-02
11.820000 1.184487181098105e-02
11.830000 1.297392246210438e-02
11.840000 1.435637294093643e-02
11.850000 1.594053269612960e-02
11.860000 1.766230319178733e-02
11.870000 1.944989077308054e-02
11.880000 2.122851953186404e-02
11.890000 2.292514417229291e-02
11.900000 2.447316287643893e-02
11.910000 2.581707834464481e-02
11.920000 2.691581101789175e-02
11.930000 2.774259034293445e-02
11.940000 2.828349776787146e-02
11.950000 2.853595786729555e-02
11.960000 2.850722946744401e-02
11.970000 2.821289677134901e-02
11.980000 2.767536048398791e-02
11.990000 2.692232893743361e-02
12.000000 2.598530921600492e-02
12.010000 2.489810179932934e-02
12.020000 2.369538669625338e-02
12.030000 2.241154186461379e-02
12.040000 2.107955315326677e-02
12.050000 1.972992776517068e-02
12.060000 1.838960772046871e-02
12.070000 1.708088331957165e-02
12.080000 1.582030660624049e-02
12.090000 1.461760483066927e-02
12.100000 1.347459391256768e-02
12.110000 1.238412098511687e-02
12.120000 1.132976325429737e-02
12.130000 1.028744707318029e-02
12.140000 9.227823597505225e-03
12.150000 8.118673548722592e-03
12.160000 6.927311977036043e-03
12.170000 5.622993024444784e-03
12.180000 4.179314687785999e-03
12.190000 2.576623581777188e-03
12.200000 8.044197020585493e-04
12.210000 -1.136273416091157e-03
12.220000 -3.231438510551004e-03
12.230000 -5.454879359255257e-03
12.240000 -7.769935842472409e-03
12.250000 -1.013123364179767e-02
12.260000 -1.248643393914546e-02
12.270000 -1.477798311574192e-02
12.280000 -1.694486245111739e-02
12.290000 -1.892433782209887e-02
12.300000 -2.065370940180257e-02
12.310000 -2.207207563383824e-02
12.320000 -2.312246847133340e-02
12.330000 -2.375493123088418e-02
12.340000 -2.392996784800368e-02
12.350000 -2.362200642144996e-02
12.360000 -2.282286275755400e-02
12.370000 -2.154520391454780e-02
12.380000 -1.982601174689222e-02
12.390000 -1.773004644960512e-02
12.400000 -1.535331010258928e-02
12.410000 -1.282572019776433e-02
12.420000 -1.029323653366810e-02
12.430000 -7.847821458164674e-03
12.440000 -5.436845744561252e-03
12.450000 -2.771703677122777e-03
12.460000 7.635718634133879e-04
12.470000 6.203694314322798e-03
12.480000 1.509350834537927e-02
12.490000 2.957937477334022e-02
12.500000 5.250055547643199e-02
