3.300000 8.671173519061643e+00
3.310000 8.696511340848575e+00
3.320000 8.293635208358607e+00
3.330000 7.637622980052879e+00
3.340000 6.861597619067662e+00
3.350000 6.062071398535323e+00
3.360000 5.304290106905322e+00
3.370000 4.627577253265176e+00
3.380000 4.050678272661434e+00
3.390000 3.577104731420669e+00
3.400000 3.200478532470441e+00
3.410000 2.909831496266426e+00
3.420000 2.693745056645457e+00
3.430000 2.541546186879050e+00
3.440000 2.443343876982379e+00
3.450000 2.390021030262329e+00
3.460000 2.373226359865565e+00
3.470000 2.385366285326593e+00
3.480000 2.419596829115824e+00
3.490000 2.469815513187633e+00
3.500000 2.530653255528425e+00
3.510000 2.597465898738656e+00
3.520000 2.666316174312923e+00
3.530000 2.733931392772999e+00
3.540000 2.797651573016928e+00
3.550000 2.855377204053879e+00
3.560000 2.905517006739003e+00
3.570000 2.946935695508281e+00
3.580000 2.978901740113387e+00
3.590000 3.001035127356532e+00
3.600000 3.013255122825325e+00
3.610000 3.015728234499121e+00
3.620000 3.008821423505011e+00
3.630000 2.993068632167128e+00
3.640000 2.969142557319424e+00
3.650000 2.937826625301309e+00
3.660000 2.899986966953303e+00
3.670000 2.856544392612685e+00
3.680000 2.808446367109143e+00
3.690000 2.756638984760416e+00
3.700000 2.702038944367949e+00
3.710000 2.645505770575123e+00
3.720000 2.587820438853508e+00
3.730000 2.529680252998604e+00
3.740000 2.471700124005249e+00
3.750000 2.414414095080752e+00
3.760000 2.358276866658036e+00
3.770000 2.303665321408789e+00
3.780000 2.250880049256597e+00
3.790000 2.200146872390091e+00
3.800000 2.151618370276095e+00
3.810000 2.105375518564123e+00
3.820000 2.061432288354450e+00
3.830000 2.019747758947241e+00
3.840000 1.980241189940568e+00
3.850000 1.942807207118333e+00
3.860000 1.907330988338179e+00
3.870000 1.873703449419414e+00
3.880000 1.841836430030924e+00
3.890000 1.811677879579094e+00
3.900000 1.783227043095726e+00
3.910000 1.756549322853468e+00
3.920000 1.731782711152062e+00
3.930000 1.709122830423524e+00
3.940000 1.688799547326667e+00
3.950000 1.671053262850996e+00
3.960000 1.656111202420603e+00
3.970000 1.644163705998062e+00
3.980000 1.635340518188320e+00
3.990000 1.629687078342599e+00
4.000000 1.627140810662280e+00
4.010000 1.627507871902743e+00
4.020000 1.630451793572348e+00
4.030000 1.635512312927439e+00
4.040000 1.642136094584498e+00
4.050000 1.649707909344430e+00
4.060000 1.657581813016851e+00
4.070000 1.665112325244377e+00
4.080000 1.671685608326905e+00
4.090000 1.676750646045912e+00
4.100000 1.679850422488728e+00
4.110000 1.680652671234478e+00
4.120000 1.678969456781644e+00
4.130000 1.674748411553746e+00
4.140000 1.668052808694373e+00
4.150000 1.659041205578645e+00
4.160000 1.647947087324654e+00
4.170000 1.635058510304920e+00
4.180000 1.620697745657845e+00
4.190000 1.605200922799161e+00
4.200000 1.588897672933383e+00
4.210000 1.572090952944848e+00
4.220000 1.555041557997461e+00
4.230000 1.537964534400288e+00
4.240000 1.521030279731568e+00
4.250000 1.504365823197271e+00
4.260000 1.488056105989662e+00
4.270000 1.472145261645871e+00
4.280000 1.456637896406453e+00
4.290000 1.441500369573950e+00
4.300000 1.426662073871458e+00
4.310000 1.412016795868287e+00
4.320000 1.397426157648887e+00
4.330000 1.382728340842717e+00
4.340000 1.367748891271018e+00
4.350000 1.352311603598032e+00
4.360000 1.336249405982241e+00
4.370000 1.319415244727587e+00
4.380000 1.301692968934707e+00
4.390000 1.283008215152156e+00
4.400000 1.263339292027639e+00
4.410000 1.242727854385986e+00
4.420000 1.221284103684173e+00
4.430000 1.199178095917864e+00
4.440000 1.176625577506589e+00
4.450000 1.153873610765818e+00
4.460000 1.131186199379030e+00
4.470000 1.108829913869797e+00
4.480000 1.087059517073854e+00
4.490000 1.066103589611176e+00
4.500000 1.046150155358055e+00
4.510000 1.027332509634913e+00
4.520000 1.009720316804885e+00
4.530000 9.933240821678041e-01
4.540000 9.781048917671721e-01
4.550000 9.639843547630904e-01
4.560000 9.508545458051961e-01
4.570000 9.385879474055920e-01
4.580000 9.270473923117803e-01
4.590000 9.160960058795974e-01
4.600000 9.056071484461429e-01
4.610000 8.954742263264819e-01
4.620000 8.856170877821576e-01
4.630000 8.759797512678658e-01
4.640000 8.665247195920911e-01
4.650000 8.572271627957221e-01
4.660000 8.480691010306642e-01
4.670000 8.390335874384556e-01
4.680000 8.300988910288825e-01
4.690000 8.212326795585919e-01
4.700000 8.123862024097090e-01
4.710000 8.034885695426160e-01
4.720000 7.944435278424185e-01
4.730000 7.851325761551972e-01
4.740000 7.754205770498394e-01
4.750000 7.651614645872217e-01
4.760000 7.542039520893939e-01
4.770000 7.423972399087632e-01
4.780000 7.295967231972770e-01
4.790000 7.156696996756080e-01
4.800000 7.005010774023377e-01
4.810000 6.839990346772887e-01
4.820000 6.660994356907896e-01
4.830000 6.467670880911378e-01
4.840000 6.259957566204590e-01
4.850000 6.038081289169621e-01
4.860000 5.802557813171944e-01
4.870000 5.554191446582973e-01
4.880000 5.294074700802615e-01
4.890000 5.023587948281821e-01
4.900000 4.744399080545140e-01
4.910000 4.458462616363256e-01
4.920000 4.168004516693540e-01
4.930000 3.875470721351147e-01
4.940000 3.583461396032941e-01
4.950000 3.294664629849873e-01
4.960000 3.011790132859377e-01
4.970000 2.737502933597748e-01
4.980000 2.474357076612535e-01
4.990000 2.224729319994924e-01
5.000000 1.990752832912124e-01
5.010000 1.774251325783678e-01
5.020000 1.576684427017972e-01
5.030000 1.399121605248306e-01
5.040000 1.242227335402486e-01
5.050000 1.106246697143668e-01
5.060000 9.909909733112117e-02
5.070000 8.958232483615214e-02
5.080000 8.196440068088988e-02
5.090000 7.608767316663875e-02
5.100000 7.174535028866225e-02
5.110000 6.868019892544368e-02
5.120000 6.658686632405876e-02
5.130000 6.512339556863214e-02
5.140000 6.392636249697578e-02
5.150000 6.262615187761031e-02
5.160000 6.086223358678657e-02
5.170000 5.829843878550687e-02
5.180000 5.463823609654668e-02
5.190000 4.964000778147590e-02
5.200000 4.313232591768027e-02
5.210000 3.502897671427061e-02
5.220000 2.533743762158396e-02
5.230000 1.415073648490277e-02
5.240000 1.632764969647686e-03
5.250000 -1.199665972675409e-02
5.260000 -2.647673316300026e-02
5.270000 -4.152060194204490e-02
5.280000 -5.683030199923014e-02
5.290000 -7.211169689041744e-02
5.300000 -8.708941608011929e-02
5.310000 -1.015216311784140e-01
5.320000 -1.152106195788946e-01
5.330000 -1.280026357384365e-01
5.340000 -1.397835707736826e-01
5.350000 -1.504744500978793e-01
5.360000 -1.600269310577132e-01
5.370000 -1.684188005701465e-01
5.380000 -1.756494727592548e-01
5.390000 -1.817354865930620e-01
5.400000 -1.867060035203771e-01
5.410000 -1.905983412497082e-01
5.420000 -1.934544470650586e-01
5.430000 -1.953197558707139e-01
5.440000 -1.962429875765422e-01
5.450000 -1.962759806057332e-01
5.460000 -1.954735254025377e-01
5.470000 -1.938931979400076e-01
5.480000 -1.915951932277354e-01
5.490000 -1.886421588195933e-01
5.500000 -1.850990283214735e-01
5.510000 -1.810328614745922e-01
5.520000 -1.765128551760381e-01
5.530000 -1.716107883734048e-01
5.540000 -1.664016378623694e-01
5.550000 -1.609642006564055e-01
5.560000 -1.553817163564964e-01
5.570000 -1.497424895208485e-01
5.580000 -1.441405120346039e-01
5.590000 -1.386760854795547e-01
5.600000 -1.334564435038552e-01
5.610000 -1.285963227090057e-01
5.620000 -1.242171951917662e-01
5.630000 -1.204431040752361e-01
5.640000 -1.173951609522140e-01
5.650000 -1.151859918715625e-01
5.660000 -1.139141833245726e-01
5.670000 -1.136587282313285e-01
5.680000 -1.144734719270723e-01
5.690000 -1.163815581485686e-01
5.700000 -1.193698750204689e-01
5.710000 -1.233836217288507e-01
5.720000 -1.283240125995600e-01
5.730000 -1.340539446255274e-01
5.740000 -1.404068018218272e-01
5.750000 -1.471953802102031e-01
5.760000 -1.542208128035961e-01
5.770000 -1.612814945906698e-01
5.780000 -1.681820075203382e-01
5.790000 -1.747420454862914e-01
5.800000 -1.808053393115227e-01
5.810000 -1.862484613210287e-01
5.820000 -1.909864996467557e-01
5.830000 -1.949707871658170e-01
5.840000 -1.981835007205372e-01
5.850000 -2.006321399816282e-01
5.860000 -2.023440063113646e-01
5.870000 -2.033606816267601e-01
5.880000 -2.037325072627429e-01
5.890000 -2.035130628353318e-01
5.900000 -2.027536451048122e-01
5.910000 -2.014978107136680e-01
5.920000 -1.997775794460241e-01
5.930000 -1.976138523046522e-01
5.940000 -1.950184898318318e-01
5.950000 -1.919964542772006e-01
5.960000 -1.885479517656063e-01
5.970000 -1.846705744649574e-01
5.980000 -1.803614427540740e-01
5.990000 -1.756193473905390e-01
6.000000 -1.704468916785498e-01
6.010000 -1.648526266537316e-01
6.020000 -1.588530047320639e-01
6.030000 -1.524738725735389e-01
6.040000 -1.457517824387691e-01
6.050000 -1.387352965654413e-01
6.060000 -1.314862915447708e-01
6.070000 -1.240812626979556e-01
6.080000 -1.166126284526308e-01
6.090000 -1.091900347193228e-01
6.100000 -1.019416592679029e-01
6.110000 -9.501542999857329e-02
6.120000 -8.857800474018084e-02
6.130000 -8.280806919933131e-02
6.140000 -7.788739677370089e-02
6.150000 -7.399182229356566e-02
6.160000 -7.128221576333107e-02
6.170000 -6.989545610306148e-02
6.180000 -6.993540489000941e-02
6.190000 -7.146388010014514e-02
6.200000 -7.449162984968608e-02
6.210000 -7.896947045812491e-02
6.220000 -8.478369638443624e-02
6.230000 -9.176233337839096e-02
6.240000 -9.968566289788602e-02
6.250000 -1.082969107870571e-01
6.260000 -1.173129359543907e-01
6.270000 -1.264349190508369e-01
6.280000 -1.353590511479214e-01
6.290000 -1.437872224158581e-01
6.300000 -1.514377108016615e-01
6.310000 -1.580557977767689e-01
6.320000 -1.634224880948457e-01
6.330000 -1.673584169742829e-01
6.340000 -1.697258615445036e-01
6.350000 -1.704306793871436e-01
6.360000 -1.694242470772314e-01
6.370000 -1.667053987243674e-01
6.380000 -1.623223645139043e-01
6.390000 -1.563747092481271e-01
6.400000 -1.490152708874327e-01
6.410000 -1.404519679725148e-01
6.420000 -1.309461982947074e-01
6.430000 -1.208025851234850e-01
6.440000 -1.103553151096137e-01
6.450000 -9.995434511205586e-02
6.460000 -8.995160902487589e-02
6.470000 -8.068722460414471e-02
6.480000 -7.247570029484521e-02
6.490000 -6.559214205777726e-02
6.500000 -6.025846019646292e-02
6.510000 -5.662976513106067e-02
6.520000 -5.478567533450375e-02
6.530000 -5.473409387372757e-02
6.540000 -5.641989653815228e-02
6.550000 -5.973380885767798e-02
6.560000 -6.452128312067991e-02
6.570000 -7.059137539200343e-02
6.580000 -7.772562253095935e-02
6.590000 -8.568691920931898e-02
6.600000 -9.422839492930919e-02
6.610000 -1.031022456611568e-01
6.620000 -1.120673856915037e-01
6.630000 -1.208941047852519e-01
6.640000 -1.293675456865118e-01
6.650000 -1.372911362519209e-01
6.660000 -1.444900215839638e-01
6.670000 -1.508144961642915e-01
6.680000 -1.561434359870414e-01
6.690000 -1.603877306921561e-01
6.700000 -1.634937156987038e-01
6.710000 -1.654465255524746e-01
6.720000 -1.662713990092070e-01
6.730000 -1.660297849383209e-01
6.740000 -1.648134001677811e-01
6.750000 -1.627382085637883e-01
6.760000 -1.599384001104700e-01
6.770000 -1.565603699895716e-01
6.780000 -1.527566976601471e-01
6.790000 -1.486801259382504e-01
6.800000 -1.444775400766260e-01
6.810000 -1.402840026635793e-01
6.820000 -1.362182397137259e-01
6.830000 -1.323818103841110e-01
6.840000 -1.288597277487421e-01
6.850000 -1.257211353789566e-01
6.860000 -1.230199839237870e-01
6.870000 -1.207957076903279e-01
6.880000 -1.190739012241021e-01
6.890000 -1.178669958894269e-01
6.900000 -1.171749364497806e-01
6.910000 -1.169858758802683e-01
6.920000 -1.172773441829654e-01
6.930000 -1.180186203900355e-01
6.940000 -1.191735785300960e-01
6.950000 -1.207035518227187e-01
6.960000 -1.225701968729320e-01
6.970000 -1.247383578657222e-01
6.980000 -1.271789307605350e-01
6.990000 -1.298717274857769e-01
7.000000 -1.328083401333166e-01
7.010000 -1.359949368337025e-01
7.020000 -1.394532814369092e-01
7.030000 -1.432172445613834e-01
7.040000 -1.473275385822727e-01
7.050000 -1.518263843137378e-01
7.060000 -1.567521776912630e-01
7.070000 -1.621341564539677e-01
7.080000 -1.679870668269174e-01
7.090000 -1.743058302034345e-01
7.100000 -1.810602098274101e-01
7.110000 -1.881895755446463e-01
7.120000 -1.956002182125904e-01
7.130000 -2.031691361033698e-01
7.140000 -2.107503707946783e-01
7.150000 -2.181814411126407e-01
7.160000 -2.252897770746759e-01
7.170000 -2.318991538323616e-01
7.180000 -2.378361256142981e-01
7.190000 -2.429364596689721e-01
7.200000 -2.470515702076212e-01
7.210000 -2.500549052869725e-01
7.220000 -2.518471101860317e-01
7.230000 -2.523580850509605e-01
7.240000 -2.515478191056093e-01
7.250000 -2.494071778090889e-01
7.260000 -2.459586900133396e-01
7.270000 -2.412573351207019e-01
7.280000 -2.353913302414861e-01
7.290000 -2.284829173515430e-01
7.300000 -2.206891504498336e-01
7.310000 -2.122025845567782e-01
7.320000 -2.032494126752790e-01
7.330000 -1.940811246656411e-01
7.340000 -1.849636142111910e-01
7.350000 -1.761661876374790e-01
7.360000 -1.679505727314791e-01
7.370000 -1.605599275607903e-01
7.380000 -1.542078492928380e-01
7.390000 -1.490673830140740e-01
7.400000 -1.452600305491784e-01
7.410000 -1.428449351117272e-01
7.420000 -1.418126374201149e-01
7.430000 -1.420904360596326e-01
7.440000 -1.435523191186898e-01
7.450000 -1.460290716373924e-01
7.460000 -1.493183830561203e-01
7.470000 -1.531949546641060e-01
7.480000 -1.574206070480115e-01
7.490000 -1.617543875405072e-01
7.500000 -1.659626776688491e-01
7.510000 -1.698292247649992e-01
7.520000 -1.731632018285955e-01
7.530000 -1.758022622693186e-01
7.540000 -1.776136229680512e-01
7.550000 -1.784950715061744e-01
7.560000 -1.783759733948646e-01
7.570000 -1.772182793043892e-01
7.580000 -1.750175322934038e-01
7.590000 -1.718038750382481e-01
7.600000 -1.676430570622420e-01
7.610000 -1.626373613504507e-01
7.620000 -1.569244350286707e-01
7.630000 -1.506707996567854e-01
7.640000 -1.440632656389167e-01
7.650000 -1.373002660243002e-01
7.660000 -1.305831903081624e-01
7.670000 -1.241077182325959e-01
7.680000 -1.180551535874362e-01
7.690000 -1.125837580111372e-01
7.700000 -1.078200847916477e-01
7.710000 -1.038504360219495e-01
7.720000 -1.007155269338981e-01
7.730000 -9.841329146276338e-02
7.740000 -9.690489493644175e-02
7.750000 -9.612087011396693e-02
7.760000 -9.596725322402118e-02
7.770000 -9.633172000344609e-02
7.780000 -9.708972173575375e-02
7.790000 -9.811062128963767e-02
7.800000 -9.926382915748370e-02
7.810000 -1.004248873450975e-01
7.820000 -1.014801974021245e-01
7.830000 -1.023283066701569e-01
7.840000 -1.028798386828695e-01
7.850000 -1.030573714185055e-01
7.860000 -1.027953155523631e-01
7.870000 -1.020397927092811e-01
7.880000 -1.007485137161250e-01
7.890000 -9.889065685427313e-02
7.900000 -9.644674611210262e-02
7.910000 -9.340852470041813e-02
7.920000 -8.977870540438766e-02
7.930000 -8.557040828969002e-02
7.940000 -8.080647524516930e-02
7.950000 -7.551877978843229e-02
7.960000 -6.974753687144539e-02
7.970000 -6.354061268613219e-02
7.980000 -5.695283446997052e-02
7.990000 -5.004530031158963e-02
8.000000 -4.288468895636756e-02
8.010000 -3.554256678442040e-02
8.020000 -2.809462127029383e-02
8.030000 -2.061970781850353e-02
8.040000 -1.319882308016314e-02
8.050000 -5.914075441942696e-03
8.060000 1.152344484972772e-03
8.070000 7.919193375924687e-03
8.080000 1.430720470382243e-02
8.090000 2.024011825018476e-02
8.100000 2.564570961618133e-02
8.110000 3.045683086726742e-02
8.120000 3.461274065511845e-02
8.130000 3.806116917269985e-02
8.140000 4.076067259147742e-02
8.150000 4.268299863270509e-02
8.160000 4.381545213871273e-02
8.170000 4.416326064419384e-02
8.180000 4.375193994749346e-02
8.190000 4.262965968189583e-02
8.200000 4.086960888691222e-02
8.210000 3.857227676369137e-02
8.220000 3.586552817336749e-02
8.230000 3.289908110496352e-02
8.240000 2.983677883091542e-02
8.250000 2.684877724118731e-02
8.260000 2.410373217738685e-02
8.270000 2.176098676688036e-02
8.280000 1.996275875690820e-02
8.290000 1.882632784869991e-02
8.300000 1.843622303158950e-02
8.310000 1.883653489882037e-02
8.320000 2.002647757422617e-02
8.330000 2.196419978908041e-02
8.340000 2.457384567850649e-02
8.350000 2.775274057044599e-02
8.360000 3.137857677462690e-02
8.370000 3.531659937153182e-02
8.380000 3.942679200136623e-02
8.390000 4.357106265302668e-02
8.400000 4.762042945306907e-02
8.410000 5.146212776066388e-02
8.420000 5.500467114978370e-02
8.430000 5.817771830425498e-02
8.440000 6.092989371450053e-02
8.450000 6.322652967171463e-02
8.460000 6.504740826203829e-02
8.470000 6.638450336073452e-02
8.480000 6.723972262636348e-02
8.490000 6.762264949495775e-02
8.500000 6.754828517419760e-02
8.510000 6.703481650665682e-02
8.520000 6.610205645588263e-02
8.530000 6.477159206249765e-02
8.540000 6.306760505688047e-02
8.550000 6.101771834429114e-02
8.560000 5.865384248999680e-02
8.570000 5.601302220439730e-02
8.580000 5.313828282815079e-02
8.590000 5.007947681729924e-02
8.600000 4.689413022839418e-02
8.610000 4.364825173042707e-02
8.620000 4.041616726806588e-02
8.630000 3.727788130582521e-02
8.640000 3.431546366651364e-02
8.650000 3.160939889078310e-02
8.660000 2.923493559667828e-02
8.670000 2.725843583918596e-02
8.680000 2.573372446978440e-02
8.690000 2.469843849599272e-02
8.700000 2.417037644092025e-02
8.710000 2.414392046430348e-02
8.720000 2.458835038345677e-02
8.730000 2.545096037001118e-02
8.740000 2.666206767311974e-02
8.750000 2.814009411680571e-02
8.760000 2.979664759731077e-02
8.770000 3.154160358044322e-02
8.780000 3.328818659892617e-02
8.790000 3.495805174974581e-02
8.800000 3.648636619149953e-02
8.810000 3.782681618020749e-02
8.820000 3.895467798861715e-02
8.830000 3.986497388329723e-02
8.840000 4.056869183952462e-02
8.850000 4.108893078006473e-02
8.860000 4.145704581395183e-02
8.870000 4.170879347526934e-02
8.880000 4.188047696193010e-02
8.890000 4.200509137445677e-02
8.900000 4.210846895476199e-02
8.910000 4.220548099743601e-02
8.920000 4.229771334478442e-02
8.930000 4.237488267392523e-02
8.940000 4.241772649085077e-02
8.950000 4.240094980931829e-02
8.960000 4.229617182974053e-02
8.970000 4.207487261807629e-02
8.980000 4.171133978472094e-02
8.990000 4.118561516339710e-02
9.000000 4.048644149004505e-02
9.010000 3.961416444530691e-02
9.020000 3.858247406504665e-02
9.030000 3.741719979577824e-02
9.040000 3.615394481137817e-02
9.050000 3.483567568271571e-02
9.060000 3.351031204728368e-02
9.070000 3.222831627882877e-02
9.080000 3.104028315698212e-02
9.090000 2.999452953688993e-02
9.100000 2.913468401884386e-02
9.110000 2.849730423557109e-02
9.120000 2.811021225631030e-02
9.130000 2.799265299418213e-02
9.140000 2.815617080240109e-02
9.150000 2.860551369535253e-02
9.160000 2.933953756966964e-02
9.170000 3.035211042531040e-02
9.180000 3.163301658663448e-02
9.190000 3.316886092348032e-02
9.200000 3.494397307224202e-02
9.210000 3.694129754606728e-02
9.220000 3.914291693029630e-02
9.230000 4.152964362827567e-02
9.240000 4.408024465252901e-02
9.250000 4.677065230106012e-02
9.260000 4.957317483365620e-02
9.270000 5.245570714819092e-02
9.280000 5.538094145692771e-02
9.290000 5.830557796282285e-02
9.300000 6.117953553582872e-02
9.310000 6.394519638540844e-02
9.320000 6.653753471733004e-02
9.330000 6.888648948189401e-02
9.340000 7.092022120992271e-02
9.350000 7.256840285530963e-02
9.360000 7.376551063756860e-02
9.370000 7.445411488438315e-02
9.380000 7.458817087415553e-02
9.390000 7.413630967855633e-02
9.400000 7.308512900507334e-02
9.410000 7.144242603400650e-02
9.420000 6.923892195971389e-02
9.430000 6.652615754100684e-02
9.440000 6.337288016661675e-02
9.450000 5.986137289618948e-02
9.460000 5.608378350127984e-02
9.470000 5.213845350634594e-02
9.480000 4.812624722974373e-02
9.490000 4.414688082472131e-02
9.500000 4.029525132041340e-02
9.510000 3.665779644733319e-02
9.520000 3.330965494546449e-02
9.530000 3.031385900257131e-02
9.540000 2.772132728220296e-02
9.550000 2.557088874690608e-02
9.560000 2.388930648143666e-02
9.570000 2.269130151597206e-02
9.580000 2.197957664932304e-02
9.590000 2.174484027214578e-02
9.600000 2.196583019015392e-02
9.610000 2.260935270087750e-02
9.620000 2.363071830774253e-02
9.630000 2.497518435429358e-02
9.640000 2.657979435211912e-02
9.650000 2.837523256796222e-02
9.660000 3.028767861083099e-02
9.670000 3.224066201910926e-02
9.680000 3.415691684766705e-02
9.690000 3.596023625497125e-02
9.700000 3.757732709019612e-02
9.710000 3.893966343719641e-02
9.720000 3.998531303364190e-02
9.730000 4.066069482961001e-02
9.740000 4.092230941725739e-02
9.750000 4.073846841694562e-02
9.760000 4.009102386336688e-02
9.770000 3.897709759166978e-02
9.780000 3.741081062358504e-02
9.790000 3.542501255355125e-02
9.800000 3.307301093484057e-02
9.810000 3.043023701247985e-02
9.820000 2.759425626250027e-02
9.830000 2.468057695195605e-02
9.840000 2.181680324230217e-02
9.850000 1.913672461327016e-02
9.860000 1.677440528674412e-02
9.870000 1.485827365063658e-02
9.880000 1.350521168276442e-02
9.890000 1.281464437472485e-02
9.900000 1.286262915577127e-02
9.910000 1.369601989097701e-02
9.920000 1.532857007029231e-02
9.930000 1.774195897070431e-02
9.940000 2.088875733359691e-02
9.950000 2.469546764882912e-02
9.960000 2.906556443881343e-02
9.970000 3.388253454259410e-02
9.980000 3.901291739992555e-02
9.990000 4.430934533535071e-02
10.000000 4.961358384227924e-02
10.010000 5.475958763856291e-02
10.020000 5.957696683859405e-02
10.030000 6.389549428182748e-02
10.040000 6.755002304984246e-02
10.050000 7.038541976210351e-02
10.060000 7.226149787172076e-02
10.070000 7.305795096121054e-02
10.080000 7.267928603825612e-02
10.090000 7.105975683146809e-02
10.100000 6.816829708614509e-02
10.110000 6.401336373694870e-02
10.120000 5.864543653550010e-02
10.130000 5.215356813175594e-02
10.140000 4.465959017917899e-02
10.150000 3.631222927371067e-02
10.160000 2.728122289274370e-02
10.170000 1.775143533409440e-02
10.180000 7.916973654975368e-03
10.190000 -2.024696389032076e-03
10.200000 -1.187863440500538e-02
10.210000 -2.145827224136132e-02
10.220000 -3.059029397677223e-02
10.230000 -3.911706126059003e-02
10.240000 -4.689807157754758e-02
10.250000 -5.381137931151736e-02
10.260000 -5.975501680927005e-02
10.270000 -6.464841544423325e-02
10.280000 -6.843382668025005e-02
10.290000 -7.107774313533773e-02
10.300000 -7.257231964544643e-02
10.310000 -7.293674371513516e-02
10.320000 -7.221728981682539e-02
10.330000 -7.048403235505382e-02
10.340000 -6.782624221516521e-02
10.350000 -6.434773267250908e-02
10.360000 -6.016220530163637e-02
10.370000 -5.538859588549605e-02
10.380000 -5.014642032463187e-02
10.390000 -4.455112054637892e-02
10.400000 -3.870941041406033e-02
10.410000 -3.271468341094184e-02
10.420000 -2.664402673650772e-02
10.430000 -2.055931364484673e-02
10.440000 -1.450990253118311e-02
10.450000 -8.535397826747964e-03
10.460000 -2.668410893650523e-03
10.470000 3.062679080250529e-03
10.480000 8.630964186475720e-03
10.490000 1.400824690105349e-02
10.500000 1.916227918964886e-02
10.510000 2.405404886892304e-02
10.520000 2.863629484360036e-02
10.530000 3.285514213634542e-02
10.540000 3.665296606052370e-02
10.550000 3.997130367591055e-02
10.560000 4.275376524440026e-02
10.570000 4.494894568571516e-02
10.580000 4.651333603311458e-02
10.590000 4.741423488910395e-02
10.600000 4.763265988114387e-02
10.610000 4.716621380465810e-02
10.620000 4.603077242301733e-02
10.630000 4.425918075142270e-02
10.640000 4.189877073172124e-02
10.650000 3.900883356791563e-02
10.660000 3.565809206167415e-02
10.670000 3.192217294784053e-02
10.680000 2.788107922994387e-02
10.690000 2.361666251570848e-02
10.700000 1.921009535256382e-02
10.710000 1.473936957981871e-02
10.720000 1.027747124081470e-02
10.730000 5.892273117613553e-03
10.740000 1.647103984074340e-03
10.750000 -2.398656108563950e-03
10.760000 -6.188980546099902e-03
10.770000 -9.670600865787091e-03
10.780000 -1.279241147075154e-02
10.790000 -1.550487434440916e-02
10.800000 -1.775942376488323e-02
10.810000 -1.950789832223178e-02
10.820000 -2.070268294645371e-02
10.830000 -2.129865348907329e-02
10.840000 -2.125583148768403e-02
10.850000 -2.054206625052059e-02
10.860000 -1.913571694103075e-02
10.870000 -1.702833466244731e-02
10.880000 -1.422734454236005e-02
10.890000 -1.075872781728766e-02
10.900000 -6.669703917249675e-03
10.910000 -2.031341358366024e-03
10.920000 3.060682727310088e-03
10.930000 8.490023264593109e-03
10.940000 1.412545973517990e-02
10.950000 1.982675991608142e-02
10.960000 2.545054361805450e-02
10.970000 3.085614642403362e-02
10.980000 3.591148342756265e-02
10.990000 4.049891297122656e-02
11.000000 4.452110038508330e-02
11.010000 4.790679672207435e-02
11.020000 5.061440695654923e-02
11.030000 5.262994609264785e-02
11.040000 5.396278416275698e-02
11.050000 5.464130616564168e-02
11.060000 5.470857200457661e-02
11.070000 5.421797642547764e-02
11.080000 5.322890895503303e-02
11.090000 5.180241383883508e-02
11.100000 4.999684997951145e-02
11.110000 4.786360073399278e-02
11.120000 4.544408032583683e-02
11.130000 4.277003210535859e-02
11.140000 3.986512377178358e-02
11.150000 3.674659248923430e-02
11.160000 3.342689000271649e-02
11.170000 2.991532775410556e-02
11.180000 2.621972199813288e-02
11.190000 2.234803891837217e-02
11.200000 1.831003974322577e-02
11.210000 1.411890991851816e-02
11.220000 9.792473660359378e-03
11.230000 5.353355866557576e-03
11.240000 8.287292938840486e-04
11.250000 -3.749954219496467e-03
11.260000 -8.347232531595406e-03
11.270000 -1.292390197417008e-02
11.280000 -1.743728613029331e-02
11.290000 -2.184150461192310e-02
11.300000 -2.608774183747231e-02
11.310000 -3.012453146213954e-02
11.320000 -3.389844787260080e-02
11.330000 -3.735583114581238e-02
11.340000 -4.044491918791179e-02
11.350000 -4.311799553745339e-02
11.360000 -4.533353716864422e-02
11.370000 -4.705836229457983e-02
11.380000 -4.826977817047981e-02
11.390000 -4.895772889692381e-02
11.400000 -4.912694322308710e-02
11.410000 -4.879903451129234e-02
11.420000 -4.801335660453594e-02
11.430000 -4.682470113943427e-02
11.440000 -4.529975039801587e-02
11.450000 -4.351348228441701e-02
11.460000 -4.154557530157689e-02
11.470000 -3.947681352793317e-02
11.480000 -3.738549159411723e-02
11.490000 -3.534381965964956e-02
11.500000 -3.341432838963523e-02
11.510000 -3.164631630077003e-02
11.520000 -3.007339897474110e-02
11.530000 -2.871385574062314e-02
11.540000 -2.757207855638481e-02
11.550000 -2.664006329287743e-02
11.560000 -2.589890101782379e-02
11.570000 -2.532026927980693e-02
11.580000 -2.486792339225897e-02
11.590000 -2.449918771744985e-02
11.600000 -2.416644695047614e-02
11.610000 -2.381865444553299e-02
11.620000 -2.340328375122936e-02
11.630000 -2.286940538905614e-02
11.640000 -2.217120697803194e-02
11.650000 -2.127153041534552e-02
11.660000 -2.014540905699821e-02
11.670000 -1.878360489844629e-02
11.680000 -1.719614575524341e-02
11.690000 -1.541586244368303e-02
11.700000 -1.350192596144081e-02
11.710000 -1.154327204374716e-02
11.720000 -9.659096738919100e-03
11.730000 -7.991915697924290e-03
11.740000 -6.697693552543557e-03
11.750000 -5.935860575987653e-03
11.760000 -5.859329343513937e-03
11.770000 -6.604511393043072e-03
11.780000 -8.281333885775732e-03
11.790000 -1.096325626680929e-02
11.800000 -1.467728692575454e-02
11.810000 -1.939417737327353e-02
11.820000 -2.502323303579323e-02
11.830000 -3.141884506879088e-02
11.840000 -3.839164029391985e-02
11.850000 -4.571980880262321e-02
11.860000 -5.316043155974736e-02
11.870000 -6.046080800715545e-02
11.880000 -6.736978366734105e-02
11.890000 -7.364907774704163e-02
11.900000 -7.908461074085223e-02
11.910000 -8.349770740738420e-02
11.920000 -8.675305856447939e-02
11.930000 -8.875845389527520e-02
11.940000 -8.946127248913616e-02
11.950000 -8.884484864671217e-02
11.960000 -8.692483768499670e-02
11.970000 -8.374558174238475e-02
11.980000 -7.937647558373127e-02
11.990000 -7.390833240540916e-02
12.000000 -6.744974964036748e-02
12.010000 -6.012348324916979e-02
12.020000 -5.206304270703706e-02
12.030000 -4.340984631524492e-02
12.040000 -3.431059728419483e-02
12.050000 -2.491466831003262e-02
12.060000 -1.537148615126699e-02
12.070000 -5.827916205387984e-03
12.080000 3.574352914514466e-03
12.090000 1.270142480313212e-02
12.100000 2.142981068631991e-02
12.110000 2.964901890692284e-02
12.120000 3.726346984469285e-02
12.130000 4.419269817589307e-02
12.140000 5.037088033006303e-02
12.150000 5.574633598553574e-02
12.160000 6.028102956495534e-02
12.170000 6.395007173079445e-02
12.180000 6.674122088087146e-02
12.190000 6.865438464386821e-02
12.200000 6.970112137484707e-02
12.210000 6.990414080501113e-02
12.220000 6.929678269544139e-02
12.230000 6.792243964473917e-02
12.240000 6.583395789273622e-02
12.250000 6.309303727765646e-02
12.260000 5.976963119327749e-02
12.270000 5.594134654609237e-02
12.280000 5.169284371247111e-02
12.290000 4.711523649582251e-02
12.300000 4.230549208375564e-02
12.310000 3.736585210584523e-02
12.320000 3.240380246858560e-02
12.330000 2.753343649640483e-02
12.340000 2.287736705179604e-02
12.350000 1.856865977624514e-02
12.360000 1.475276633115867e-02
12.370000 1.158945763879157e-02
12.380000 9.254757123174933e-03
12.390000 7.942873951043783e-03
12.400000 7.868136272764890e-03
12.410000 9.265437245652833e-03
12.420000 1.235200175800806e-02
12.430000 1.719094876627044e-02
12.440000 2.351615977690539e-02
12.450000 3.055565865507924e-02
12.460000 3.685499143333468e-02
12.470000 4.010060612026619e-02
12.480000 3.694323250919543e-02
12.490000 2.282126198684667e-02
12.500000 -8.215872657977767e-03
