-0.900000 -1.740379392164918e+00
-0.800000 -2.966192111072657e+00
-0.700000 -3.743709933850752e+00
-0.600000 -4.139204637626738e+00
-0.500000 -4.218947999528145e+00
-0.400000 -4.049211796682513e+00
-0.300000 -3.696267806217374e+00
-0.200000 -3.226387805260260e+00
-0.100000 -2.705843570938706e+00
-0.000000 -2.200906880380249e+00
0.100000 -1.765495889895739e+00
0.200000 -1.404114272529309e+00
0.300000 -1.108912080508408e+00
0.400000 -8.720393660604855e-01
0.500000 -6.856461814129926e-01
0.600000 -5.418825787933786e-01
0.700000 -4.328986104290937e-01
0.800000 -3.508443285475873e-01
0.900000 -2.878697853763098e-01
1.000000 -2.361250331427112e-01
1.100000 -1.890892208322942e-01
1.200000 -1.455578844627749e-01
1.300000 -1.056556568099219e-01
1.400000 -6.950717064950437e-02
1.500000 -3.723705875729097e-02
1.600000 -8.969953909050737e-03
1.700000 1.516951111944755e-02
1.800000 3.505670355243494e-02
1.900000 5.056699061414256e-02
2.000000 6.157573952880150e-02
2.100000 6.808823484427132e-02
2.200000 7.062943040292524e-02
2.300000 6.985419737076476e-02
2.400000 6.641740691379151e-02
2.500000 6.097393019800711e-02
2.600000 5.417863838941308e-02
2.700000 4.668640265401107e-02
2.800000 3.915209415780262e-02
2.900000 3.223058406678937e-02
3.000000 2.657674354697288e-02
3.100000 2.267961898260854e-02
3.200000 2.036495763096692e-02
3.300000 1.929268196757240e-02
3.400000 1.912271446794937e-02
3.500000 1.951497760762220e-02
3.600000 2.012939386211528e-02
3.700000 2.062588570695300e-02
3.800000 2.066437561765972e-02
3.900000 1.990478606975985e-02
4.000000 1.800703953877775e-02
4.100000 1.470563892590847e-02
4.200000 1.003340883502954e-02
4.300000 4.097754295689133e-03
4.400000 -2.993919662564574e-03
4.500000 -1.113420801018341e-02
4.600000 -2.021570571761919e-02
4.700000 -3.013100775532376e-02
4.800000 -4.077270909374893e-02
4.900000 -5.203340470334654e-02
5.000000 -6.380568955456840e-02
5.100000 -7.592653911959667e-02
5.200000 -8.801045087753460e-02
5.300000 -9.961630280921582e-02
5.400000 -1.103029728954739e-01
5.500000 -1.196293391171425e-01
5.600000 -1.271542794550552e-01
5.700000 -1.324366718900455e-01
5.800000 -1.350353944029472e-01
5.900000 -1.345093249745936e-01
6.000000 -1.304173415858185e-01
6.100000 -1.224751118285820e-01
6.200000 -1.110254617393501e-01
6.300000 -9.656800696571541e-02
6.400000 -7.960236315527065e-02
6.500000 -6.062814595560843e-02
6.600000 -4.014497101432137e-02
6.700000 -1.865245397900208e-02
6.800000 3.349789502756786e-03
6.900000 2.536214378336262e-02
7.000000 4.688499321522278e-02
7.100000 6.754744770996890e-02
7.200000 8.749351941612993e-02
7.300000 1.069959460414592e-01
7.400000 1.263274652937098e-01
7.500000 1.457608148806352e-01
7.600000 1.655687325099887e-01
7.700000 1.860239558895234e-01
7.800000 2.073992227269927e-01
7.900000 2.299672707301499e-01
8.000000 2.540008376067483e-01
8.100000 2.796060820242827e-01
8.200000 3.062228464892146e-01
8.300000 3.331243944677468e-01
8.400000 3.595839894260825e-01
8.500000 3.848748948304245e-01
8.600000 4.082703741469757e-01
8.700000 4.290436908419390e-01
8.800000 4.464681083815175e-01
8.900000 4.598168902319140e-01
9.000000 4.683632998593315e-01
9.100000 4.715815203978649e-01
9.200000 4.697494136531772e-01
9.300000 4.633457610988237e-01
9.400000 4.528493442083595e-01
9.500000 4.387389444553402e-01
9.600000 4.214933433133207e-01
9.700000 4.015913222558562e-01
9.800000 3.795116627565021e-01
9.900000 3.557331462888135e-01
10.000000 3.307345543263457e-01
10.100000 3.049729167632971e-01
10.200000 2.788182571764388e-01
10.300000 2.526188475631848e-01
10.400000 2.267229599209492e-01
10.500000 2.014788662471464e-01
10.600000 1.772348385391904e-01
10.700000 1.543391487944954e-01
10.800000 1.331400690104756e-01
10.900000 1.139858711845451e-01
11.000000 9.722482731411801e-02
11.100000 8.309766427718909e-02
11.200000 7.141492847407498e-02
11.300000 6.187962118567256e-02
11.400000 5.419474369287883e-02
11.500000 4.806329727659080e-02
11.600000 4.318828321770539e-02
11.700000 3.927270279711960e-02
11.800000 3.601955729573041e-02
11.900000 3.313184799443478e-02
12.000000 3.031257617412969e-02
12.100000 2.732536459420295e-02
12.200000 2.417632192800579e-02
12.300000 2.093217832738043e-02
12.400000 1.765966394416903e-02
12.500000 1.442550893021378e-02
12.600000 1.129644343735688e-02
12.700000 8.339197617440485e-03
12.800000 5.620501622306793e-03
12.900000 3.207085603797988e-03
13.000000 1.165679713756252e-03
13.100000 -4.559398671093826e-04
13.200000 -1.685812842622561e-03
13.300000 -2.570932887740114e-03
13.400000 -3.158293677418871e-03
13.500000 -3.494888886615662e-03
13.600000 -3.627712190287319e-03
13.700000 -3.603757263390671e-03
13.800000 -3.470017780882549e-03
13.900000 -3.273487417719783e-03
14.000000 -3.061159848859203e-03
14.100000 -2.873778345965712e-03
14.200000 -2.727084567536476e-03
14.300000 -2.630569768776721e-03
14.400000 -2.593725204891673e-03
14.500000 -2.626042131086559e-03
14.600000 -2.737011802566602e-03
14.700000 -2.936125474537030e-03
14.800000 -3.232874402203069e-03
14.900000 -3.636749840769944e-03
15.000000 -4.157243045442882e-03
15.100000 -4.792348777140840e-03
15.200000 -5.494075819637654e-03
15.300000 -6.202936462420866e-03
15.400000 -6.859442994978019e-03
15.500000 -7.404107706796654e-03
15.600000 -7.777442887364314e-03
15.700000 -7.919960826168543e-03
15.800000 -7.772173812696882e-03
15.900000 -7.274594136436871e-03
16.000000 -6.367734086876058e-03
16.100000 -5.016739809359104e-03
16.200000 -3.285292872659287e-03
16.300000 -1.261708701407116e-03
16.400000 9.656972797669164e-04
16.500000 3.308609646232312e-03
16.600000 5.678712973358578e-03
16.700000 7.987691836515222e-03
16.800000 1.014723081107175e-02
16.900000 1.206901447239766e-02
17.000000 1.366472739586247e-02
17.100000 1.486752301846153e-02
17.200000 1.569643022369373e-02
17.300000 1.619194675668385e-02
17.400000 1.639457036255664e-02
17.500000 1.634479878643689e-02
17.600000 1.608312977344936e-02
17.700000 1.565006106871884e-02
17.800000 1.508609041737009e-02
17.900000 1.443171556452789e-02
18.000000 1.372743425531701e-02
18.100000 1.301030000421337e-02
18.200000 1.230358940309749e-02
18.300000 1.162713481320105e-02
18.400000 1.100076859575568e-02
18.500000 1.044432311199307e-02
18.600000 9.977630723144880e-03
18.700000 9.620523790442769e-03
18.800000 9.392834675118405e-03
18.900000 9.314395738403451e-03
19.000000 9.405039341529569e-03
19.100000 9.675893921559160e-03
19.200000 1.010327221887754e-02
19.300000 1.065478304970078e-02
19.400000 1.129803523024493e-02
19.500000 1.200063757672604e-02
19.600000 1.273019890536017e-02
19.700000 1.345432803236339e-02
19.800000 1.414063377395173e-02
19.900000 1.475672494634128e-02
20.000000 1.527021036574807e-02
20.100000 1.565567286354112e-02
20.200000 1.591559133170115e-02
20.300000 1.605941867736187e-02
20.400000 1.609660780765695e-02
20.500000 1.603661162972007e-02
20.600000 1.588888305068491e-02
20.700000 1.566287497768517e-02
20.800000 1.536804031785451e-02
20.900000 1.501383197832664e-02
21.000000 1.460970286623521e-02
21.100000 1.416448003726565e-02
21.200000 1.368448714131019e-02
21.300000 1.317542197681283e-02
21.400000 1.264298234221754e-02
21.500000 1.209286603596831e-02
21.600000 1.153077085650910e-02
21.700000 1.096239460228389e-02
21.800000 1.039343507173666e-02
21.900000 9.829590063311395e-03
22.000000 9.276557375452070e-03
22.100000 8.738015117615383e-03
22.200000 8.209562643308927e-03
22.300000 7.684779617053022e-03
22.400000 7.157245703367996e-03
22.500000 6.620540566774166e-03
22.600000 6.068243871791851e-03
22.700000 5.493935282941375e-03
22.800000 4.891194464743060e-03
22.900000 4.253601081717227e-03
23.000000 3.574734798384196e-03
23.100000 2.848573934730864e-03
23.200000 2.070691432610428e-03
23.300000 1.237058889342661e-03
23.400000 3.436479022473327e-04
23.500000 -6.135699313557850e-04
23.600000 -1.638623014146921e-03
23.700000 -2.735539748806304e-03
23.800000 -3.908348538014162e-03
23.900000 -5.161077784450724e-03
24.000000 -6.497755890796221e-03
24.100000 -7.914894577941655e-03
24.200000 -9.378938839621216e-03
24.300000 -1.084881698777989e-02
24.400000 -1.228345733436269e-02
24.500000 -1.364178819131459e-02
24.600000 -1.488273787058059e-02
24.700000 -1.596523468410569e-02
24.800000 -1.684820694383489e-02
24.900000 -1.749058296171318e-02
25.000000 -1.785129104968554e-02
25.100000 -1.789160304004164e-02
25.200000 -1.758216484644967e-02
25.300000 -1.689596590292250e-02
25.400000 -1.580599564347298e-02
25.500000 -1.428524350211396e-02
25.600000 -1.230669891285829e-02
25.700000 -9.843351309718832e-03
25.800000 -6.868190126708433e-03
25.900000 -3.354204797839947e-03
26.000000 7.256152428737738e-04
26.100000 5.427878962628153e-03
26.200000 1.092758893345136e-02
26.300000 1.742934612857963e-02
26.400000 2.513775152124928e-02
26.500000 3.425740608469652e-02
26.600000 4.499291079215766e-02
26.700000 5.754886661686894e-02
26.800000 7.212987453206661e-02
26.900000 8.894053551098695e-02
27.000000 1.081854505268663e-01
27.100000 1.299507794954234e-01
27.200000 1.538489181023101e-01
27.300000 1.793738209756612e-01
27.400000 2.060194427436119e-01
27.500000 2.332797380342971e-01
27.600000 2.606486614758519e-01
27.700000 2.876201676964114e-01
27.800000 3.136882113241106e-01
27.900000 3.383467469870846e-01
28.000000 3.610897293134682e-01
28.100000 3.814417705921912e-01
28.200000 3.990501137553599e-01
28.300000 4.135926593958750e-01
28.400000 4.247473081066374e-01
28.500000 4.321919604805474e-01
28.600000 4.356045171105060e-01
28.700000 4.346628785894139e-01
28.800000 4.290449455101716e-01
28.900000 4.184286184656800e-01
29.000000 4.024917980488397e-01
29.100000 3.812165027379024e-01
29.200000 3.558012225525196e-01
29.300000 3.277485653976908e-01
29.400000 2.985611391784159e-01
29.500000 2.697415517996947e-01
29.600000 2.427924111665271e-01
29.700000 2.192163251839126e-01
29.800000 2.005159017568511e-01
29.900000 1.881937487903425e-01
