9.100000 1.575040469948078e+01
9.200000 1.098821442582865e+01
9.300000 7.288527117433228e+00
9.400000 4.517940948847222e+00
9.500000 2.543054094623349e+00
9.600000 1.230464729314320e+00
9.700000 4.467710274728474e-01
9.800000 5.857116365164498e-02
9.900000 -6.753668759657425e-02
10.000000 -6.495435171909726e-02
10.100000 -4.477544074358129e-02
10.200000 -2.886071301915463e-02
10.300000 -1.676271347531116e-02
10.400000 -8.033987041544630e-03
10.500000 -2.227078647348862e-03
10.600000 1.105466777782351e-03
10.700000 2.411104304355208e-03
10.800000 2.137289002875906e-03
10.900000 7.314759438506470e-04
11.000000 -1.358879802214369e-03
11.100000 -3.744544734312417e-03
11.200000 -6.269171629434701e-03
11.300000 -8.834634834071924e-03
11.400000 -1.134280869471479e-02
11.500000 -1.369556755785400e-02
11.600000 -1.579478576998026e-02
11.700000 -1.754233767758426e-02
11.800000 -1.884009762715673e-02
11.900000 -1.958993996518835e-02
12.000000 -1.969373903816983e-02
12.100000 -1.909047423066734e-02
12.200000 -1.786754507954899e-02
12.300000 -1.614945615975841e-02
12.400000 -1.406071204623917e-02
12.500000 -1.172581731393489e-02
12.600000 -9.269276537789185e-03
12.700000 -6.815594292745652e-03
12.800000 -4.489275153747895e-03
12.900000 -2.414823695739522e-03
13.000000 -7.167444936641404e-04
13.100000 5.118448720164816e-04
13.200000 1.303374798767984e-03
13.300000 1.721662678537866e-03
13.400000 1.830525903273632e-03
13.500000 1.693781864922782e-03
13.600000 1.375247955432819e-03
13.700000 9.387415667512441e-04
13.800000 4.480800908255585e-04
13.900000 -3.291908039673398e-05
14.000000 -4.404385549681329e-04
14.100000 -7.229652375070027e-04
14.200000 -8.782032188952007e-04
14.300000 -9.161608865804642e-04
14.400000 -8.468466280105311e-04
14.500000 -6.802688306331372e-04
14.600000 -4.264358818960209e-04
14.700000 -9.535616924691921e-05
14.800000 3.029619198664309e-04
14.900000 7.585099979962917e-04
15.000000 1.261279677694927e-03
15.100000 1.800614866422221e-03
15.200000 2.363268651268546e-03
15.300000 2.935346414231898e-03
15.400000 3.502953537310271e-03
15.500000 4.052195402501658e-03
15.600000 4.569177391804056e-03
15.700000 5.040004887215457e-03
15.800000 5.450783270733858e-03
15.900000 5.787617924357251e-03
16.000000 6.036614230083631e-03
16.100000 6.188314774346882e-03
16.200000 6.251010961324455e-03
16.300000 6.237431399629699e-03
16.400000 6.160304697875959e-03
16.500000 6.032359464676585e-03
16.600000 5.866324308644926e-03
16.700000 5.674927838394331e-03
16.800000 5.470898662538149e-03
16.900000 5.266965389689728e-03
17.000000 5.075856628462416e-03
17.100000 4.907084859888081e-03
17.200000 4.757298054672640e-03
17.300000 4.619928055940534e-03
17.400000 4.488406706816197e-03
17.500000 4.356165850424067e-03
17.600000 4.216637329888578e-03
17.700000 4.063252988334167e-03
17.800000 3.889444668885271e-03
17.900000 3.688644214666325e-03
18.000000 3.454283468801767e-03
18.100000 3.181631121974618e-03
18.200000 2.873303255102251e-03
18.300000 2.533752796660618e-03
18.400000 2.167432675125680e-03
18.500000 1.778795818973390e-03
18.600000 1.372295156679707e-03
18.700000 9.523836167205858e-04
18.800000 5.235141275719837e-04
18.900000 9.013961770985629e-05
19.000000 -3.432869843898396e-04
19.100000 -7.724639254539478e-04
19.200000 -1.193694153020514e-03
19.300000 -1.603431789830387e-03
19.400000 -1.998130958624410e-03
19.500000 -2.374245782143432e-03
19.600000 -2.728230383128299e-03
19.700000 -3.056538884319856e-03
19.800000 -3.355625408458953e-03
19.900000 -3.621944078286433e-03
20.000000 -3.851949016543144e-03
20.100000 -4.042358279278218e-03
20.200000 -4.190945655773938e-03
20.300000 -4.295748868620867e-03
20.400000 -4.354805640409572e-03
20.500000 -4.366153693730622e-03
20.600000 -4.327830751174580e-03
20.700000 -4.237874535332012e-03
20.800000 -4.094322768793486e-03
20.900000 -3.895213174149568e-03
21.000000 -3.638583473990824e-03
21.100000 -3.325062360519413e-03
21.200000 -2.965642404383853e-03
21.300000 -2.573907145844249e-03
21.400000 -2.163440125160705e-03
21.500000 -1.747824882593326e-03
21.600000 -1.340644958402216e-03
21.700000 -9.554838928474794e-04
21.800000 -6.059252261892203e-04
21.900000 -3.055524986875432e-04
22.000000 -6.794925060255255e-05
22.100000 9.745843913061632e-05
22.200000 1.978743368766759e-04
22.300000 2.446596703252922e-04
22.400000 2.491756671661312e-04
22.500000 2.227835550888594e-04
22.600000 1.768445617831427e-04
22.700000 1.227199149386476e-04
22.800000 7.177084224503980e-05
22.900000 3.535857139198604e-05
23.000000 2.484433006915210e-05
23.100000 4.414561493497125e-05
23.200000 6.740499852301081e-05
23.300000 6.132132233563844e-05
23.400000 -7.406572124778383e-06
23.500000 -1.720798433558717e-04
23.600000 -4.659996498552744e-04
23.700000 -9.224671501206188e-04
23.800000 -1.574783502649537e-03
23.900000 -2.456249865939661e-03
24.000000 -3.600167398488624e-03
24.100000 -5.026562308927093e-03
24.200000 -6.702361006418012e-03
24.300000 -8.581214950257430e-03
24.400000 -1.061677559974140e-02
24.500000 -1.276269441416597e-02
24.600000 -1.497262285282719e-02
24.700000 -1.720021237502110e-02
24.800000 -1.939911444004376e-02
24.900000 -2.152298050719123e-02
25.000000 -2.352546203575955e-02
25.100000 -2.535273057604298e-02
25.200000 -2.692103804232885e-02
25.300000 -2.813915643990273e-02
25.400000 -2.891585777405020e-02
25.500000 -2.915991405005683e-02
25.600000 -2.878009727320821e-02
25.700000 -2.768517944878991e-02
25.800000 -2.578393258208751e-02
25.900000 -2.298512867838658e-02
26.000000 -1.919753974297272e-02
26.100000 -1.437513272832045e-02
26.200000 -8.652654375659565e-03
26.300000 -2.210046373408467e-03
26.400000 4.772749590014422e-03
26.500000 1.211579182619067e-02
26.600000 1.963913864670187e-02
26.700000 2.716284836312961e-02
26.800000 3.450697928705545e-02
26.900000 4.149158973006097e-02
27.000000 4.793673800372778e-02
27.100000 5.370480232554839e-02
27.200000 5.882744053665857e-02
27.300000 6.337863038410470e-02
27.400000 6.743234961493311e-02
27.500000 7.106257597619021e-02
27.600000 7.434328721492241e-02
27.700000 7.734846107817604e-02
27.800000 8.015207531299748e-02
27.900000 8.282810766643312e-02
28.000000 8.545053588552934e-02
28.100000 8.976089490888368e-02
28.200000 1.041709484412695e-01
28.300000 1.387600173789965e-01
28.400000 2.036074226183747e-01
28.500000 3.087924850557140e-01
28.600000 4.643945255873241e-01
28.700000 6.804928651095152e-01
28.800000 9.671668245185969e-01
28.900000 1.334495724710879e+00
29.000000 1.792558886582672e+00
29.100000 2.344705991247590e+00
29.200000 2.967368160688602e+00
29.300000 3.630246877106043e+00
29.400000 4.303043622700249e+00
29.500000 4.955459879671560e+00
29.600000 5.557197130220311e+00
29.700000 6.077956856546837e+00
29.800000 6.487440540851479e+00
29.900000 6.755349665334570e+00
