2.500000 1.926468978511582e+01
2.600000 2.773169981530037e+01
2.700000 2.775149699791564e+01
2.800000 2.404377891660204e+01
2.900000 1.939475268874226e+01
3.000000 1.514906171617748e+01
3.100000 1.170171243592340e+01
3.200000 8.985866531963101e+00
3.300000 6.853135135035366e+00
3.400000 5.180993453488370e+00
3.500000 3.872697392128847e+00
3.600000 2.853065632147986e+00
3.700000 2.064261711047346e+00
3.800000 1.461576102564760e+00
3.900000 1.009240559409382e+00
4.000000 6.770812890345924e-01
4.100000 4.393014748146274e-01
4.200000 2.741026302590728e-01
4.300000 1.633382160364892e-01
4.400000 9.216725699804443e-02
4.500000 4.870795920114351e-02
4.600000 2.369161925292465e-02
4.700000 1.012413397024440e-02
4.800000 2.966803150752636e-03
4.900000 -1.175267339542883e-03
5.000000 -4.364470158846936e-03
5.100000 -7.642001082147264e-03
5.200000 -1.133916359378495e-02
5.300000 -1.538635353731053e-02
5.400000 -1.956172525476707e-02
5.500000 -2.358674150682630e-02
5.600000 -2.716140488235194e-02
5.700000 -2.999716926524846e-02
5.800000 -3.184985130130995e-02
5.900000 -3.255254186506908e-02
6.000000 -3.204795816506756e-02
6.100000 -3.040625244809577e-02
6.200000 -2.780590283927495e-02
6.300000 -2.450006078110835e-02
6.400000 -2.078233911095409e-02
6.500000 -1.695260013849809e-02
6.600000 -1.328274372322693e-02
6.700000 -9.982924987517012e-03
6.800000 -7.178942555747522e-03
6.900000 -4.917982744088899e-03
7.000000 -3.185534276315072e-03
7.100000 -1.922732635231980e-03
7.200000 -1.043704414106101e-03
7.300000 -4.529116680929720e-04
7.400000 -6.232453214815883e-05
7.500000 1.958712325182962e-04
7.600000 3.679011041462723e-04
7.700000 4.814937375864861e-04
7.800000 5.491446349789672e-04
7.900000 5.713798164315340e-04
8.000000 5.400194906982670e-04
8.100000 4.414436060400672e-04
8.200000 2.599062858193541e-04
8.300000 -1.902564388781357e-05
8.400000 -4.049852419454717e-04
8.500000 -8.993161596294056e-04
8.600000 -1.491583348098806e-03
8.700000 -2.156083765867920e-03
8.800000 -2.848482334039772e-03
8.900000 -3.505704333353456e-03
9.000000 -4.054094153527462e-03
9.100000 -4.420830484416593e-03
9.200000 -4.545466754930927e-03
9.300000 -4.391471571954789e-03
9.400000 -3.957769159265733e-03
9.500000 -3.289947675939757e-03
9.600000 -2.482832401399189e-03
9.700000 -1.661138966553460e-03
9.800000 -9.514914515825113e-04
9.900000 -4.541083632064736e-04
10.000000 -2.144886119553323e-04
10.100000 -1.950974894386015e-04
