3.210000 5.430844214724905e-02
3.220000 4.606244188973420e-01
3.230000 9.272815720271160e-01
3.240000 1.505719264423895e+00
3.250000 2.211138733981712e+00
3.260000 3.029749076308543e+00
3.270000 3.926013227433530e+00
3.280000 4.849893946514218e+00
3.290000 5.744099798543776e+00
3.300000 6.551331137058229e+00
3.310000 7.221526086843689e+00
3.320000 7.719017383211795e+00
3.330000 8.027371482048521e+00
3.340000 8.148344203364669e+00
3.350000 8.098518645619736e+00
3.360000 7.905853956613990e+00
3.370000 7.606234104380539e+00
3.380000 7.240016648077407e+00
3.390000 6.848581508879607e+00
3.400000 6.470879740871223e+00
3.410000 6.139982301937472e+00
3.420000 5.879674358810965e+00
3.430000 5.702233480126549e+00
3.440000 5.609213083651832e+00
3.450000 5.593409771526301e+00
3.460000 5.640876199654621e+00
3.470000 5.732933947099930e+00
3.480000 5.848186385477131e+00
3.490000 5.964531548346206e+00
3.500000 6.061175000605490e+00
3.510000 6.120642707884985e+00
3.520000 6.130767171718525e+00
3.530000 6.085978474966771e+00
3.540000 5.986830868646067e+00
3.550000 5.838834269008143e+00
3.560000 5.651259020398671e+00
3.570000 5.435940658115823e+00
3.580000 5.206084671268828e+00
3.590000 4.975071265636545e+00
3.600000 4.755260126526016e+00
3.610000 4.556795181631031e+00
3.620000 4.386425951003100e+00
3.630000 4.246760161945308e+00
3.640000 4.136611113325753e+00
3.650000 4.051776304813850e+00
3.660000 3.985832653229064e+00
3.670000 3.930931708889634e+00
3.680000 3.878594871961299e+00
3.690000 3.820508608806028e+00
3.700000 3.749319668330746e+00
3.710000 3.659430298336059e+00
3.720000 3.547781690455560e+00
3.730000 3.414331368450155e+00
3.740000 3.261753663480500e+00
3.750000 3.094834132734478e+00
3.760000 2.919852206645222e+00
3.770000 2.743963836109168e+00
3.780000 2.574584139704085e+00
3.790000 2.418770050907128e+00
3.800000 2.282602965312862e+00
3.810000 2.170571387851317e+00
3.820000 2.084963022669764e+00
3.830000 2.025502372271962e+00
3.840000 1.989611552464770e+00
3.850000 1.972916616562210e+00
3.860000 1.969763322253287e+00
3.870000 1.973732898469799e+00
3.880000 1.978157812254154e+00
3.890000 1.976637535627180e+00
3.900000 1.963554312455948e+00
3.910000 1.934588925321578e+00
3.920000 1.887228828545568e+00
3.930000 1.821077801337362e+00
3.940000 1.737661767403557e+00
3.950000 1.640036134678348e+00
3.960000 1.532385501212487e+00
3.970000 1.419623361062242e+00
3.980000 1.306991810178354e+00
3.990000 1.199661252295000e+00
4.000000 1.102330104818743e+00
4.010000 1.018824504717497e+00
4.020000 9.517034929669300e-01
4.030000 9.020066414904583e-01
4.040000 8.693632648906793e-01
4.050000 8.522440746743914e-01
4.060000 8.482183120350637e-01
4.070000 8.542108806353038e-01
4.080000 8.667594793893284e-01
4.090000 8.822717352454290e-01
4.100000 8.972823359684426e-01
4.110000 9.087101629222206e-01
4.120000 9.141123341911783e-01
4.130000 9.118579165179824e-01
4.140000 9.010977196206584e-01
4.150000 8.816537593258331e-01
4.160000 8.539056310410612e-01
4.170000 8.186768832271480e-01
4.180000 7.771213908704757e-01
4.190000 7.306097289553289e-01
4.200000 6.806155459362181e-01
4.210000 6.286019372102063e-01
4.220000 5.759089195260296e-01
4.230000 5.236695297499537e-01
4.240000 4.727985854602540e-01
4.250000 4.240100698984302e-01
4.260000 3.778356178572181e-01
4.270000 3.346430015686008e-01
4.280000 2.946546165918198e-01
4.290000 2.579659677013873e-01
4.300000 2.245641547750965e-01
4.310000 1.943463586820344e-01
4.320000 1.671382627501542e-01
4.330000 1.427107993024676e-01
4.340000 1.207926444443416e-01
4.350000 1.010810379194146e-01
4.360000 8.325253854507339e-02
4.370000 6.697377964793053e-02
4.380000 5.191222449930213e-02
4.390000 3.774692175068534e-02
4.400000 2.417926086923559e-02
4.410000 1.094372757324428e-02
4.420000 -2.181514145696860e-03
4.430000 -1.536854874667023e-02
4.440000 -2.874508114206709e-02
4.450000 -4.240431744636142e-02
4.460000 -5.641501913819673e-02
4.470000 -7.083155722247285e-02
4.480000 -8.570396639243268e-02
4.490000 -1.010879991917491e-01
4.500000 -1.170551801766117e-01
4.510000 -1.337028600778136e-01
4.520000 -1.511639851573375e-01
4.530000 -1.696094616219186e-01
4.540000 -1.892317228735498e-01
4.550000 -2.102208918169639e-01
4.560000 -2.327406583616146e-01
4.570000 -2.569041569236585e-01
4.580000 -2.827498439279355e-01
4.590000 -3.102173753099509e-01
4.600000 -3.391234840178559e-01
4.610000 -3.691378575144298e-01
4.620000 -3.997597093507987e-01
4.630000 -4.303123966053438e-01
4.640000 -4.599838460573204e-01
4.650000 -4.878850262256660e-01
4.660000 -5.131091134795459e-01
4.670000 -5.347906581489001e-01
4.680000 -5.521647506349874e-01
4.690000 -5.646261875209346e-01
4.700000 -5.717886376822786e-01
4.710000 -5.735438083975161e-01
4.720000 -5.701194711992639e-01
4.730000 -5.621078409814610e-01
4.740000 -5.504186979872794e-01
4.750000 -5.362028630530745e-01
4.760000 -5.207745325929497e-01
4.770000 -5.055336135833238e-01
4.780000 -4.918880585474963e-01
4.790000 -4.811762005402137e-01
4.800000 -4.745890881322352e-01
4.810000 -4.730928203948994e-01
4.820000 -4.773519040153862e-01
4.830000 -4.876791858100928e-01
4.840000 -5.040532458639838e-01
4.850000 -5.261623660680564e-01
4.860000 -5.534495207875022e-01
4.870000 -5.851573675298664e-01
4.880000 -6.203732376132093e-01
4.890000 -6.580741268342680e-01
4.900000 -6.971716861366161e-01
4.910000 -7.365572122788254e-01
4.920000 -7.751463709238554e-01
4.930000 -8.119169626803892e-01
4.940000 -8.459290289452631e-01
4.950000 -8.763380006978468e-01
4.960000 -9.024075797156454e-01
4.970000 -9.235226197899084e-01
4.980000 -9.392020079412320e-01
4.990000 -9.491115456351695e-01
5.000000 -9.530768299978319e-01
5.010000 -9.510961350314984e-01
5.020000 -9.433529774077029e-01
5.030000 -9.302204812749222e-01
5.040000 -9.122449251802338e-01
5.050000 -8.901210880055708e-01
5.060000 -8.646672794814603e-01
5.070000 -8.368003707007639e-01
5.080000 -8.075108246324141e-01
5.090000 -7.778377266351557e-01
5.100000 -7.488438149712819e-01
5.110000 -7.215905113203762e-01
5.120000 -6.971128524820750e-01
5.130000 -6.763918529934996e-01
5.140000 -6.603203462223781e-01
5.150000 -6.496662563748372e-01
5.160000 -6.450357716922153e-01
5.170000 -6.468365176478793e-01
5.180000 -6.552407301440388e-01
5.190000 -6.701484287085632e-01
5.200000 -6.911505896917942e-01
5.210000 -7.174923194633643e-01
5.220000 -7.480373770165727e-01
5.230000 -7.812677811693980e-01
5.240000 -8.153724786646592e-01
5.250000 -8.483710968668118e-01
5.260000 -8.782390458663046e-01
5.270000 -9.030326205839398e-01
5.280000 -9.210141028752289e-01
5.290000 -9.307768636347534e-01
5.300000 -9.313704649005217e-01
5.310000 -9.224257619583278e-01
5.320000 -9.042774462010578e-01
5.330000 -8.780200476166433e-01
5.340000 -8.453950271025857e-01
5.350000 -8.086113284091224e-01
5.360000 -7.701633708373471e-01
5.370000 -7.326490419373249e-01
5.380000 -6.985876902062090e-01
5.390000 -6.702381177863610e-01
5.400000 -6.494165731634635e-01
5.410000 -6.373147438646412e-01
5.420000 -6.343208422949940e-01
5.430000 -6.399211131730128e-01
5.440000 -6.528054881016084e-01
5.450000 -6.710536617380263e-01
5.460000 -6.923242611021706e-01
5.470000 -7.140440148849391e-01
5.480000 -7.335969227565490e-01
5.490000 -7.485134246748684e-01
5.500000 -7.566595701937437e-01
5.510000 -7.564261877713321e-01
5.520000 -7.469152080141128e-01
5.530000 -7.280519892487057e-01
5.540000 -7.005098028488744e-01
5.550000 -6.655603208903357e-01
5.560000 -6.249212577412470e-01
5.570000 -5.806040116526994e-01
5.580000 -5.347613063492073e-01
5.590000 -4.895348326192008e-01
5.600000 -4.469028899055149e-01
5.610000 -4.085280278958813e-01
5.620000 -3.756067715066136e-01
5.630000 -3.487735140893508e-01
5.640000 -3.281419145886407e-01
5.650000 -3.134004629225826e-01
5.660000 -3.039101287566652e-01
5.670000 -2.988020102776033e-01
5.680000 -2.970749829671755e-01
5.690000 -2.976933483760614e-01
5.700000 -2.996844828976783e-01
5.710000 -3.022364865420195e-01
5.720000 -3.047944417805663e-01
5.730000 -3.071205342391591e-01
5.740000 -3.092624380818386e-01
5.750000 -3.114855632426440e-01
5.760000 -3.142039127284877e-01
5.770000 -3.179109399220292e-01
5.780000 -3.231104058845481e-01
5.790000 -3.302472366588199e-01
5.800000 -3.396383805719881e-01
5.810000 -3.514036655384397e-01
5.820000 -3.653978363223479e-01
5.830000 -3.811732707516395e-01
5.840000 -3.980205732701851e-01
5.850000 -4.150398474414131e-01
5.860000 -4.312131484115947e-01
5.870000 -4.454769353731266e-01
5.880000 -4.567945240278151e-01
5.890000 -4.642285390501616e-01
5.900000 -4.670133665506438e-01
5.910000 -4.646276065390024e-01
5.920000 -4.568653765885671e-01
5.930000 -4.438777467277209e-01
5.940000 -4.261383536002444e-01
5.950000 -4.043791458527986e-01
5.960000 -3.795249807234477e-01
5.970000 -3.526282206301845e-01
5.980000 -3.248033297594539e-01
5.990000 -2.971614706546790e-01
6.000000 -2.707451008047835e-01
6.010000 -2.464625692327178e-01
6.020000 -2.250235170692101e-01
6.030000 -2.068951817424322e-01
6.040000 -1.923117641926781e-01
6.050000 -1.813046997029564e-01
6.060000 -1.737337327148107e-01
6.070000 -1.693179916441390e-01
6.080000 -1.676670636970147e-01
6.090000 -1.683120696855061e-01
6.100000 -1.707367388434964e-01
6.110000 -1.744084836425044e-01
6.120000 -1.788092710913073e-01
6.130000 -1.834612026144483e-01
6.140000 -1.879386618617578e-01
6.150000 -1.918751710967579e-01
6.160000 -1.949700440688714e-01
6.170000 -1.969950388856294e-01
6.180000 -1.978010108848798e-01
6.190000 -1.973245655069955e-01
6.200000 -1.955947111670827e-01
6.210000 -1.927395121271891e-01
6.220000 -1.889924107968385e-01
6.230000 -1.846899551700488e-01
6.240000 -1.802477085318858e-01
6.250000 -1.761275643015001e-01
6.260000 -1.728047303034905e-01
6.270000 -1.707347130392672e-01
6.280000 -1.703203019584147e-01
6.290000 -1.718785537300563e-01
6.300000 -1.756077765142157e-01
6.310000 -1.815545142331820e-01
6.320000 -1.895811884106649e-01
6.330000 -1.993508367735782e-01
6.340000 -2.103552513281803e-01
6.350000 -2.219602131988420e-01
6.360000 -2.334513850346071e-01
6.370000 -2.440802034157534e-01
6.380000 -2.531097712603530e-01
6.390000 -2.598607502308335e-01
6.400000 -2.637572531405386e-01
6.410000 -2.643727363602886e-01
6.420000 -2.614752094179589e-01
6.430000 -2.550546916164973e-01
6.440000 -2.453056033910586e-01
6.450000 -2.325914046845802e-01
6.460000 -2.174085505163730e-01
6.470000 -2.003504465507137e-01
6.480000 -1.820714046654355e-01
6.490000 -1.632505985205206e-01
6.500000 -1.445560191266913e-01
6.510000 -1.266084304140021e-01
6.520000 -1.099456872337222e-01
6.530000 -9.499647662579916e-02
6.540000 -8.207797968356385e-02
6.550000 -7.140295668401558e-02
6.560000 -6.308719465139888e-02
6.570000 -5.715695492078037e-02
6.580000 -5.355642070162549e-02
6.590000 -5.215514464137536e-02
6.600000 -5.275549638902343e-02
6.610000 -5.510011015869252e-02
6.620000 -5.887939176008711e-02
6.630000 -6.374057176771630e-02
6.640000 -6.930068350391758e-02
6.650000 -7.516108716065126e-02
6.660000 -8.092205338817021e-02
6.670000 -8.619734688368999e-02
6.680000 -9.062880998005869e-02
6.690000 -9.390094623442707e-02
6.700000 -9.575550401691829e-02
6.710000 -9.600606009929812e-02
6.720000 -9.455235902911384e-02
6.730000 -9.138830292603124e-02
6.740000 -8.659382311913433e-02
6.750000 -8.032040220642302e-02
6.760000 -7.277635189977955e-02
6.770000 -6.421209086993519e-02
6.780000 -5.490542259143669e-02
6.790000 -4.514681318761306e-02
6.800000 -3.522466927554194e-02
6.810000 -2.541061581101643e-02
6.820000 -1.594492662674192e-02
6.830000 -7.025924994526051e-03
6.840000 1.190538059319191e-03
6.850000 8.587635414582384e-03
6.860000 1.508396282452727e-02
6.870000 2.062993788326724e-02
6.880000 2.520419899313977e-02
6.890000 2.881000433208103e-02
6.900000 3.147163082100028e-02
6.910000 3.323077309115448e-02
6.920000 3.414294890897002e-02
6.930000 3.427407249449544e-02
6.940000 3.369745403137807e-02
6.950000 3.249096707047167e-02
6.960000 3.073422239089123e-02
6.970000 2.850574186106792e-02
6.980000 2.588013229980386e-02
6.990000 2.292525933732705e-02
7.000000 1.969942127634626e-02
7.010000 1.624852295310584e-02
7.020000 1.260331251894868e-02
7.030000 8.778254155089189e-03
7.040000 4.774553540919223e-03
7.050000 5.848192555241891e-04
7.060000 -3.802212900292892e-03
7.070000 -8.396955581987246e-03
7.080000 -1.320424557924823e-02
7.090000 -1.821861949397526e-02
7.100000 -2.341958941825361e-02
7.110000 -2.876691861233041e-02
7.120000 -3.419599604492683e-02
7.130000 -3.961578135429594e-02
7.140000 -4.491327472348118e-02
7.150000 -4.996055717632033e-02
7.160000 -5.462192973578599e-02
7.170000 -5.876105258232618e-02
7.180000 -6.224808421220449e-02
7.190000 -6.496682059584084e-02
7.200000 -6.682183433615173e-02
7.210000 -6.774561382689077e-02
7.220000 -6.770559294826251e-02
7.230000 -6.670833473164443e-02
7.240000 -6.479649048435275e-02
7.250000 -6.204291288351626e-02
7.260000 -5.854465960722345e-02
7.270000 -5.441699696566994e-02
7.280000 -4.978740353230542e-02
7.290000 -4.478957377498121e-02
7.300000 -3.955742168709720e-02
7.310000 -3.421908441874926e-02
7.320000 -2.889098588347972e-02
7.330000 -2.367345973071497e-02
7.340000 -1.865033070802369e-02
7.350000 -1.389005538906225e-02
7.360000 -9.446922877123396e-03
7.370000 -5.362255508684839e-03
7.380000 -1.665609556958004e-03
7.390000 1.624024064563327e-03
7.400000 4.497019098554327e-03
7.410000 6.951913240310472e-03
7.420000 8.994213829712789e-03
7.430000 1.063536982655553e-02
7.440000 1.189216588979378e-02
7.450000 1.278628274015350e-02
7.460000 1.334386391825547e-02
7.470000 1.359508254273928e-02
7.480000 1.357370806838726e-02
7.490000 1.331667304424850e-02
7.500000 1.286363987176273e-02
7.510000 1.225656756288437e-02
7.520000 1.153927160760547e-02
7.530000 1.075680468585399e-02
7.540000 9.954382599728971e-03
7.550000 9.176131050111025e-03
7.560000 8.463825522671806e-03
7.570000 7.855631173883482e-03
7.580000 7.384842717028225e-03
7.590000 7.078624308207690e-03
7.600000 6.956749432352510e-03
7.610000 7.030340789231771e-03
7.620000 7.300635132277754e-03
7.630000 7.758396880607448e-03
7.640000 8.384978616851273e-03
7.650000 9.154030358178567e-03
7.660000 1.003323378013838e-02
7.670000 1.098603644050022e-02
7.680000 1.197338600309482e-02
7.690000 1.295546446165493e-02
7.700000 1.389342236365603e-02
7.710000 1.475111303415717e-02
7.720000 1.549680884210343e-02
7.730000 1.610445057063406e-02
7.740000 1.655371158986626e-02
7.750000 1.682959513368452e-02
7.760000 1.692201361899181e-02
7.770000 1.682536796496064e-02
7.780000 1.653812691228420e-02
7.790000 1.606240634242745e-02
7.800000 1.540354859687827e-02
7.810000 1.456970179639859e-02
7.820000 1.357139733530865e-02
7.830000 1.242107992663501e-02
7.840000 1.113251719945050e-02
7.850000 9.720161847077866e-03
7.860000 8.198511950326606e-03
7.870000 6.581471300729782e-03
7.880000 4.881709723780851e-03
7.890000 3.110023402170481e-03
7.900000 1.274695199023384e-03
7.910000 -6.191450188648531e-04
7.920000 -2.570139434603771e-03
7.930000 -4.580785131917127e-03
7.940000 -6.656155815497567e-03
7.950000 -8.802087328494393e-03
7.960000 -1.102334254681415e-02
7.970000 -1.332177627342121e-02
7.980000 -1.569450013263829e-02
7.990000 -1.813204746444713e-02
8.000000 -2.061653821878899e-02
8.010000 -2.311984384986550e-02
8.020000 -2.560179963172457e-02
8.030000 -2.800964992729193e-02
8.040000 -3.028062326229493e-02
8.050000 -3.234574035263076e-02
8.060000 -3.413366955302084e-02
8.070000 -3.557458230566511e-02
8.080000 -3.660400858889625e-02
8.090000 -3.716669236583421e-02
8.100000 -3.722044703304031e-02
8.110000 -3.674001086917172e-02
8.120000 -3.572083847852287e-02
8.130000 -3.418122810163408e-02
8.140000 -3.216022458845468e-02
8.150000 -2.971385823857334e-02
8.160000 -2.691131963633536e-02
8.170000 -2.383113448596006e-02
8.180000 -2.055733844665824e-02
8.190000 -1.717565196774954e-02
8.200000 -1.376965512377974e-02
8.210000 -1.041696244963831e-02
8.220000 -7.185438539184557e-03
8.230000 -4.130473495105508e-03
8.240000 -1.294948770361393e-03
8.250000 1.289737139137305e-03
8.260000 3.602602238343869e-03
8.270000 5.632014576889382e-03
8.280000 7.374625792896781e-03
8.290000 8.834304656794899e-03
8.300000 1.002107061513246e-02
8.310000 1.095002733439215e-02
8.320000 1.164029949900643e-02
8.330000 1.211405421861947e-02
8.340000 1.239573721266610e-02
8.350000 1.251139360419707e-02
8.360000 1.248799196790583e-02
8.370000 1.235274837815556e-02
8.380000 1.213245045700597e-02
8.390000 1.185278142224035e-02
8.400000 1.153764413539232e-02
8.410000 1.120848514977290e-02
8.420000 1.088362728327610e-02
8.430000 1.057782383543303e-02
8.440000 1.030237543986569e-02
8.450000 1.006546856098914e-02
8.460000 9.872522515492458e-03
8.470000 9.726536493819670e-03
8.480000 9.628436581650746e-03
8.490000 9.577422781382549e-03
8.500000 9.571316033609745e-03
8.510000 9.606905238605828e-03
8.520000 9.680291108400385e-03
8.530000 9.787147614361676e-03
8.540000 9.922774254138737e-03
8.550000 1.008206591410870e-02
8.560000 1.025947956242052e-02
8.570000 1.044900094203862e-02
8.580000 1.064411126378666e-02
8.590000 1.083775389939119e-02
8.600000 1.102230107452533e-02
8.610000 1.118952056185253e-02
8.620000 1.133054582798987e-02
8.630000 1.143593598238231e-02
8.640000 1.149596368487372e-02
8.650000 1.150099285518890e-02
8.660000 1.144185983633516e-02
8.670000 1.131025455800389e-02
8.680000 1.109910169997222e-02
8.690000 1.080294185550460e-02
8.700000 1.041831269475440e-02
8.710000 9.944130128165519e-03
8.720000 9.382063757044083e-03
8.730000 8.736763790552311e-03
8.740000 8.015710915927864e-03
8.750000 7.228917635125408e-03
8.760000 6.388623888628231e-03
8.770000 5.508992679259854e-03
8.780000 4.605805695995669e-03
8.790000 3.696158937774565e-03
8.800000 2.798158337310525e-03
8.810000 1.930615384904279e-03
8.820000 1.112741119943804e-03
8.830000 3.637976823159777e-04
8.840000 -2.973578687150033e-04
8.850000 -8.527721757180737e-04
8.860000 -1.285895836616858e-03
8.870000 -1.582083658211224e-03
8.880000 -1.729094909698847e-03
8.890000 -1.717593576196759e-03
8.900000 -1.541648612262907e-03
8.910000 -1.199234195417717e-03
8.920000 -6.927211652925922e-04
8.930000 -2.913928907913978e-05
8.940000 7.801422216429057e-04
8.950000 1.719963367777042e-03
8.960000 2.771930833954424e-03
8.970000 3.914975459778270e-03
8.980000 5.125909711068295e-03
8.990000 6.379985151105109e-03
9.000000 7.651449911874649e-03
9.010000 8.914106165312595e-03
9.020000 1.014186553175794e-02
9.030000 1.130925085584496e-02
9.040000 1.239176183820013e-02
9.050000 1.336618703457752e-02
9.060000 1.421091379220322e-02
9.070000 1.490623818611986e-02
9.080000 1.543467495553114e-02
9.090000 1.578126744014624e-02
9.100000 1.593389751652435e-02
9.110000 1.588359553441920e-02
9.120000 1.562483586903001e-02
9.130000 1.515545848682208e-02
9.140000 1.447564116117786e-02
9.150000 1.358649770161742e-02
9.160000 1.248866179892563e-02
9.170000 1.118087087027913e-02
9.180000 9.658549904373530e-03
9.190000 7.912395306550411e-03
9.200000 5.926958743924429e-03
9.210000 3.679230990510404e-03
9.220000 1.137284095969261e-03
9.230000 -1.739570031555596e-03
9.240000 -4.996771683756858e-03
9.250000 -8.678988996391423e-03
9.260000 -1.282453526988957e-02
9.270000 -1.745978628996424e-02
9.280000 -2.259359764822021e-02
9.290000 -2.821172206276332e-02
9.300000 -3.427122669880971e-02
9.310000 -4.069491048929501e-02
9.320000 -4.736586823380633e-02
9.330000 -5.412587093390541e-02
9.340000 -6.078343349775259e-02
9.350000 -6.712569868112241e-02
9.360000 -7.293046780674169e-02
9.370000 -7.797823148362766e-02
9.380000 -8.206420032642628e-02
9.390000 -8.501033567475032e-02
9.400000 -8.667738031251751e-02
9.410000 -8.697688918728884e-02
9.420000 -8.588305406971548e-02
9.430000 -8.343917065581564e-02
9.440000 -7.975050571643398e-02
9.450000 -7.497180668953084e-02
9.460000 -6.929460521258014e-02
9.470000 -6.293452065496731e-02
9.480000 -5.611856365038715e-02
9.490000 -4.907243962924177e-02
9.500000 -4.200785235103845e-02
9.510000 -3.510980743678766e-02
9.520000 -2.852408428378368e-02
9.530000 -2.234908592233970e-02
9.540000 -1.663880210979117e-02
9.550000 -1.141015036645379e-02
9.560000 -6.650485393964165e-03
9.570000 -2.325108493620603e-03
9.580000 1.615223015276189e-03
9.590000 5.226786377082333e-03
9.600000 8.565383981470063e-03
9.610000 1.167883394508698e-02
9.620000 1.459955762802974e-02
9.630000 1.733968745549392e-02
9.640000 1.989257243717851e-02
9.650000 2.223680399186668e-02
9.660000 2.434033870682102e-02
9.670000 2.616462109717872e-02
9.680000 2.766870636534683e-02
9.690000 2.881338316039747e-02
9.700000 2.956529633746299e-02
9.710000 2.990106971713127e-02
9.720000 2.981137362379068e-02
9.730000 2.930355667667003e-02
9.740000 2.840063299156528e-02
9.750000 2.713883363526124e-02
9.760000 2.556510285890292e-02
9.770000 2.373459433136688e-02
9.780000 2.170816737263271e-02
9.790000 1.954988318715439e-02
9.800000 1.732450109723168e-02
9.810000 1.509497477638154e-02
9.820000 1.291997038769521e-02
9.830000 1.085195425182402e-02
9.840000 8.936726244022468e-03
9.850000 7.213522720820074e-03
9.860000 5.715141351678867e-03
9.870000 4.468065950650912e-03
9.880000 3.492591308035856e-03
9.890000 2.802948022038427e-03
9.900000 2.407427330425964e-03
9.910000 2.308505942185941e-03
9.920000 2.502972688790261e-03
9.930000 2.982102485235409e-03
9.940000 3.731950385129085e-03
9.950000 4.733692945552720e-03
9.960000 5.963971411530735e-03
9.970000 7.395234900499827e-03
9.980000 8.996083586778232e-03
9.990000 1.073161188603501e-02
10.000000 1.256375163975931e-02
10.010000 1.445161529972963e-02
10.020000 1.635184759660267e-02
10.030000 1.821919779561060e-02
10.040000 2.000765190414890e-02
10.050000 2.167178546647275e-02
10.060000 2.316812484251295e-02
10.070000 2.445650848669174e-02
10.080000 2.550144822673877e-02
10.090000 2.627349054250698e-02
10.100000 2.675057784478845e-02
10.110000 2.691940975413036e-02
10.120000 2.677677865371085e-02
10.130000 2.633023636777515e-02
10.140000 2.559706292803202e-02
10.150000 2.460256646561043e-02
10.160000 2.337835737707623e-02
10.170000 2.196062249044876e-02
10.180000 2.038839923121750e-02
10.190000 1.870184978835879e-02
10.200000 1.694053528035235e-02
10.210000 1.514168992119809e-02
10.220000 1.333851339602232e-02
10.230000 1.155893668601655e-02
10.240000 9.825589726296800e-03
10.250000 8.156242513095283e-03
10.260000 6.564264420541850e-03
10.270000 5.059083517445383e-03
10.280000 3.646645884075231e-03
10.290000 2.329874928942599e-03
10.300000 1.109130705581988e-03
10.310000 -1.733077066740936e-05
10.320000 -1.052901813067748e-03
10.330000 -2.002261140762762e-03
10.340000 -2.871250030430883e-03
10.350000 -3.666842254812529e-03
10.360000 -4.397117628424875e-03
10.370000 -5.071235553276612e-03
10.380000 -5.699408564582708e-03
10.390000 -6.292875876479182e-03
10.400000 -6.863876927737845e-03
10.410000 -7.425624927481084e-03
10.420000 -7.992272259498190e-03
10.430000 -8.578664210202739e-03
10.440000 -9.199555364294084e-03
10.450000 -9.868614324059877e-03
10.460000 -1.059742028728017e-02
10.470000 -1.139445962513151e-02
10.480000 -1.226412246009103e-02
10.490000 -1.320569924384059e-02
10.500000 -1.421237733517078e-02
10.510000 -1.527023757788512e-02
10.520000 -1.635727904519825e-02
10.530000 -1.744317611298215e-02
10.540000 -1.849089452162645e-02
10.550000 -1.945903976674674e-02
10.560000 -2.030423365638703e-02
10.570000 -2.098349086822216e-02
10.580000 -2.145659550676036e-02
10.590000 -2.168847766054563e-02
10.600000 -2.165158995936017e-02
10.610000 -2.132828413142696e-02
10.620000 -2.071314912248647e-02
10.630000 -1.981434982360744e-02
10.640000 -1.865242888270630e-02
10.650000 -1.725810912480059e-02
10.660000 -1.567005753413667e-02
10.670000 -1.393264923631733e-02
10.680000 -1.209373148042955e-02
10.690000 -1.020238762117222e-02
10.700000 -8.306701100983757e-03
10.710000 -6.451519432169889e-03
10.720000 -4.676240563469200e-03
10.730000 -3.013181242004447e-03
10.740000 -1.487422748135907e-03
10.750000 -1.172386257004855e-04
10.760000 1.085455203311317e-03
10.770000 2.114650324078402e-03
10.780000 2.969795714272090e-03
10.790000 3.655347629379125e-03
10.800000 4.180319488024690e-03
10.810000 4.557831757295416e-03
10.820000 4.804657102683714e-03
10.830000 4.940642418186801e-03
10.840000 4.987818321413650e-03
10.850000 4.969385528846621e-03
10.860000 4.908696495724422e-03
10.870000 4.828237055925060e-03
10.880000 4.748608061848800e-03
10.890000 4.687507024301127e-03
10.900000 4.658709752375686e-03
10.910000 4.671051993337263e-03
10.920000 4.727430320863407e-03
10.930000 4.824303480611928e-03
10.940000 4.952464127461740e-03
10.950000 5.098311020079558e-03
10.960000 5.245140463845306e-03
10.970000 5.374437753777515e-03
10.980000 5.467168617458720e-03
10.990000 5.505070657960870e-03
11.000000 5.471944796770701e-03
11.010000 5.354946716715167e-03
11.020000 5.145860961274515e-03
11.030000 4.841924099975498e-03
11.040000 4.445503215372511e-03
11.050000 3.963323456108810e-03
11.060000 3.405678246365437e-03
11.070000 2.785639495310127e-03
11.080000 2.118267806546230e-03
11.090000 1.419822687561627e-03
11.100000 7.069727591776433e-04
11.110000 -3.994035002029422e-06
11.120000 -6.979554527951319e-04
11.130000 -1.361616052615111e-03
11.140000 -1.983853713724281e-03
11.150000 -2.555942231457477e-03
11.160000 -3.071769146098396e-03
11.170000 -3.528053571755951e-03
11.180000 -3.924564025240625e-03
11.190000 -4.264336254940827e-03
11.200000 -4.553891069699220e-03
11.210000 -4.803452167689105e-03
11.220000 -5.027151452510662e-03
11.230000 -5.242909017004816e-03
11.240000 -5.471487283581043e-03
11.250000 -5.735219812262730e-03
11.260000 -6.056727595952478e-03
11.270000 -6.457635355697371e-03
11.280000 -6.957287835954283e-03
11.290000 -7.571466099855153e-03
11.300000 -8.311103824472262e-03
11.310000 -9.181003596083544e-03
11.320000 -1.017857650501732e-02
11.330000 -1.129318752956327e-02
11.340000 -1.250703869212840e-02
11.350000 -1.379665800445928e-02
11.360000 -1.513441171244372e-02
11.370000 -1.649001654091246e-02
11.380000 -1.783205193844087e-02
11.390000 -1.912947232215063e-02
11.400000 -2.035311932251142e-02
11.410000 -2.147723402814266e-02
11.420000 -2.248095006261793e-02
11.430000 -2.334928829334389e-02
11.440000 -2.407288645262722e-02
11.450000 -2.464723039081591e-02
11.460000 -2.507186616144343e-02
11.470000 -2.534961210637276e-02
11.480000 -2.548577094094052e-02
11.490000 -2.548734183910113e-02
11.500000 -2.536223251857077e-02
11.510000 -2.511847132597170e-02
11.520000 -2.476342997959756e-02
11.530000 -2.430332341033489e-02
11.540000 -2.374341300559570e-02
11.550000 -2.308848695140612e-02
11.560000 -2.234335123211626e-02
11.570000 -2.151332063011023e-02
11.580000 -2.060470972551613e-02
11.590000 -1.962532389591589e-02
11.600000 -1.858495031605531e-02
11.610000 -1.749584895755404e-02
11.620000 -1.637322981598156e-02
11.630000 -1.523537204945203e-02
11.640000 -1.410283412338193e-02
11.650000 -1.299730586676652e-02
11.660000 -1.194044675582222e-02
11.670000 -1.095272419762920e-02
11.680000 -1.005225181377382e-02
11.690000 -9.253627723991156e-03
11.700000 -8.566772829807430e-03
11.710000 -7.995769098182573e-03
11.720000 -7.537721807552099e-03
11.730000 -7.182244816254361e-03
11.740000 -6.912527349320489e-03
11.750000 -6.707023807649710e-03
11.760000 -6.541167539584065e-03
11.770000 -6.389084612483161e-03
11.780000 -6.225307584298897e-03
11.790000 -6.026489275150211e-03
11.800000 -5.773116538897800e-03
11.810000 -5.451224034718871e-03
11.820000 -5.054080514143024e-03
11.830000 -4.583160510077972e-03
11.840000 -4.047302046270990e-03
11.850000 -3.461149748760131e-03
11.860000 -2.843570472786631e-03
11.870000 -2.216068929707266e-03
11.880000 -1.601203313906749e-03
11.890000 -1.021000929710098e-03
11.900000 -4.953738182950270e-04
11.910000 -4.053438460432030e-05
11.920000 3.325666029096644e-04
11.930000 6.192203189053058e-04
11.940000 8.204635808518842e-04
11.950000 9.420008550945322e-04
11.960000 9.931038900870520e-04
11.970000 9.855113496247360e-04
11.980000 9.323284460771850e-04
11.990000 8.469265736211348e-04
12.000000 7.418429414732678e-04
12.010000 6.276802071230402e-04
12.020000 5.120187215105775e-04
12.030000 3.986566847766344e-04
12.040000 2.876826903878133e-04
12.050000 1.758761798338613e-04
12.060000 5.712050927004941e-05
12.070000 -7.718398384044945e-05
12.080000 -2.377069140841810e-04
12.090000 -4.367747814550313e-04
12.100000 -6.879579047118481e-04
12.110000 -1.005657354736063e-03
12.120000 -1.404689667738197e-03
12.130000 -1.899813834535435e-03
12.140000 -2.505111759855736e-03
12.150000 -3.233310997713001e-03
12.160000 -4.095105266631134e-03
12.170000 -5.098474964868092e-03
12.180000 -6.248007685639947e-03
12.190000 -7.544218732344949e-03
12.200000 -8.982871633787564e-03
12.210000 -1.055429865940256e-02
12.220000 -1.224273445665796e-02
12.230000 -1.402599086511079e-02
12.240000 -1.587599779427332e-02
12.250000 -1.775968527813212e-02
12.260000 -1.963987865184595e-02
12.270000 -2.147619372844381e-02
12.280000 -2.322593197552274e-02
12.290000 -2.484497569194596e-02
12.300000 -2.628868318454065e-02
12.310000 -2.751278394479600e-02
12.320000 -2.847427994909733e-02
12.330000 -2.913250617090130e-02
12.340000 -2.945059524630005e-02
12.350000 -2.939710135152633e-02
12.360000 -2.894763020399495e-02
12.370000 -2.808646906334414e-02
12.380000 -2.680821673247689e-02
12.390000 -2.511941355860246e-02
12.400000 -2.304017143427758e-02
12.410000 -2.060580379844804e-02
12.420000 -1.786818672099931e-02
12.430000 -1.489012815855141e-02
12.440000 -1.172198872187242e-02
12.450000 -8.371310614535601e-03
12.460000 -4.772177655085849e-03
12.470000 -7.545752992061524e-04
12.480000 3.986249338115950e-03
12.490000 9.920427460421918e-03
12.500000 1.771410856761575e-02
12.510000 2.826010043379752e-02
