3.310000 2.194523530893684e-01
3.320000 4.796969682157429e-01
3.330000 6.494046865327043e-01
3.340000 7.644910342935797e-01
3.350000 8.515609283858463e-01
3.360000 9.293751278634749e-01
3.370000 1.010316685479273e+00
3.380000 1.101857399217229e+00
3.390000 1.208024263824855e+00
3.400000 1.330865922345529e+00
3.410000 1.471919117650841e+00
3.420000 1.633656288368227e+00
3.430000 1.820442919086209e+00
3.440000 2.038250420648930e+00
3.450000 2.293878764728305e+00
3.460000 2.594160262791441e+00
3.470000 2.945163345068086e+00
3.480000 3.351396339518051e+00
3.490000 3.815011250798652e+00
3.500000 4.335007539232140e+00
3.510000 4.906435899773133e+00
3.520000 5.519619977030323e+00
3.530000 6.159844417698978e+00
3.540000 6.808226702574782e+00
3.550000 7.443055315978489e+00
3.560000 8.041145851234823e+00
3.570000 8.579197116151407e+00
3.580000 9.035147238497672e+00
3.590000 9.389529771483767e+00
3.600000 9.626829799239466e+00
3.610000 9.736840042293112e+00
3.620000 9.715994715877390e+00
3.630000 9.568124961734490e+00
3.640000 9.303745966496464e+00
3.650000 8.938765653564918e+00
3.660000 8.493171127817593e+00
3.670000 7.989715120314951e+00
3.680000 7.452602433006781e+00
3.690000 6.906176383438759e+00
3.700000 6.373605249459054e+00
3.710000 5.875568713924904e+00
3.720000 5.428959360209385e+00
3.730000 5.045975488512520e+00
3.740000 4.734207284983494e+00
3.750000 4.497114311647240e+00
3.760000 4.334518047131187e+00
3.770000 4.243094427392001e+00
3.780000 4.216866386442340e+00
3.790000 4.247696397077609e+00
3.800000 4.325779011602688e+00
3.810000 4.440133402558710e+00
3.820000 4.579094900143865e+00
3.830000 4.730780443680375e+00
3.840000 4.883487814890853e+00
3.850000 5.026068785220789e+00
3.860000 5.148301259855133e+00
3.870000 5.241261421734859e+00
3.880000 5.297695875573540e+00
3.890000 5.312393791873927e+00
3.900000 5.282559050944515e+00
3.910000 5.208182386916119e+00
3.920000 5.092403639462406e+00
3.930000 4.941616805823141e+00
3.940000 4.764922201288329e+00
3.950000 4.573321419985014e+00
3.960000 4.378902403368101e+00
3.970000 4.194024508711138e+00
3.980000 4.030503577597120e+00
3.990000 3.898797004409274e+00
4.000000 3.807188804821865e+00
4.010000 3.760974684290979e+00
4.020000 3.761661255220943e+00
4.030000 3.806533119696590e+00
4.040000 3.889153764805865e+00
4.050000 4.000234323528269e+00
4.060000 4.128516484298962e+00
4.070000 4.261655400572822e+00
4.080000 4.387102600388526e+00
4.090000 4.492988895932625e+00
4.100000 4.569007293103629e+00
4.110000 4.607295901076078e+00
4.120000 4.603307679990974e+00
4.130000 4.556337979931628e+00
4.140000 4.469183396239329e+00
4.150000 4.347458416114422e+00
4.160000 4.198898903343729e+00
4.170000 4.032665583028003e+00
4.180000 3.858647526309340e+00
4.190000 3.686765635098625e+00
4.200000 3.526276126802953e+00
4.210000 3.385074019053082e+00
4.220000 3.269005473170305e+00
4.230000 3.181410464859417e+00
4.240000 3.123250131706240e+00
4.250000 3.093464447901218e+00
4.260000 3.089338757702468e+00
4.270000 3.106870308898832e+00
4.280000 3.141134786272930e+00
4.290000 3.186652845064217e+00
4.300000 3.237756644432028e+00
4.310000 3.288956380918639e+00
4.320000 3.335303494213270e+00
4.330000 3.372667352740995e+00
4.340000 3.397792311114839e+00
4.350000 3.408268247412771e+00
4.360000 3.402497772755654e+00
4.370000 3.379663440885195e+00
4.380000 3.339694957741894e+00
4.390000 3.283236391043002e+00
4.400000 3.211613379860455e+00
4.410000 3.126800344198846e+00
4.420000 3.031386399448216e+00
4.430000 2.928507597583327e+00
4.440000 2.821693690103864e+00
4.450000 2.714681217721111e+00
4.460000 2.611225304919461e+00
4.470000 2.514911454517942e+00
4.480000 2.428967342231738e+00
4.490000 2.356074611233716e+00
4.500000 2.298180666715939e+00
4.510000 2.256310470451200e+00
4.520000 2.230382100498383e+00
4.530000 2.219120204647969e+00
4.540000 2.220217953361669e+00
4.550000 2.230596886452209e+00
4.560000 2.246670524906934e+00
4.570000 2.264607982711441e+00
4.580000 2.280597578673189e+00
4.590000 2.291110448245128e+00
4.600000 2.293164155349308e+00
4.610000 2.284586304200510e+00
4.620000 2.264273923388262e+00
4.630000 2.232342928677474e+00
4.640000 2.189998554863935e+00
4.650000 2.139295866348431e+00
4.660000 2.082896039969255e+00
4.670000 2.023822647834716e+00
4.680000 1.965217940155655e+00
4.690000 1.910099128077963e+00
4.700000 1.861114666515084e+00
4.710000 1.820300536980538e+00
4.720000 1.788840126567146e+00
4.730000 1.766917606740969e+00
4.740000 1.753808657818718e+00
4.750000 1.748064693259866e+00
4.760000 1.747700680105481e+00
4.770000 1.750382959417060e+00
4.780000 1.753617066715361e+00
4.790000 1.754935552419237e+00
4.800000 1.752085802284466e+00
4.810000 1.743217857842587e+00
4.820000 1.727069631738374e+00
4.830000 1.703084390432021e+00
4.840000 1.671356300211732e+00
4.850000 1.632508240571024e+00
4.860000 1.587567012484671e+00
4.870000 1.537838546684647e+00
4.880000 1.484783111936067e+00
4.890000 1.429890523313134e+00
4.900000 1.374555350475076e+00
4.910000 1.319952125942099e+00
4.920000 1.266912342342090e+00
4.930000 1.215847962897351e+00
4.940000 1.166793003982125e+00
4.950000 1.119491630920148e+00
4.960000 1.073488042752960e+00
4.970000 1.028216357008222e+00
4.980000 9.830904944680333e-01
4.990000 9.375940639372482e-01
5.000000 8.913702470117869e-01
5.010000 8.443116828469567e-01
5.020000 7.966487286603412e-01
5.030000 7.489954893336850e-01
5.040000 7.022886454968276e-01
5.050000 6.576840507106295e-01
5.060000 6.164517043844737e-01
5.070000 5.798707246937668e-01
5.080000 5.491243214974413e-01
5.090000 5.251947692554574e-01
5.100000 5.087583799463041e-01
5.110000 5.000804759845017e-01
5.120000 4.989122992080941e-01
5.130000 5.044382576859185e-01
5.140000 5.153509531443057e-01
5.150000 5.299765462135583e-01
5.160000 5.464020577444187e-01
5.170000 5.626026701245399e-01
5.180000 5.765690285949517e-01
5.190000 5.864345425665330e-01
5.200000 5.906026869364776e-01
5.210000 5.878743034047653e-01
5.220000 5.775729615508233e-01
5.230000 5.596198736752078e-01
5.240000 5.344807538140272e-01
5.250000 5.030622305183858e-01
5.260000 4.666063193940183e-01
5.270000 4.265848956409258e-01
5.280000 3.845941665930110e-01
5.290000 3.422491442577145e-01
5.300000 3.010781178556490e-01
5.310000 2.624171263602365e-01
5.320000 2.273057641373039e-01
5.330000 1.964176471836687e-01
5.340000 1.700788639631570e-01
5.350000 1.483210868416125e-01
5.360000 1.309360166218639e-01
5.370000 1.175298270786951e-01
5.380000 1.075776094938133e-01
5.390000 1.004778171908181e-01
5.400000 9.560671007017042e-02
5.410000 9.237279914416163e-02
5.420000 9.027067902265375e-02
5.430000 8.891894711888734e-02
5.440000 8.805772760622711e-02
5.450000 8.753028209497442e-02
5.460000 8.726400825995133e-02
5.470000 8.725143846808486e-02
5.480000 8.753123840599100e-02
5.490000 8.816920570755903e-02
5.500000 8.923926858153543e-02
5.510000 9.080448443910837e-02
5.520000 9.289825494875446e-02
5.530000 9.551116819992353e-02
5.540000 9.859212506607960e-02
5.550000 1.020550926765792e-01
5.560000 1.057860743158133e-01
5.570000 1.096500793223484e-01
5.580000 1.134980929880679e-01
5.590000 1.171740464573144e-01
5.600000 1.205217866260301e-01
5.610000 1.233920460408992e-01
5.620000 1.256493606307791e-01
5.630000 1.271776310776807e-01
5.640000 1.278822411189076e-01
5.650000 1.276908194887450e-01
5.660000 1.265539496924375e-01
5.670000 1.244458797801672e-01
5.680000 1.213652321210321e-01
5.690000 1.173357131770247e-01
5.700000 1.124068232770095e-01
5.710000 1.066545663907022e-01
5.720000 1.001820964224513e-01
5.730000 9.311871301993409e-02
5.740000 8.561466768993649e-02
5.750000 7.783431942904652e-02
5.760000 6.994922687415137e-02
5.770000 6.213124045293483e-02
5.780000 5.454559453437462e-02
5.790000 4.734399957923974e-02
5.800000 4.065773429058778e-02
5.810000 3.459073776426225e-02
5.820000 2.921281148646314e-02
5.830000 2.455567735522125e-02
5.840000 2.061628560870534e-02
5.850000 1.736297877743296e-02
5.860000 1.474176548355468e-02
5.870000 1.268259424013823e-02
5.880000 1.110562725045263e-02
5.890000 9.927514207252372e-03
5.900000 9.067666092061550e-03
5.910000 8.454528974458029e-03
5.920000 8.031779759687658e-03
5.930000 7.762492592860042e-03
5.940000 7.628153852928194e-03
5.950000 7.625647803249737e-03
5.960000 7.764164190478143e-03
5.970000 8.062105843453975e-03
5.980000 8.543996272096115e-03
5.990000 9.237387266293032e-03
6.000000 1.016976649479400e-02
6.010000 1.136546510410037e-02
6.020000 1.284258978515510e-02
6.030000 1.461059100278913e-02
6.040000 1.666944609985791e-02
6.050000 1.900947856413466e-02
6.060000 2.161120176300207e-02
6.070000 2.444516267814392e-02
6.080000 2.747178564023663e-02
6.090000 3.064121606364109e-02
6.100000 3.389316418109407e-02
6.110000 3.715674877840002e-02
6.120000 4.035038127769398e-02
6.130000 4.338269888355919e-02
6.140000 4.615616073485251e-02
6.150000 4.857169311938471e-02
6.160000 5.053337503717182e-02
6.170000 5.195312376368670e-02
6.180000 5.275538041311038e-02
6.190000 5.288179550158376e-02
6.200000 5.229591451045883e-02
6.210000 5.098786344955036e-02
6.220000 4.897895046516886e-02
6.230000 4.632408461247606e-02
6.240000 4.310865358342747e-02
6.250000 3.944321859903737e-02
6.260000 3.545812534642524e-02
6.270000 3.129811491586225e-02
6.280000 2.711693473781782e-02
6.290000 2.307194952000613e-02
6.300000 1.931875218443256e-02
6.310000 1.600577480444027e-02
6.320000 1.326892794077624e-02
6.330000 1.122697835216701e-02
6.340000 9.978801041187795e-03
6.350000 9.601369674641327e-03
6.360000 1.014777540295619e-02
6.370000 1.164524567958521e-02
6.380000 1.409316308040384e-02
6.390000 1.746108412310850e-02
6.400000 2.168675808661497e-02
6.410000 2.667414583045681e-02
6.420000 3.229153567713377e-02
6.430000 3.837218293116364e-02
6.440000 4.472135555284243e-02
6.450000 5.112590346870789e-02
6.460000 5.736392494495318e-02
6.470000 6.321443296084057e-02
6.480000 6.846702158211504e-02
6.490000 7.293153233441800e-02
6.500000 7.644772057670088e-02
6.510000 7.889492187463892e-02
6.520000 8.020156873913779e-02
6.530000 8.035081685726130e-02
6.540000 7.937629541930372e-02
6.550000 7.735396693828311e-02
6.560000 7.439383743452757e-02
6.570000 7.063166662026149e-02
6.580000 6.622067808419174e-02
6.590000 6.132326947609428e-02
6.600000 5.610272269139998e-02
6.610000 5.071491405578131e-02
6.620000 4.530011042672014e-02
6.630000 3.997699913660135e-02
6.640000 3.484238845660156e-02
6.650000 2.997314190210373e-02
6.660000 2.542819845509313e-02
6.670000 2.125059278655363e-02
6.680000 1.746947547886371e-02
6.690000 1.410213324819276e-02
6.700000 1.115600916689706e-02
6.710000 8.630722885916079e-03
6.720000 6.520073778925591e-03
6.730000 4.813600052174715e-03
6.740000 3.497010690289408e-03
6.750000 2.552173367759766e-03
6.760000 1.957085282184347e-03
6.770000 1.685843987514533e-03
6.780000 1.708618227298876e-03
6.790000 1.991618767927448e-03
6.800000 2.497069231876179e-03
6.810000 3.183176930951218e-03
6.820000 4.004115846697229e-03
6.830000 4.910325437068528e-03
6.840000 5.849611155921267e-03
6.850000 6.768560798768462e-03
6.860000 7.613972995698970e-03
6.870000 8.334285704296477e-03
6.880000 8.881004702558469e-03
6.890000 9.210132081815228e-03
6.900000 9.283594739648789e-03
6.910000 9.070672872811955e-03
6.920000 8.549406606046115e-03
6.930000 7.707434154269824e-03
6.940000 6.541386954092907e-03
6.950000 5.055716328701299e-03
6.960000 3.261498288640715e-03
6.970000 1.175238332600338e-03
6.980000 -1.182323751803506e-03
6.990000 -3.787409087243646e-03
7.000000 -6.614394905898381e-03
7.010000 -9.637009748667821e-03
7.020000 -1.282951455710505e-02
7.030000 -1.616751697593414e-02
7.040000 -1.962785457475001e-02
7.050000 -2.318811128030507e-02
7.060000 -2.682611970151080e-02
7.070000 -3.051946345443924e-02
7.080000 -3.424497948732453e-02
7.090000 -3.797826040556452e-02
7.100000 -4.169315679672215e-02
7.110000 -4.536127955552717e-02
7.120000 -4.895151386577686e-02
7.130000 -5.242983626161985e-02
7.140000 -5.575990104419610e-02
7.150000 -5.890392977765992e-02
7.160000 -6.182361244210216e-02
7.170000 -6.448100858647256e-02
7.180000 -6.683944848150192e-02
7.190000 -6.886443427262445e-02
7.200000 -7.052454113289994e-02
7.210000 -7.179231841593608e-02
7.220000 -7.264518761512664e-02
7.230000 -7.306625728710187e-02
7.240000 -7.304492719202586e-02
7.250000 -7.257740939810628e-02
7.260000 -7.166724619241986e-02
7.270000 -7.032582799173803e-02
7.280000 -6.857291125335233e-02
7.290000 -6.643713638590017e-02
7.300000 -6.395654566019021e-02
7.310000 -6.117910112002803e-02
7.320000 -5.816317800600117e-02
7.330000 -5.497742151621203e-02
7.340000 -5.169898742233990e-02
7.350000 -4.841114602265070e-02
7.360000 -4.520086160796635e-02
7.370000 -4.215637192763413e-02
7.380000 -3.936476765549592e-02
7.390000 -3.690957185585757e-02
7.400000 -3.486831944945823e-02
7.410000 -3.331013667943970e-02
7.420000 -3.229333413598365e-02
7.430000 -3.186335230631580e-02
7.440000 -3.205160199679523e-02
7.450000 -3.287465728037044e-02
7.460000 -3.433346200270356e-02
7.470000 -3.641253628829438e-02
7.480000 -3.907918304660443e-02
7.490000 -4.228269447818124e-02
7.500000 -4.595355858078221e-02
7.510000 -5.000266565549891e-02
7.520000 -5.432057858241449e-02
7.530000 -5.877846110412929e-02
7.540000 -6.323321489849007e-02
7.550000 -6.753427465918753e-02
7.560000 -7.153046694588705e-02
7.570000 -7.507686903435963e-02
7.580000 -7.804166776661248e-02
7.590000 -8.031301840102022e-02
7.600000 -8.180590346245520e-02
7.610000 -8.246899159241886e-02
7.620000 -8.229137746932776e-02
7.630000 -8.130622955284651e-02
7.640000 -7.958658845849122e-02
7.650000 -7.723807315627956e-02
7.660000 -7.439146823953603e-02
7.670000 -7.119531119369744e-02
7.680000 -6.780847966511838e-02
7.690000 -6.439277872987650e-02
7.700000 -6.110552816257815e-02
7.710000 -5.809214970516368e-02
7.720000 -5.547882512276046e-02
7.730000 -5.336699472277383e-02
7.740000 -5.183252781911991e-02
7.750000 -5.092673365969676e-02
7.760000 -5.067744314090258e-02
7.770000 -5.109009052215429e-02
7.780000 -5.214879514040606e-02
7.790000 -5.381744312466769e-02
7.800000 -5.604076911052316e-02
7.810000 -5.874543795464909e-02
7.820000 -6.184115440788655e-02
7.830000 -6.522249971070163e-02
7.840000 -6.877261345317051e-02
7.850000 -7.236760235735336e-02
7.860000 -7.588097701822154e-02
7.870000 -7.918808864458471e-02
7.880000 -8.217056580001821e-02
7.890000 -8.472075114379002e-02
7.900000 -8.674613817178821e-02
7.910000 -8.817380795744793e-02
7.920000 -8.895480064095719e-02
7.930000 -8.906679037369848e-02
7.940000 -8.851245364906037e-02
7.950000 -8.731614108848491e-02
7.960000 -8.552048397579370e-02
7.970000 -8.318300079151374e-02
7.980000 -8.037270374720350e-02
7.990000 -7.716670531977891e-02
8.000000 -7.364682478583902e-02
8.010000 -6.989619475599237e-02
8.020000 -6.599589202824298e-02
8.030000 -6.202220073694626e-02
8.040000 -5.804548055974863e-02
8.050000 -5.412966722009682e-02
8.060000 -5.033179730880729e-02
8.070000 -4.670153310563580e-02
8.080000 -4.328068740084703e-02
8.090000 -4.010274831678401e-02
8.100000 -3.719240412943767e-02
8.110000 -3.456506809001643e-02
8.120000 -3.222641792790377e-02
8.130000 -3.017231706970516e-02
8.140000 -2.838970482990644e-02
8.150000 -2.685786831762160e-02
8.160000 -2.554972902472854e-02
8.170000 -2.443312941400493e-02
8.180000 -2.347211950726395e-02
8.190000 -2.262824347349016e-02
8.200000 -2.186182621697520e-02
8.210000 -2.113325996545376e-02
8.220000 -2.040428678071803e-02
8.230000 -1.963917505368240e-02
8.240000 -1.880562688305148e-02
8.250000 -1.787557943843815e-02
8.260000 -1.682600224596036e-02
8.270000 -1.563969447383803e-02
8.280000 -1.430608221798989e-02
8.290000 -1.282201578763027e-02
8.300000 -1.119256699086600e-02
8.310000 -9.431826420293235e-03
8.320000 -7.563673739761954e-03
8.330000 -5.621846001498882e-03
8.340000 -3.648224040294221e-03
8.350000 -1.690416898046820e-03
8.360000 2.006807505230416e-04
8.370000 1.973331172160849e-03
8.380000 3.577396149365063e-03
8.390000 4.966779554674335e-03
8.400000 6.101869924954680e-03
8.410000 6.951983035686724e-03
8.420000 7.497768867783236e-03
8.430000 7.732692780195906e-03
8.440000 7.662166589525472e-03
8.450000 7.301753855420986e-03
8.460000 6.675339558509485e-03
8.470000 5.813299778325625e-03
8.480000 4.750671371241317e-03
8.490000 3.525321648395390e-03
8.500000 2.176118053623215e-03
8.510000 7.410978413863721e-04
8.520000 -7.443431338245768e-04
8.530000 -2.248764729785298e-03
8.540000 -3.744735471604803e-03
8.550000 -5.208388608490580e-03
8.560000 -6.618959059040550e-03
8.570000 -7.958320356535039e-03
8.580000 -9.210521594228738e-03
8.590000 -1.036132437064269e-02
8.600000 -1.139773973485623e-02
8.610000 -1.230756513179896e-02
8.620000 -1.307893097105526e-02
8.630000 -1.370009740699409e-02
8.640000 -1.415988627072480e-02
8.650000 -1.444836321337832e-02
8.660000 -1.455752947290082e-02
8.670000 -1.448201364084741e-02
8.680000 -1.421976342917583e-02
8.690000 -1.377273743704012e-02
8.700000 -1.314759691758429e-02
8.710000 -1.235639754473606e-02
8.720000 -1.141726214550711e-02
8.730000 -1.035455853546616e-02
8.740000 -9.197821077650107e-03
8.750000 -7.980177344647999e-03
8.760000 -6.736755746191507e-03
8.770000 -5.503093156745465e-03
8.780000 -4.313542543098388e-03
8.790000 -3.199680591953001e-03
8.800000 -2.188715337516758e-03
8.810000 -1.301893789092363e-03
8.820000 -5.529349250168820e-04
8.830000 5.287778833601761e-05
8.840000 5.179296985473288e-04
8.850000 8.508487440808179e-04
8.860000 1.065053864862535e-03
8.870000 1.177303412860338e-03
8.880000 1.206243562663411e-03
8.890000 1.170956722061780e-03
8.900000 1.089509942625833e-03
8.910000 9.775033302858399e-04
8.920000 8.466384921565449e-04
8.930000 7.038079257337409e-04
8.940000 5.515068002658883e-04
8.950000 3.887656804977385e-04
8.960000 2.121032866590286e-04
8.970000 1.647925445318075e-05
8.980000 -2.037531049539992e-04
8.990000 -4.538940449456274e-04
9.000000 -7.379446234650403e-04
9.010000 -1.057653943027099e-03
9.020000 -1.411580113489493e-03
9.030000 -1.794508006584050e-03
9.040000 -2.197772712608102e-03
9.050000 -2.609939788875873e-03
9.060000 -3.017499230929866e-03
9.070000 -3.405559443752255e-03
9.080000 -3.758541212976273e-03
9.090000 -4.060871676097603e-03
9.100000 -4.297678293685764e-03
9.110000 -4.455482820595511e-03
9.120000 -4.522887716619043e-03
9.130000 -4.491065982600012e-03
9.140000 -4.353751999642703e-03
9.150000 -4.107035793783012e-03
9.160000 -3.749149740100230e-03
9.170000 -3.280255266828833e-03
9.180000 -2.702229559470288e-03
9.190000 -2.018452264904832e-03
9.200000 -1.233592195503271e-03
9.210000 -3.533940332387737e-04
9.220000 6.155319936369187e-04
9.230000 1.665843147242394e-03
9.240000 2.789401027463847e-03
9.250000 3.977131132677458e-03
9.260000 5.218879447907361e-03
9.270000 6.503269032983617e-03
9.280000 7.817556610700167e-03
9.290000 9.147489154972824e-03
9.300000 1.047716047899719e-02
9.310000 1.178886782340670e-02
9.320000 1.306297776908945e-02
9.330000 1.427803459113807e-02
9.340000 1.541148404029055e-02
9.350000 1.644063956550409e-02
9.360000 1.734365786118781e-02
9.370000 1.810051441443545e-02
9.380000 1.869397905225814e-02
9.390000 1.911059148881715e-02
9.400000 1.934163687265656e-02
9.410000 1.938412133393610e-02
9.420000 1.924172939607871e-02
9.430000 1.892530986220696e-02
9.440000 1.845216475296575e-02
9.450000 1.784486671913383e-02
9.460000 1.713005831865009e-02
9.470000 1.633725129363987e-02
9.480000 1.549762584744143e-02
9.490000 1.464282992163223e-02
9.500000 1.380377847305529e-02
9.510000 1.300945275084556e-02
9.520000 1.228571150713680e-02
9.530000 1.165441248346225e-02
9.540000 1.113332152007018e-02
9.550000 1.073633194093334e-02
9.560000 1.047369587243879e-02
9.570000 1.035225556207789e-02
9.580000 1.037567469713616e-02
9.590000 1.054466972338323e-02
9.600000 1.085724116376267e-02
9.610000 1.130890493708202e-02
9.620000 1.189292183120813e-02
9.630000 1.260047899340684e-02
9.640000 1.342074961804831e-02
9.650000 1.434090465145664e-02
9.660000 1.534612265126492e-02
9.670000 1.641959964577034e-02
9.680000 1.754255899328927e-02
9.690000 1.869426124151239e-02
9.700000 1.985201398685972e-02
9.710000 2.099118173383574e-02
9.720000 2.208520767653736e-02
9.730000 2.310594545613655e-02
9.740000 2.402477778045249e-02
9.750000 2.481404501949843e-02
9.760000 2.544848572318146e-02
9.770000 2.590667713900211e-02
9.780000 2.617247572975424e-02
9.790000 2.623645769122466e-02
9.800000 2.609735946989283e-02
9.810000 2.576351828063067e-02
9.820000 2.525428130404821e-02
9.830000 2.460060055463403e-02
9.840000 2.384356060552870e-02
9.850000 2.303209198409300e-02
9.860000 2.222065324712200e-02
9.870000 2.146691305605919e-02
9.880000 2.082943225221068e-02
9.890000 2.036534593195925e-02
9.900000 2.012804552197851e-02
9.910000 2.016486085444707e-02
9.920000 2.051475741009405e-02
9.930000 2.120642792486211e-02
9.940000 2.225738507344530e-02
9.950000 2.367344851644440e-02
9.960000 2.544824711535375e-02
9.970000 2.756272114754793e-02
9.980000 2.998462452126858e-02
9.990000 3.266802699061113e-02
10.000000 3.555281637051158e-02
10.010000 3.856420075173331e-02
10.020000 4.161225962573657e-02
10.030000 4.459276666650098e-02
10.040000 4.739124056461319e-02
10.050000 4.988826751830737e-02
10.060000 5.196487263438861e-02
10.070000 5.350789132915632e-02
10.080000 5.441534072932760e-02
10.090000 5.460179107296066e-02
10.100000 5.400373711037798e-02
10.110000 5.258496950509002e-02
10.120000 5.034185326199705e-02
10.130000 4.730618886483730e-02
10.140000 4.354193721402830e-02
10.150000 3.913952727375435e-02
10.160000 3.421007074633249e-02
10.170000 2.887957674657842e-02
10.180000 2.328316647617265e-02
10.190000 1.755928789802636e-02
10.200000 1.184393041064751e-02
10.210000 6.264839522506786e-03
10.220000 9.357893003300160e-04
10.230000 -4.047643060523421e-03
10.240000 -8.608489586540660e-03
10.250000 -1.268730175444932e-02
10.260000 -1.624100294568506e-02
10.270000 -1.924174090085922e-02
10.280000 -2.167574017422627e-02
10.290000 -2.354215458815156e-02
10.300000 -2.485191968757873e-02
10.310000 -2.562660519449743e-02
10.320000 -2.589726236660441e-02
10.330000 -2.570313886500011e-02
10.340000 -2.509005729866668e-02
10.350000 -2.410866127798132e-02
10.360000 -2.281265637242327e-02
10.370000 -2.125705106828074e-02
10.380000 -1.949639772635792e-02
10.390000 -1.758303353968194e-02
10.400000 -1.556532149120986e-02
10.410000 -1.348589131153561e-02
10.420000 -1.137990718356064e-02
10.430000 -9.274030868219938e-03
10.440000 -7.187150129810096e-03
10.450000 -5.131802582372800e-03
10.460000 -3.115626283041974e-03
10.470000 -1.142810325390927e-03
10.480000 7.844545672204864e-04
10.490000 2.664525448298736e-03
10.500000 4.494856554869447e-03
10.510000 6.270548714130268e-03
10.520000 7.982921542838233e-03
10.530000 9.618678257794850e-03
10.540000 1.116057480680997e-02
10.550000 1.258868161076338e-02
10.560000 1.388166809840095e-02
10.570000 1.501808724113079e-02
10.580000 1.597766008781932e-02
10.590000 1.674256029958745e-02
10.600000 1.729869868460669e-02
10.610000 1.763700773289532e-02
10.620000 1.775470554829579e-02
10.630000 1.765602410716684e-02
10.640000 1.735157773104328e-02
10.650000 1.685719588601036e-02
10.660000 1.619273537925956e-02
10.670000 1.538089255564422e-02
10.680000 1.444601549423530e-02
10.690000 1.341291620487707e-02
10.700000 1.230568282474285e-02
10.710000 1.114649181489070e-02
10.720000 9.954438373450935e-03
10.730000 8.744840481240133e-03
10.740000 7.529745245073279e-03
10.750000 6.318908873502446e-03
10.760000 5.120794869187258e-03
10.770000 3.943572221265354e-03
10.780000 2.796113597722861e-03
10.790000 1.688993537764863e-03
10.800000 6.354866441858619e-04
10.810000 -3.474342242597447e-04
10.820000 -1.238122448946011e-03
10.830000 -2.009872047392805e-03
10.840000 -2.632029507564598e-03
10.850000 -3.071695522098294e-03
10.860000 -3.295449410989896e-03
10.870000 -3.271073544281152e-03
10.880000 -2.969277764746197e-03
10.890000 -2.365423810578226e-03
10.900000 -1.441249738076127e-03
10.910000 -1.865943443311394e-04
10.920000 1.398902109033264e-03
10.930000 3.304713344737677e-03
10.940000 5.509906649210276e-03
10.950000 7.984238624566565e-03
10.960000 1.068927463953586e-02
10.970000 1.357950828038783e-02
10.980000 1.660348080185896e-02
10.990000 1.970490057807912e-02
11.000000 2.282376255349797e-02
11.010000 2.589746769381158e-02
11.020000 2.886194779889802e-02
11.030000 3.165292972799040e-02
11.040000 3.420755351745276e-02
11.050000 3.646612991079324e-02
11.060000 3.837390325068653e-02
11.070000 3.988281437099628e-02
11.080000 4.095326348879739e-02
11.090000 4.155587309639856e-02
11.100000 4.167325085336444e-02
11.110000 4.130175247853830e-02
11.120000 4.045320552566291e-02
11.130000 3.915561613256713e-02
11.140000 3.745129408786498e-02
11.150000 3.539396087121995e-02
11.160000 3.304581857720815e-02
11.170000 3.047461883918149e-02
11.180000 2.775073175313052e-02
11.190000 2.494421480154784e-02
11.200000 2.212188177729097e-02
11.210000 1.934437170744558e-02
11.220000 1.666325273240619e-02
11.230000 1.411903482061840e-02
11.240000 1.174148952769171e-02
11.250000 9.550878591173833e-03
11.260000 7.559217480542694e-03
11.270000 5.771538947198381e-03
11.280000 4.187156574455161e-03
11.290000 2.800928327533454e-03
11.300000 1.604520103551831e-03
11.310000 5.876692815189994e-04
11.320000 -2.605645809938882e-04
11.330000 -9.508832374926395e-04
11.340000 -1.493681561298415e-03
11.350000 -1.899313540597857e-03
11.360000 -2.178371126812899e-03
11.370000 -2.341963082970570e-03
11.380000 -2.401993832072810e-03
11.390000 -2.371442305466273e-03
11.400000 -2.264640791212142e-03
11.410000 -2.097553782455934e-03
11.420000 -1.888047214984322e-03
11.430000 -1.655907823644388e-03
11.440000 -1.422228185105880e-03
11.450000 -1.208541879485901e-03
11.460000 -1.035949041160594e-03
11.470000 -9.242419095768334e-04
11.480000 -8.910303800639107e-04
11.490000 -9.508675546452320e-04
11.500000 -1.114375292850003e-03
11.510000 -1.387369762524918e-03
11.520000 -1.770001692168328e-03
11.530000 -2.256278862848573e-03
11.540000 -2.834558900605306e-03
11.550000 -3.488424308435011e-03
11.560000 -4.197572199799000e-03
11.570000 -4.938704032131401e-03
11.580000 -5.686415340347159e-03
11.590000 -6.414085470350027e-03
11.600000 -7.094767312540548e-03
11.610000 -7.702077035324072e-03
11.620000 -8.211085238346320e-03
11.630000 -8.599245018646466e-03
11.640000 -8.847413738831434e-03
11.650000 -8.940911708167736e-03
11.660000 -8.870582283400839e-03
11.670000 -8.633851969574580e-03
11.680000 -8.235790520850552e-03
11.690000 -7.690171041327506e-03
11.700000 -7.020530085860736e-03
11.710000 -6.261227760881495e-03
11.720000 -5.458462635356304e-03
11.730000 -4.670111715384471e-03
11.740000 -3.962587888030874e-03
11.750000 -3.406522428796877e-03
11.760000 -3.072402319231156e-03
11.770000 -3.026207564540521e-03
11.780000 -3.325048511200756e-03
11.790000 -4.012803164567450e-03
11.800000 -5.115754506486807e-03
11.810000 -6.638227812906503e-03
11.820000 -8.558313987531700e-03
11.830000 -1.082582931265663e-02
11.840000 -1.336595225898034e-02
11.850000 -1.608509671259809e-02
11.860000 -1.887687121803800e-02
11.870000 -2.162803822129770e-02
11.880000 -2.422447331288093e-02
11.890000 -2.655712447083419e-02
11.900000 -2.852797130378338e-02
11.910000 -3.005598429397040e-02
11.920000 -3.108300195920180e-02
11.930000 -3.157747390650824e-02
11.940000 -3.153278653399313e-02
11.950000 -3.096345462439199e-02
11.960000 -2.990123085754390e-02
11.970000 -2.839121532286270e-02
11.980000 -2.648796503180848e-02
11.990000 -2.425160343035883e-02
12.000000 -2.174392991148022e-02
12.010000 -1.902452932759938e-02
12.020000 -1.614692761745586e-02
12.030000 -1.315594640686695e-02
12.040000 -1.008810115865481e-02
12.050000 -6.973198296485985e-03
12.060000 -3.835978443092145e-03
12.070000 -6.977596584908903e-04
12.080000 2.421919321793520e-03
12.090000 5.503655848509384e-03
12.100000 8.526540120456786e-03
12.110000 1.146651194626685e-02
12.120000 1.429474735063432e-02
12.130000 1.697682113633769e-02
12.140000 1.947383918018154e-02
12.150000 2.174434668472644e-02
12.160000 2.374626627447225e-02
12.170000 2.543883609204135e-02
12.180000 2.678454789436195e-02
12.190000 2.775108514885141e-02
12.200000 2.831326112959941e-02
12.210000 2.845495701355131e-02
12.220000 2.817103448167265e-02
12.230000 2.746858544962622e-02
12.240000 2.636649912721153e-02
12.250000 2.489436620731688e-02
12.260000 2.309135755985258e-02
12.270000 2.100510292568422e-02
12.280000 1.869056961056587e-02
12.290000 1.620894117907343e-02
12.300000 1.362649614853778e-02
12.310000 1.101348668297809e-02
12.320000 8.443009047582025e-03
12.330000 5.989659837407292e-03
12.340000 3.727648402183336e-03
12.350000 1.728695045334362e-03
12.360000 5.992098354931662e-05
12.370000 -1.218261693648132e-03
12.380000 -2.054260064329620e-03
12.390000 -2.407410414592089e-03
12.400000 -2.250088278987825e-03
12.410000 -1.569818480954461e-03
12.420000 -3.718848471635570e-04
12.430000 1.305068556248026e-03
12.440000 3.340457708820049e-03
12.450000 5.470187399027202e-03
12.460000 7.224580313618760e-03
12.470000 7.866306126958255e-03
12.480000 6.328310590363147e-03
12.490000 1.151744621444484e-03
12.500000 -9.576106606553423e-03
12.510000 -2.828389457541335e-02
