short_range 0 0.0
bond 1 0.001
1 2
1.920 2.246
111.57882999999993
108.43752999999992
103.41144999999983
100.27014999999983
98.38536999999997
97.12884999999983
96.50058999999987
95.87232999999992
95.24406999999997
94.61581000000001
93.98754999999983
93.35928999999987
92.73102999999992
92.10276999999996
91.47450999999978
90.84624999999983
90.2179900000001
89.58972999999992
88.96146999999996
88.33321000000001
87.70495000000005
87.07668999999987
86.44842999999992
85.82016999999996
85.19191000000001
84.56364999999983
83.9353900000001
83.30712999999992
82.67886999999996
82.05061
81.42235000000005
80.79408999999987
80.16582999999991
79.53756999999996
78.90931
78.28104999999982
77.6527900000001
77.02452999999991
76.39626999999996
75.76801
75.13975000000005
74.51148999999987
73.88322999999991
73.25496999999996
72.62671
71.99844999999982
71.37018999999987
70.74192999999991
70.11366999999996
69.48541
68.85715000000005
68.22888999999986
67.60062999999991
66.97236999999996
66.34411
65.71584999999982
65.08758999999986
64.45932999999991
63.831069999999954
63.20281
62.574550000000045
61.94628999999986
61.31802999999991
60.68976999999995
60.06151
59.433249999999816
58.80498999999986
58.17672999999991
57.54846999999995
56.92021
56.29195000000004
55.66368999999986
55.035429999999906
54.40716999999995
53.778909999999996
53.150649999999814
52.52238999999986
51.894129999999905
51.26586999999972
50.637609999999995
50.00935000000004
49.381090000000086
48.7528299999999
48.12456999999995
47.496309999999994
46.86805000000004
46.23978999999986
45.6115299999999
44.98326999999995
44.35500999999999
43.72674999999981
43.098489999999856
42.4702299999999
41.84196999999995
41.213709999999764
40.58544999999981
39.957189999999855
39.32893000000013
38.70066999999972
38.07240999999999
37.444150000000036
36.81589000000008
36.1876299999999
35.559369999999944
34.93110999999999
34.302850000000035
33.67458999999985
33.0463299999999
32.41806999999994
31.78980999999999
31.161549999999806
30.53328999999985
29.905029999999897
29.276769999999942
28.64850999999976
28.020249999999805
27.39198999999985
26.763730000000123
26.135469999999714
25.50720999999976
24.87895000000003
24.250690000000077
23.622429999999895
22.99416999999994
22.365909999999985
21.73765000000003
21.10938999999985
20.481129999999894
19.85286999999994
19.224609999999984
18.596349999999802
17.968089999999847
17.339829999999893
16.711569999999938
16.083309999999756
15.455049999999801
14.826789999999846
14.198529999999892
13.57026999999971
12.942009999999755
12.313750000000027
11.685490000000073
11.057230000000118
10.428969999999936
9.800709999999981
9.172450000000026
8.544190000000071
7.915929999999889
7.287669999999935
6.65940999999998
6.031150000000025
5.402889999999843
4.774629999999888
4.1463699999999335
3.5181099999999788
2.8898499999997966
2.261589999999842
1.6333299999998871
1.0050700000001598
0.3768099999997503
-0.2514499999999771
-0.8797099999999318
-1.5079699999998866
-2.1362300000000687
-2.7644900000000234
-3.392749999999978
-4.021009999999933
-4.649270000000115
-5.27753000000007
-5.9057900000000245
-6.534049999999979
-7.162310000000161
-7.790570000000116
-8.41883000000007
-9.047090000000026
-9.675350000000208
-10.303610000000162
-10.931870000000117
-11.560129999999845
-12.188390000000254
-12.816649999999981
-13.444909999999936
-14.073169999999891
-14.701430000000073
-15.329690000000028
-15.957949999999983
-16.586209999999937
-17.21447000000012
-17.842730000000074
-18.47099000000003
-19.099249999999984
-19.727510000000166
-20.35577000000012
-20.984030000000075
-21.61229000000003
-22.240550000000212
-22.868810000000167
-23.49707000000012
-24.125330000000076
-24.75359000000026
-25.381850000000213
-26.01010999999994
-26.638369999999895
-27.266630000000077
-27.894890000000032
-28.523149999999987
-29.15140999999994
-29.779670000000124
-30.40793000000008
-31.036190000000033
-31.664449999999988
-32.29271000000017
-32.920970000000125
-33.54923000000008
-34.177490000000034
-34.80575000000022
-35.43401000000017
-36.062270000000126
-36.69053000000008
-37.31879000000026
-37.94705000000022
-38.575309999999945
-39.2035699999999
-39.83183000000008
-40.46009000000004
-41.08834999999999
-41.716609999999946
-42.34487000000013
-42.97313000000008
-43.60139000000004
-44.22964999999999
-44.857910000000174
-45.48617000000013
-46.114430000000084
-46.74269000000004
-47.37095000000022
-47.999210000000176
-48.62747000000013
-49.255730000000085
-49.88399000000027
-50.51225000000022
-51.14050999999995
-51.768769999999904
-52.397030000000086
-53.02529000000004
-53.653549999999996
-54.28180999999995
-54.91007000000013
-55.53833000000009
-56.16659000000004
-56.79485
-57.42311000000018
-58.051370000000134
-58.67963000000009
-59.30789000000004
-59.936150000000225
-60.56441000000018
-61.192670000000135
-61.82093000000009
-62.44919000000027
-63.077450000000226
-63.70571000000018
-64.33396999999991
-64.96223000000032
-65.59049000000005
-66.21875
-66.84700999999995
-67.47526999999991
-68.10353000000009
-68.73179000000005
-69.36005
-69.98830999999996
-70.61657000000014
-71.24483000000009
-71.87309000000005
-72.50135
-73.12961000000018
-73.75787000000014
-74.3861300000001
-75.01439000000005
-75.64265000000023
-76.27091000000019
-76.89916999999991
-77.52742999999987
-78.15569000000005
-78.78395
-79.41220999999996
-80.04046999999991
-80.6687300000001
-81.29699000000005
-81.92525
-82.55350999999996
-83.18177000000014
-83.8100300000001
-84.43829000000005
-85.06655
-85.69481000000019
-86.32307000000014
-86.9513300000001
-87.57959000000005
-88.20785000000024
-88.83611000000019
-89.46436999999992
-90.09262999999987
-90.72089000000005
-91.34915000000001
-91.97740999999996
-92.60566999999992
-93.2339300000001
-93.86219000000006
-94.49045000000001
-95.11870999999996
-95.74697000000015
-96.3752300000001
-97.00349000000006
-97.63175000000001
-98.2600100000002
-98.88827000000015
-100.14479000000006
-100.77305000000024
-101.4013100000002
-102.02956999999992
-102.65782999999988
-104.54260999999997
-105.17086999999992
-108.31217000000015
-108.9404300000001
angle 0 0.0
dihedral 0 0.0
density 0 0.0
